center_x = 149.76088928571426
center_y = 35.67298214285712
center_z = -16.094253571428574
size_x = 22
size_y = 22
size_z = 22
energy_range = 9
exhaustiveness = 32
num_modes = 10