center_x = 142.99662121212123
center_y = 21.92727272727273
center_z = -14.681356060606056
size_x = 22
size_y = 22
size_z = 22
energy_range = 9
exhaustiveness = 32
num_modes = 10