center_x = 148.24551877934246
center_y = 32.09688262910796
center_z = -15.55903990610329
size_x = 22
size_y = 22
size_z = 22
energy_range = 9
exhaustiveness = 32
num_modes = 10