center_x = 148.1342307692307
center_y = 32.62325961538459
center_z = -15.940057692307692
size_x = 22
size_y = 22
size_z = 22
energy_range = 9
exhaustiveness = 32
num_modes = 10