center_x = 142.23710981308383
center_y = 19.73009345794393
center_z = -14.092360981308376
size_x = 22
size_y = 22
size_z = 22
energy_range = 9
exhaustiveness = 32
num_modes = 10