center_x = 150.47941958041957
center_y = 36.51895804195805
center_z = -16.315576923076925
size_x = 22
size_y = 22
size_z = 22
energy_range = 9
exhaustiveness = 32
num_modes = 10