center_x = 145.24173509933777
center_y = 25.37814569536424
center_z = -15.183814569536423
size_x = 22
size_y = 22
size_z = 22
energy_range = 9
exhaustiveness = 32
num_modes = 10