center_x = 140.37325572519097
center_y = 16.36569847328244
center_z = -13.814324427480916
size_x = 22
size_y = 22
size_z = 22
energy_range = 9
exhaustiveness = 32
num_modes = 10