center_x = 142.9966212121212
center_y = 21.92727272727271
center_z = -14.681356060606063
size_x = 22
size_y = 22
size_z = 22
energy_range = 9
exhaustiveness = 32
num_modes = 10