center_x = 145.59110445205476
center_y = 26.60449657534244
center_z = -15.03258561643835
size_x = 22
size_y = 22
size_z = 22
energy_range = 9
exhaustiveness = 32
num_modes = 10