center_x = 140.16805988023944
center_y = 15.898224550898211
center_z = -13.75160479041916
size_x = 22
size_y = 22
size_z = 22
energy_range = 9
exhaustiveness = 32
num_modes = 10