center_x = 149.61395121951216
center_y = 35.39716666666668
center_z = -16.36361788617886
size_x = 22
size_y = 22
size_z = 22
energy_range = 9
exhaustiveness = 32
num_modes = 10