center_x = 150.7818489208633
center_y = 37.32770503597122
center_z = -16.349579136690647
size_x = 22
size_y = 22
size_z = 22
energy_range = 9
exhaustiveness = 32
num_modes = 10