center_x = 148.60593253968256
center_y = 33.5860515873016
center_z = -16.030904761904768
size_x = 22
size_y = 22
size_z = 22
energy_range = 9
exhaustiveness = 32
num_modes = 10