center_x = 146.67106036446478
center_y = 28.676316628701603
center_z = -15.475179954441922
size_x = 22
size_y = 22
size_z = 22
energy_range = 9
exhaustiveness = 32
num_modes = 10