center_x = 149.468608
center_y = 35.208535999999974
center_z = -15.9667
size_x = 22
size_y = 22
size_z = 22
energy_range = 9
exhaustiveness = 32
num_modes = 10