center_x = -9.546602564102567
center_y = 19.749602564102563
center_z = 199.6001282051282
size_x = 22
size_y = 22
size_z = 22
energy_range = 9
exhaustiveness = 32
num_modes = 10