center_x = 19.14555555555556
center_y = 15.316761904761906
center_z = 214.07366666666672
size_x = 22
size_y = 22
size_z = 22
energy_range = 9
exhaustiveness = 32
num_modes = 10