center_x = 8.91136842105263
center_y = 24.020008771929827
center_z = 219.7303421052632
size_x = 22
size_y = 22
size_z = 22
energy_range = 9
exhaustiveness = 32
num_modes = 10