center_x = -3.721151515151514
center_y = 27.770957575757578
center_z = 208.46573333333336
size_x = 22
size_y = 22
size_z = 22
energy_range = 9
exhaustiveness = 32
num_modes = 10