center_x = 11.953543859649129
center_y = 11.526342105263156
center_z = 202.649596491228
size_x = 22
size_y = 22
size_z = 22
energy_range = 9
exhaustiveness = 32
num_modes = 10