center_x = 5.760445497630322
center_y = 13.375253554502375
center_z = 220.733028436019
size_x = 22
size_y = 22
size_z = 22
energy_range = 9
exhaustiveness = 32
num_modes = 10