center_x = 2.9612843137254874
center_y = 6.365323529411764
center_z = 207.3178333333334
size_x = 22
size_y = 22
size_z = 22
energy_range = 9
exhaustiveness = 32
num_modes = 10