center_x = 18.18976190476189
center_y = 7.782414965986393
center_z = 214.76899999999995
size_x = 22
size_y = 22
size_z = 22
energy_range = 9
exhaustiveness = 32
num_modes = 10