center_x = -13.084027027027028
center_y = 26.10816216216216
center_z = 211.1362027027027
size_x = 22
size_y = 22
size_z = 22
energy_range = 9
exhaustiveness = 32
num_modes = 10