center_x = 5.057262711864406
center_y = 21.904135593220342
center_z = 230.91449152542376
size_x = 22
size_y = 22
size_z = 22
energy_range = 9
exhaustiveness = 32
num_modes = 10