center_x = -8.500787234042557
center_y = 6.505851063829786
center_z = 234.67668085106376
size_x = 22
size_y = 22
size_z = 22
energy_range = 9
exhaustiveness = 32
num_modes = 10