center_x = -9.012088709677416
center_y = 20.228862903225806
center_z = 217.36031451612916
size_x = 22
size_y = 22
size_z = 22
energy_range = 9
exhaustiveness = 32
num_modes = 10