center_x = -3.568891598915985
center_y = -0.6407750677506776
center_z = 14.34741192411925
size_x = 22
size_y = 22
size_z = 22
energy_range = 9
exhaustiveness = 32
num_modes = 10