center_x = -11.819244094488177
center_y = -1.7523630796150476
center_z = 19.63148031496064
size_x = 22
size_y = 22
size_z = 22
energy_range = 9
exhaustiveness = 32
num_modes = 10