center_x = -5.019910355486863
center_y = -1.2634003091190145
center_z = 19.506131375579603
size_x = 22
size_y = 22
size_z = 22
energy_range = 9
exhaustiveness = 32
num_modes = 10