center_x = -0.7733431952662723
center_y = 0.2377869822485197
center_z = 14.687183431952654
size_x = 22
size_y = 22
size_z = 22
energy_range = 9
exhaustiveness = 32
num_modes = 10