center_x = -13.69284701492537
center_y = -4.961865671641796
center_z = 22.150888059701494
size_x = 22
size_y = 22
size_z = 22
energy_range = 9
exhaustiveness = 32
num_modes = 10