center_x = -4.360981937602631
center_y = -1.1082036124794747
center_z = 18.90569786535302
size_x = 22
size_y = 22
size_z = 22
energy_range = 9
exhaustiveness = 32
num_modes = 10