center_x = -13.73803603603604
center_y = -5.932324324324327
center_z = 22.78903603603603
size_x = 22
size_y = 22
size_z = 22
energy_range = 9
exhaustiveness = 32
num_modes = 10