center_x = -3.0685989974937296
center_y = -0.5026967418546355
center_z = 14.820115288220553
size_x = 22
size_y = 22
size_z = 22
energy_range = 9
exhaustiveness = 32
num_modes = 10