center_x = 1.155744807121661
center_y = 0.7289228486646883
center_z = 13.558261127596436
size_x = 22
size_y = 22
size_z = 22
energy_range = 9
exhaustiveness = 32
num_modes = 10