center_x = -6.077635458167326
center_y = -0.3318685258964148
center_z = 16.71618525896413
size_x = 22
size_y = 22
size_z = 22
energy_range = 9
exhaustiveness = 32
num_modes = 10