center_x = 8.88786
center_y = 3.7588566666666687
center_z = 4.07872333333333
size_x = 22
size_y = 22
size_z = 22
energy_range = 9
exhaustiveness = 32
num_modes = 10