center_x = -20.97052066115704
center_y = -4.399471074380164
center_z = 28.09795661157024
size_x = 22
size_y = 22
size_z = 22
energy_range = 9
exhaustiveness = 32
num_modes = 10