center_x = -23.052951219512188
center_y = -5.234243902439024
center_z = 32.32752032520325
size_x = 22
size_y = 22
size_z = 22
energy_range = 9
exhaustiveness = 32
num_modes = 10