center_x = 0.6488522727272722
center_y = 0.0238153409090907
center_z = 14.245940340909089
size_x = 22
size_y = 22
size_z = 22
energy_range = 9
exhaustiveness = 32
num_modes = 10