center_x = 11.99030303030303
center_y = 1.0068030303030304
center_z = -0.5538989898989902
size_x = 22
size_y = 22
size_z = 22
energy_range = 9
exhaustiveness = 32
num_modes = 10