center_x = 4.5479748322147655
center_y = 2.2137516778523487
center_z = 7.013332214765096
size_x = 22
size_y = 22
size_z = 22
energy_range = 9
exhaustiveness = 32
num_modes = 10