center_x = -16.218537558685455
center_y = -2.7248286384976548
center_z = 23.19264319248825
size_x = 22
size_y = 22
size_z = 22
energy_range = 9
exhaustiveness = 32
num_modes = 10