center_x = -3.5688915989159917
center_y = -0.6407750677506768
center_z = 14.34741192411924
size_x = 22
size_y = 22
size_z = 22
energy_range = 9
exhaustiveness = 32
num_modes = 10