center_x = -20.309568578553613
center_y = -4.367334164588526
center_z = 26.71943890274312
size_x = 22
size_y = 22
size_z = 22
energy_range = 9
exhaustiveness = 32
num_modes = 10