center_x = 11.005328888888885
center_y = 2.2858400000000008
center_z = 4.692013333333332
size_x = 22
size_y = 22
size_z = 22
energy_range = 9
exhaustiveness = 32
num_modes = 10