center_x = -0.1885398970398968
center_y = 1.072391248391248
center_z = 10.855086229086224
size_x = 22
size_y = 22
size_z = 22
energy_range = 9
exhaustiveness = 32
num_modes = 10