center_x = -7.999903162055341
center_y = -1.9905375494071185
center_z = 20.06882213438735
size_x = 22
size_y = 22
size_z = 22
energy_range = 9
exhaustiveness = 32
num_modes = 10