center_x = -7.181518883415443
center_y = -1.411420361247948
center_z = 17.46168308702792
size_x = 22
size_y = 22
size_z = 22
energy_range = 9
exhaustiveness = 32
num_modes = 10