center_x = -20.254268817204306
center_y = -4.609584229390684
center_z = 27.617139784946254
size_x = 22
size_y = 22
size_z = 22
energy_range = 9
exhaustiveness = 32
num_modes = 10