center_x = 0.9194982578397224
center_y = 0.8257386759581876
center_z = 12.40697212543554
size_x = 22
size_y = 22
size_z = 22
energy_range = 9
exhaustiveness = 32
num_modes = 10