center_x = 21.1596682464455
center_y = -46.296829383886255
center_z = -7.74043127962085
size_x = 22
size_y = 22
size_z = 22
energy_range = 9
exhaustiveness = 32
num_modes = 10