center_x = 23.074496183206104
center_y = -51.00416793893132
center_z = 1.6886259541984732
size_x = 22
size_y = 22
size_z = 22
energy_range = 9
exhaustiveness = 32
num_modes = 10