center_x = 46.91342187500001
center_y = -32.546570312499995
center_z = -2.890117187500001
size_x = 22
size_y = 22
size_z = 22
energy_range = 9
exhaustiveness = 32
num_modes = 10