center_x = 35.11421186440679
center_y = -51.9345
center_z = -11.071271186440685
size_x = 22
size_y = 22
size_z = 22
energy_range = 9
exhaustiveness = 32
num_modes = 10