center_x = 28.251240000000003
center_y = -43.73830399999999
center_z = -20.883423999999994
size_x = 22
size_y = 22
size_z = 22
energy_range = 9
exhaustiveness = 32
num_modes = 10