center_x = 52.31313675213676
center_y = -42.76084615384615
center_z = 10.314735042735045
size_x = 22
size_y = 22
size_z = 22
energy_range = 9
exhaustiveness = 32
num_modes = 10