center_x = 43.26809448818896
center_y = -35.38388976377956
center_z = 10.361759842519689
size_x = 22
size_y = 22
size_z = 22
energy_range = 9
exhaustiveness = 32
num_modes = 10