center_x = 57.326557251908376
center_y = -52.06622900763357
center_z = 16.58932824427481
size_x = 22
size_y = 22
size_z = 22
energy_range = 9
exhaustiveness = 32
num_modes = 10