center_x = 40.26997916666667
center_y = -20.070604166666666
center_z = 5.008145833333336
size_x = 22
size_y = 22
size_z = 22
energy_range = 9
exhaustiveness = 32
num_modes = 10