center_x = 48.60354838709676
center_y = -30.917129032258067
center_z = 0.9652473118279572
size_x = 22
size_y = 22
size_z = 22
energy_range = 9
exhaustiveness = 32
num_modes = 10