center_x = 18.419593406593407
center_y = -32.56907142857144
center_z = 11.236967032967032
size_x = 22
size_y = 22
size_z = 22
energy_range = 9
exhaustiveness = 32
num_modes = 10