center_x = 43.97525842696628
center_y = -50.67279775280899
center_z = 0.5781797752808996
size_x = 22
size_y = 22
size_z = 22
energy_range = 9
exhaustiveness = 32
num_modes = 10