center_x = 54.612080000000006
center_y = -60.65903
center_z = 13.137019999999993
size_x = 22
size_y = 22
size_z = 22
energy_range = 9
exhaustiveness = 32
num_modes = 10