center_x = 37.23273880597015
center_y = -51.98617910447761
center_z = 6.104126865671641
size_x = 22
size_y = 22
size_z = 22
energy_range = 9
exhaustiveness = 32
num_modes = 10