center_x = 19.08072321428573
center_y = -43.04788392857142
center_z = 13.872473214285716
size_x = 22
size_y = 22
size_z = 22
energy_range = 9
exhaustiveness = 32
num_modes = 10