center_x = 46.55353543307086
center_y = -20.65373228346457
center_z = -15.861574803149608
size_x = 22
size_y = 22
size_z = 22
energy_range = 9
exhaustiveness = 32
num_modes = 10