center_x = 43.21196
center_y = -18.72891
center_z = -5.073600000000002
size_x = 22
size_y = 22
size_z = 22
energy_range = 9
exhaustiveness = 32
num_modes = 10