center_x = 41.62054545454544
center_y = -27.38141558441558
center_z = -25.58016883116882
size_x = 22
size_y = 22
size_z = 22
energy_range = 9
exhaustiveness = 32
num_modes = 10