center_x = 56.73394642857143
center_y = -47.23197321428571
center_z = 5.433232142857146
size_x = 22
size_y = 22
size_z = 22
energy_range = 9
exhaustiveness = 32
num_modes = 10