center_x = 34.74340769230769
center_y = -40.23169999999999
center_z = 28.112846153846142
size_x = 22
size_y = 22
size_z = 22
energy_range = 9
exhaustiveness = 32
num_modes = 10