center_x = 26.873061855670095
center_y = -20.566226804123698
center_z = 1.317845360824743
size_x = 22
size_y = 22
size_z = 22
energy_range = 9
exhaustiveness = 32
num_modes = 10