center_x = 43.01867647058825
center_y = -38.52517647058821
center_z = -5.053022058823529
size_x = 22
size_y = 22
size_z = 22
energy_range = 9
exhaustiveness = 32
num_modes = 10