center_x = 40.01710256410261
center_y = -43.05442735042737
center_z = -14.034196581196587
size_x = 22
size_y = 22
size_z = 22
energy_range = 9
exhaustiveness = 32
num_modes = 10