center_x = -12.539905982905989
center_y = 13.696034188034186
center_z = 11.062726495726494
size_x = 22
size_y = 22
size_z = 22
energy_range = 9
exhaustiveness = 32
num_modes = 10