center_x = 5.720206185567011
center_y = 22.64044329896908
center_z = 35.27349484536082
size_x = 22
size_y = 22
size_z = 22
energy_range = 9
exhaustiveness = 32
num_modes = 10