center_x = 11.98254385964912
center_y = 11.513307017543855
center_z = 6.985631578947368
size_x = 22
size_y = 22
size_z = 22
energy_range = 9
exhaustiveness = 32
num_modes = 10