center_x = 2.93848039215686
center_y = 6.320970588235294
center_z = 11.64698039215686
size_x = 22
size_y = 22
size_z = 22
energy_range = 9
exhaustiveness = 32
num_modes = 10