center_x = -12.91459574468085
center_y = 25.811836879432636
center_z = 15.623248226950349
size_x = 22
size_y = 22
size_z = 22
energy_range = 9
exhaustiveness = 32
num_modes = 10