center_x = -8.715406593406597
center_y = 20.09145054945055
center_z = 4.101945054945055
size_x = 22
size_y = 22
size_z = 22
energy_range = 9
exhaustiveness = 32
num_modes = 10