center_x = -2.5701111111111103
center_y = 28.617170940170936
center_z = 14.491914529914522
size_x = 22
size_y = 22
size_z = 22
energy_range = 9
exhaustiveness = 32
num_modes = 10