center_x = -4.848932773109244
center_y = 27.212285714285724
center_z = 9.273067226890756
size_x = 22
size_y = 22
size_z = 22
energy_range = 9
exhaustiveness = 32
num_modes = 10