center_x = 18.21646938775511
center_y = 7.802911564625855
center_z = 19.154272108843536
size_x = 22
size_y = 22
size_z = 22
energy_range = 9
exhaustiveness = 32
num_modes = 10