center_x = -8.652489795918365
center_y = 5.61620408163265
center_z = 9.954306122448976
size_x = 22
size_y = 22
size_z = 22
energy_range = 9
exhaustiveness = 32
num_modes = 10