center_x = 14.501034285714292
center_y = 34.46181142857143
center_z = 55.64316571428572
size_x = 22
size_y = 22
size_z = 22
energy_range = 9
exhaustiveness = 32
num_modes = 10