center_x = 2.514891625615763
center_y = 42.40517733990148
center_z = 44.88059605911332
size_x = 22
size_y = 22
size_z = 22
energy_range = 9
exhaustiveness = 32
num_modes = 10