center_x = -9.400976000000002
center_y = 38.096407999999975
center_z = 63.815312000000006
size_x = 22
size_y = 22
size_z = 22
energy_range = 9
exhaustiveness = 32
num_modes = 10