center_x = 30.2588764044944
center_y = -18.180370786516853
center_z = 52.96873033707866
size_x = 22
size_y = 22
size_z = 22
energy_range = 9
exhaustiveness = 32
num_modes = 10