center_x = -4.459736263736262
center_y = 36.39995604395604
center_z = 73.37835164835161
size_x = 22
size_y = 22
size_z = 22
energy_range = 9
exhaustiveness = 32
num_modes = 10