center_x = 14.869941176470585
center_y = 3.136986928104576
center_z = 42.14416993464053
size_x = 22
size_y = 22
size_z = 22
energy_range = 9
exhaustiveness = 32
num_modes = 10