center_x = 22.009180487804876
center_y = 5.641321951219514
center_z = 52.61273170731708
size_x = 22
size_y = 22
size_z = 22
energy_range = 9
exhaustiveness = 32
num_modes = 10