center_x = 30.59030232558139
center_y = 27.213558139534875
center_z = 36.40161240310077
size_x = 22
size_y = 22
size_z = 22
energy_range = 9
exhaustiveness = 32
num_modes = 10