center_x = -5.303288888888887
center_y = 56.92517777777779
center_z = 60.94154814814815
size_x = 22
size_y = 22
size_z = 22
energy_range = 9
exhaustiveness = 32
num_modes = 10