center_x = 25.42728630705394
center_y = -9.739429460580904
center_z = 40.839703319502085
size_x = 22
size_y = 22
size_z = 22
energy_range = 9
exhaustiveness = 32
num_modes = 10