center_x = 30.55649214659685
center_y = 17.89618848167539
center_z = 32.37128795811522
size_x = 22
size_y = 22
size_z = 22
energy_range = 9
exhaustiveness = 32
num_modes = 10