center_x = 26.372512027491396
center_y = -20.662642611683843
center_z = 45.630412371134014
size_x = 22
size_y = 22
size_z = 22
energy_range = 9
exhaustiveness = 32
num_modes = 10