center_x = 33.26095219123505
center_y = -3.0866613545816746
center_z = 46.214490039840655
size_x = 22
size_y = 22
size_z = 22
energy_range = 9
exhaustiveness = 32
num_modes = 10