center_x = 22.426560784313725
center_y = 26.612243137254904
center_z = 47.36996862745099
size_x = 22
size_y = 22
size_z = 22
energy_range = 9
exhaustiveness = 32
num_modes = 10