center_x = 31.692626943005184
center_y = 16.11591709844558
center_z = 47.59625906735751
size_x = 22
size_y = 22
size_z = 22
energy_range = 9
exhaustiveness = 32
num_modes = 10