center_x = 23.0250238095238
center_y = 18.803633333333337
center_z = 53.108561904761885
size_x = 22
size_y = 22
size_z = 22
energy_range = 9
exhaustiveness = 32
num_modes = 10