center_x = -10.718313432835828
center_y = 48.29205970149251
center_z = 71.82285074626866
size_x = 22
size_y = 22
size_z = 22
energy_range = 9
exhaustiveness = 32
num_modes = 10