center_x = 10.945878787878788
center_y = 42.14602020202018
center_z = 43.4108686868687
size_x = 22
size_y = 22
size_z = 22
energy_range = 9
exhaustiveness = 32
num_modes = 10