center_x = 26.2940193548387
center_y = 2.228496774193548
center_z = 40.64609677419354
size_x = 22
size_y = 22
size_z = 22
energy_range = 9
exhaustiveness = 32
num_modes = 10