center_x = 3.8317605042016782
center_y = 56.19624369747897
center_z = 54.19849999999995
size_x = 22
size_y = 22
size_z = 22
energy_range = 9
exhaustiveness = 32
num_modes = 10