center_x = 13.132220930232556
center_y = -12.29682558139535
center_z = 36.90167441860465
size_x = 22
size_y = 22
size_z = 22
energy_range = 9
exhaustiveness = 32
num_modes = 10