center_x = 36.195116959064336
center_y = -4.495532163742693
center_z = 32.76943859649121
size_x = 22
size_y = 22
size_z = 22
energy_range = 9
exhaustiveness = 32
num_modes = 10