center_x = 15.39773983739837
center_y = 53.98955284552844
center_z = 56.345000000000006
size_x = 22
size_y = 22
size_z = 22
energy_range = 9
exhaustiveness = 32
num_modes = 10