center_x = 12.219872222222223
center_y = 14.677733333333329
center_z = 50.15178333333331
size_x = 22
size_y = 22
size_z = 22
energy_range = 9
exhaustiveness = 32
num_modes = 10