center_x = 18.313056074766344
center_y = 31.051579439252336
center_z = 58.90060747663552
size_x = 22
size_y = 22
size_z = 22
energy_range = 9
exhaustiveness = 32
num_modes = 10