center_x = 6.84361976047904
center_y = 30.78166467065869
center_z = 52.390437125748456
size_x = 22
size_y = 22
size_z = 22
energy_range = 9
exhaustiveness = 32
num_modes = 10