center_x = 8.326925110132155
center_y = 35.14198678414096
center_z = 60.77839207048457
size_x = 22
size_y = 22
size_z = 22
energy_range = 9
exhaustiveness = 32
num_modes = 10