center_x = -11.622118421052631
center_y = 45.487815789473686
center_z = 65.76568421052636
size_x = 22
size_y = 22
size_z = 22
energy_range = 9
exhaustiveness = 32
num_modes = 10