center_x = -5.8767176470588245
center_y = 36.01643529411764
center_z = 60.38935882352941
size_x = 22
size_y = 22
size_z = 22
energy_range = 9
exhaustiveness = 32
num_modes = 10