center_x = 28.114518518518533
center_y = 16.20698765432098
center_z = 58.835
size_x = 22
size_y = 22
size_z = 22
energy_range = 9
exhaustiveness = 32
num_modes = 10