center_x = 17.044071428571428
center_y = 30.994250000000005
center_z = 47.66730952380952
size_x = 22
size_y = 22
size_z = 22
energy_range = 9
exhaustiveness = 32
num_modes = 10