center_x = 19.17842156862745
center_y = -19.790235294117647
center_z = 33.946931372549024
size_x = 22
size_y = 22
size_z = 22
energy_range = 9
exhaustiveness = 32
num_modes = 10