center_x = 32.129236559139784
center_y = -15.35924731182796
center_z = 27.15976344086021
size_x = 22
size_y = 22
size_z = 22
energy_range = 9
exhaustiveness = 32
num_modes = 10