center_x = 12.72816129032258
center_y = 11.432266129032264
center_z = 41.15087903225807
size_x = 22
size_y = 22
size_z = 22
energy_range = 9
exhaustiveness = 32
num_modes = 10