center_x = 10.939359116022102
center_y = 29.22137569060772
center_z = 47.78546961325968
size_x = 22
size_y = 22
size_z = 22
energy_range = 9
exhaustiveness = 32
num_modes = 10