center_x = -12.958685990338168
center_y = -18.202739130434782
center_z = -18.03613043478261
size_x = 22
size_y = 22
size_z = 22
energy_range = 9
exhaustiveness = 32
num_modes = 10