center_x = 3.955652777777775
center_y = -0.480916666666667
center_z = -8.748916666666663
size_x = 22
size_y = 22
size_z = 22
energy_range = 9
exhaustiveness = 32
num_modes = 10