center_x = -31.068839506172846
center_y = 10.841518518518516
center_z = -13.400753086419751
size_x = 22
size_y = 22
size_z = 22
energy_range = 9
exhaustiveness = 32
num_modes = 10