center_x = -27.966993150684942
center_y = -3.901363013698632
center_z = -21.177219178082183
size_x = 22
size_y = 22
size_z = 22
energy_range = 9
exhaustiveness = 32
num_modes = 10