center_x = -4.43552032520325
center_y = 17.99704065040651
center_z = -2.157658536585365
size_x = 22
size_y = 22
size_z = 22
energy_range = 9
exhaustiveness = 32
num_modes = 10