center_x = -10.931020000000004
center_y = -1.38578
center_z = -8.534979999999996
size_x = 22
size_y = 22
size_z = 22
energy_range = 9
exhaustiveness = 32
num_modes = 10