center_x = -0.7745059880239534
center_y = 12.580886227544909
center_z = -11.187221556886229
size_x = 22
size_y = 22
size_z = 22
energy_range = 9
exhaustiveness = 32
num_modes = 10