center_x = -5.311521739130436
center_y = 18.68176521739131
center_z = -19.62274782608696
size_x = 22
size_y = 22
size_z = 22
energy_range = 9
exhaustiveness = 32
num_modes = 10