center_x = -29.853813664596267
center_y = -4.577757763975154
center_z = -15.38764596273292
size_x = 22
size_y = 22
size_z = 22
energy_range = 9
exhaustiveness = 32
num_modes = 10