center_x = -12.072569767441866
center_y = 17.956069767441853
center_z = -25.46547674418604
size_x = 22
size_y = 22
size_z = 22
energy_range = 9
exhaustiveness = 32
num_modes = 10