center_x = -21.9183358778626
center_y = 3.562916030534353
center_z = -7.250549618320608
size_x = 22
size_y = 22
size_z = 22
energy_range = 9
exhaustiveness = 32
num_modes = 10