center_x = -23.00785401459854
center_y = -11.769445255474452
center_z = -8.868839416058396
size_x = 22
size_y = 22
size_z = 22
energy_range = 9
exhaustiveness = 32
num_modes = 10