center_x = -7.069328703703705
center_y = 2.652217592592592
center_z = -21.45071296296296
size_x = 22
size_y = 22
size_z = 22
energy_range = 9
exhaustiveness = 32
num_modes = 10