center_x = -8.327060975609754
center_y = 22.235115853658545
center_z = -7.436134146341467
size_x = 22
size_y = 22
size_z = 22
energy_range = 9
exhaustiveness = 32
num_modes = 10