center_x = -26.26573333333332
center_y = -9.138377777777777
center_z = 31.43788888888888
size_x = 22
size_y = 22
size_z = 22
energy_range = 9
exhaustiveness = 32
num_modes = 10