center_x = -29.13498019801981
center_y = -21.54348514851485
center_z = 34.02657425742576
size_x = 22
size_y = 22
size_z = 22
energy_range = 9
exhaustiveness = 32
num_modes = 10