center_x = -22.23231067961165
center_y = -26.379485436893205
center_z = 37.2091941747573
size_x = 22
size_y = 22
size_z = 22
energy_range = 9
exhaustiveness = 32
num_modes = 10