center_x = 17.488866666666674
center_y = -28.625426666666677
center_z = 27.27694
size_x = 22
size_y = 22
size_z = 22
energy_range = 9
exhaustiveness = 32
num_modes = 10