center_x = -6.481872180451128
center_y = -11.397511278195482
center_z = 20.753097744360907
size_x = 22
size_y = 22
size_z = 22
energy_range = 9
exhaustiveness = 32
num_modes = 10