center_x = -20.91543243243243
center_y = -2.2420945945945947
center_z = 41.67287837837837
size_x = 22
size_y = 22
size_z = 22
energy_range = 9
exhaustiveness = 32
num_modes = 10