center_x = 1.8732466367713003
center_y = -25.43877578475336
center_z = 14.109542600896871
size_x = 22
size_y = 22
size_z = 22
energy_range = 9
exhaustiveness = 32
num_modes = 10