center_x = -3.835623509369673
center_y = -19.893017035775124
center_z = 35.58922487223168
size_x = 22
size_y = 22
size_z = 22
energy_range = 9
exhaustiveness = 32
num_modes = 10