center_x = -3.825440298507461
center_y = -35.072425373134344
center_z = 42.082089552238806
size_x = 22
size_y = 22
size_z = 22
energy_range = 9
exhaustiveness = 32
num_modes = 10