center_x = -4.043166666666667
center_y = -9.180149999999998
center_z = 42.75088333333333
size_x = 22
size_y = 22
size_z = 22
energy_range = 9
exhaustiveness = 32
num_modes = 10