center_x = 6.643651898734181
center_y = -30.571037974683545
center_z = 8.752518987341771
size_x = 22
size_y = 22
size_z = 22
energy_range = 9
exhaustiveness = 32
num_modes = 10