center_x = 8.811984042553194
center_y = -34.45132978723403
center_z = 38.60185106382979
size_x = 22
size_y = 22
size_z = 22
energy_range = 9
exhaustiveness = 32
num_modes = 10