center_x = 8.480155963302753
center_y = -16.042724770642202
center_z = 14.242633027522936
size_x = 22
size_y = 22
size_z = 22
energy_range = 9
exhaustiveness = 32
num_modes = 10