center_x = -15.88820805369128
center_y = -15.029993288590608
center_z = 19.857214765100665
size_x = 22
size_y = 22
size_z = 22
energy_range = 9
exhaustiveness = 32
num_modes = 10