center_x = -0.4648230769230766
center_y = -20.362930769230765
center_z = 21.204023076923075
size_x = 22
size_y = 22
size_z = 22
energy_range = 9
exhaustiveness = 32
num_modes = 10