center_x = 6.666123809523806
center_y = -35.65387142857143
center_z = 28.41942857142857
size_x = 22
size_y = 22
size_z = 22
energy_range = 9
exhaustiveness = 32
num_modes = 10