center_x = -0.0916632653061223
center_y = -12.133306122448976
center_z = 39.791
size_x = 22
size_y = 22
size_z = 22
energy_range = 9
exhaustiveness = 32
num_modes = 10