center_x = 6.718413043478258
center_y = -44.07318115942029
center_z = 30.608891304347807
size_x = 22
size_y = 22
size_z = 22
energy_range = 9
exhaustiveness = 32
num_modes = 10