center_x = -25.71213868613137
center_y = -17.30429927007298
center_z = 24.74884671532846
size_x = 22
size_y = 22
size_z = 22
energy_range = 9
exhaustiveness = 32
num_modes = 10