center_x = -9.40156390977444
center_y = -11.152330827067669
center_z = 46.11208270676691
size_x = 22
size_y = 22
size_z = 22
energy_range = 9
exhaustiveness = 32
num_modes = 10