center_x = -15.530232323232324
center_y = -39.7770202020202
center_z = 32.004525252525255
size_x = 22
size_y = 22
size_z = 22
energy_range = 9
exhaustiveness = 32
num_modes = 10