center_x = -23.903916030534344
center_y = -17.445435114503812
center_z = 30.75358015267176
size_x = 22
size_y = 22
size_z = 22
energy_range = 9
exhaustiveness = 32
num_modes = 10