center_x = 2.9204503816793888
center_y = -38.5032061068702
center_z = 15.976770992366417
size_x = 22
size_y = 22
size_z = 22
energy_range = 9
exhaustiveness = 32
num_modes = 10