center_x = -6.963661157024792
center_y = -3.290793388429751
center_z = 37.91664462809917
size_x = 22
size_y = 22
size_z = 22
energy_range = 9
exhaustiveness = 32
num_modes = 10