center_x = -17.971149999999998
center_y = -7.766512500000002
center_z = 49.453100000000006
size_x = 22
size_y = 22
size_z = 22
energy_range = 9
exhaustiveness = 32
num_modes = 10