center_x = 20.71061029411765
center_y = -27.412139705882357
center_z = 20.22325
size_x = 22
size_y = 22
size_z = 22
energy_range = 9
exhaustiveness = 32
num_modes = 10