center_x = -19.695196969696955
center_y = 15.459075757575746
center_z = -21.0868393939394
size_x = 22
size_y = 22
size_z = 22
energy_range = 9
exhaustiveness = 32
num_modes = 10