center_x = -11.297442424242414
center_y = 11.86978484848485
center_z = -13.720003030303037
size_x = 22
size_y = 22
size_z = 22
energy_range = 9
exhaustiveness = 32
num_modes = 10