center_x = -11.46179189686925
center_y = 11.789086556169432
center_z = -13.718828729281784
size_x = 22
size_y = 22
size_z = 22
energy_range = 9
exhaustiveness = 32
num_modes = 10