center_x = -23.69932294617563
center_y = 16.715903682719546
center_z = -24.935478753541084
size_x = 22
size_y = 22
size_z = 22
energy_range = 9
exhaustiveness = 32
num_modes = 10