center_x = -15.389219512195124
center_y = 13.497304878048777
center_z = -17.352016260162593
size_x = 22
size_y = 22
size_z = 22
energy_range = 9
exhaustiveness = 32
num_modes = 10