center_x = -12.945879365079351
center_y = 12.705657142857143
center_z = -15.236028571428564
size_x = 22
size_y = 22
size_z = 22
energy_range = 9
exhaustiveness = 32
num_modes = 10