center_x = -13.68191463414635
center_y = 12.83281707317074
center_z = -15.829329268292677
size_x = 22
size_y = 22
size_z = 22
energy_range = 9
exhaustiveness = 32
num_modes = 10