center_x = -10.548155279503112
center_y = 11.52000621118012
center_z = -12.988130434782606
size_x = 22
size_y = 22
size_z = 22
energy_range = 9
exhaustiveness = 32
num_modes = 10