center_x = -25.299811594202875
center_y = 15.801753623188404
center_z = -25.579198067632856
size_x = 22
size_y = 22
size_z = 22
energy_range = 9
exhaustiveness = 32
num_modes = 10