center_x = -20.511879629629632
center_y = 15.854199074074078
center_z = -21.896546296296293
size_x = 22
size_y = 22
size_z = 22
energy_range = 9
exhaustiveness = 32
num_modes = 10