center_x = -12.13727540106952
center_y = 12.22406684491979
center_z = -14.458820855614972
size_x = 22
size_y = 22
size_z = 22
energy_range = 9
exhaustiveness = 32
num_modes = 10