center_x = -14.827517441860463
center_y = 13.240465116279074
center_z = -16.838930232558145
size_x = 22
size_y = 22
size_z = 22
energy_range = 9
exhaustiveness = 32
num_modes = 10