center_x = -13.026094017094008
center_y = 12.57799572649573
center_z = -15.37258974358974
size_x = 22
size_y = 22
size_z = 22
energy_range = 9
exhaustiveness = 32
num_modes = 10