center_x = -17.10296183953033
center_y = 14.254567514677085
center_z = -18.91592074363992
size_x = 22
size_y = 22
size_z = 22
energy_range = 9
exhaustiveness = 32
num_modes = 10