center_x = -23.72101020408161
center_y = 17.029479591836726
center_z = -25.096163265306107
size_x = 22
size_y = 22
size_z = 22
energy_range = 9
exhaustiveness = 32
num_modes = 10