center_x = -20.687526666666653
center_y = -27.2681
center_z = -12.863586666666658
size_x = 22
size_y = 22
size_z = 22
energy_range = 9
exhaustiveness = 32
num_modes = 10