center_x = 9.871842857142855
center_y = -30.968371428571423
center_z = 7.067528571428569
size_x = 22
size_y = 22
size_z = 22
energy_range = 9
exhaustiveness = 32
num_modes = 10