center_x = -15.447534759358293
center_y = -36.121625668449205
center_z = -3.059048128342246
size_x = 22
size_y = 22
size_z = 22
energy_range = 9
exhaustiveness = 32
num_modes = 10