center_x = -0.26413125
center_y = -48.66814999999998
center_z = -7.9717562499999985
size_x = 22
size_y = 22
size_z = 22
energy_range = 9
exhaustiveness = 32
num_modes = 10