center_x = -20.98767901234568
center_y = -51.11065432098767
center_z = -17.856950617283953
size_x = 22
size_y = 22
size_z = 22
energy_range = 9
exhaustiveness = 32
num_modes = 10