center_x = -19.206835978835983
center_y = -11.141031746031745
center_z = -11.113153439153436
size_x = 22
size_y = 22
size_z = 22
energy_range = 9
exhaustiveness = 32
num_modes = 10