center_x = -7.662840336134452
center_y = -23.51859663865547
center_z = 2.4322016806722675
size_x = 22
size_y = 22
size_z = 22
energy_range = 9
exhaustiveness = 32
num_modes = 10