center_x = -7.279928571428568
center_y = -31.40523809523811
center_z = 2.595059523809523
size_x = 22
size_y = 22
size_z = 22
energy_range = 9
exhaustiveness = 32
num_modes = 10