center_x = 9.729068965517245
center_y = -19.232942528735624
center_z = -13.88942528735632
size_x = 22
size_y = 22
size_z = 22
energy_range = 9
exhaustiveness = 32
num_modes = 10