center_x = -14.332475609756091
center_y = -5.317670731707316
center_z = -15.297731707317077
size_x = 22
size_y = 22
size_z = 22
energy_range = 9
exhaustiveness = 32
num_modes = 10