center_x = 14.97438732394366
center_y = -32.93171830985916
center_z = -13.627535211267602
size_x = 22
size_y = 22
size_z = 22
energy_range = 9
exhaustiveness = 32
num_modes = 10