center_x = -5.475818181818182
center_y = -48.030776859504144
center_z = -18.2256694214876
size_x = 22
size_y = 22
size_z = 22
energy_range = 9
exhaustiveness = 32
num_modes = 10