center_x = -16.16073333333333
center_y = -31.58326666666666
center_z = -33.45265555555554
size_x = 22
size_y = 22
size_z = 22
energy_range = 9
exhaustiveness = 32
num_modes = 10