center_x = -16.84385263157894
center_y = -31.904478947368425
center_z = -9.04154210526316
size_x = 22
size_y = 22
size_z = 22
energy_range = 9
exhaustiveness = 32
num_modes = 10