center_x = -24.781925170068025
center_y = -20.459836734693877
center_z = -14.143170068027205
size_x = 22
size_y = 22
size_z = 22
energy_range = 9
exhaustiveness = 32
num_modes = 10