center_x = -11.789715555555556
center_y = -24.201004444444457
center_z = -20.339915555555557
size_x = 22
size_y = 22
size_z = 22
energy_range = 9
exhaustiveness = 32
num_modes = 10