center_x = 16.014914634146336
center_y = -23.395060975609752
center_z = -4.869573170731708
size_x = 22
size_y = 22
size_z = 22
energy_range = 9
exhaustiveness = 32
num_modes = 10