center_x = 0.6449120000000005
center_y = -31.910992
center_z = -19.703144000000005
size_x = 22
size_y = 22
size_z = 22
energy_range = 9
exhaustiveness = 32
num_modes = 10