center_x = -7.432128603104206
center_y = -34.163560975609755
center_z = -15.010412416851445
size_x = 22
size_y = 22
size_z = 22
energy_range = 9
exhaustiveness = 32
num_modes = 10