center_x = -17.599285714285706
center_y = -53.08800000000001
center_z = -29.619133333333338
size_x = 22
size_y = 22
size_z = 22
energy_range = 9
exhaustiveness = 32
num_modes = 10