center_x = -13.103320610687026
center_y = -50.63639694656491
center_z = -16.054244274809157
size_x = 22
size_y = 22
size_z = 22
energy_range = 9
exhaustiveness = 32
num_modes = 10