center_x = -8.999123809523809
center_y = -50.04829523809524
center_z = 1.912419047619048
size_x = 22
size_y = 22
size_z = 22
energy_range = 9
exhaustiveness = 32
num_modes = 10