center_x = -15.59053846153846
center_y = -19.99337606837608
center_z = -7.157059829059833
size_x = 22
size_y = 22
size_z = 22
energy_range = 9
exhaustiveness = 32
num_modes = 10