center_x = -11.383753246753242
center_y = -52.31194805194807
center_z = -8.517090909090905
size_x = 22
size_y = 22
size_z = 22
energy_range = 9
exhaustiveness = 32
num_modes = 10