center_x = -27.723767295597487
center_y = -37.00855345911952
center_z = -8.362056603773583
size_x = 22
size_y = 22
size_z = 22
energy_range = 9
exhaustiveness = 32
num_modes = 10