center_x = -23.686006024096372
center_y = -44.90640361445785
center_z = -10.973524096385542
size_x = 22
size_y = 22
size_z = 22
energy_range = 9
exhaustiveness = 32
num_modes = 10