center_x = 10.803185393258428
center_y = -38.6361573033708
center_z = 3.2116573033707865
size_x = 22
size_y = 22
size_z = 22
energy_range = 9
exhaustiveness = 32
num_modes = 10