center_x = -22.16197169811321
center_y = -45.218009433962266
center_z = -5.358245283018865
size_x = 22
size_y = 22
size_z = 22
energy_range = 9
exhaustiveness = 32
num_modes = 10