center_x = -3.0745899999999997
center_y = -7.252860000000003
center_z = -5.668080000000001
size_x = 22
size_y = 22
size_z = 22
energy_range = 9
exhaustiveness = 32
num_modes = 10