center_x = 9.901919254658386
center_y = -19.35257142857142
center_z = -3.041329192546584
size_x = 22
size_y = 22
size_z = 22
energy_range = 9
exhaustiveness = 32
num_modes = 10