center_x = 0.7671605839416062
center_y = -29.826627737226293
center_z = 4.183671532846713
size_x = 22
size_y = 22
size_z = 22
energy_range = 9
exhaustiveness = 32
num_modes = 10