center_x = -7.167999999999999
center_y = 215.58870000000002
center_z = 80.1889
size_x = 30
size_y = 30
size_z = 30
exhaustiveness = 32
receptor = input/6h14/6h14_protein.pdbqt
ligand = input/6h14/6h14_ligand.pdbqt
out = results/32_vina_diffdock_box_pdbqt_vina_seed666_normal30_date0217/6h14_ligand_out.pdbqt
seed = 666
num_modes = 9
verbosity = 1
