center_x = 28.1286
center_y = 18.754350000000002
center_z = 15.995750000000001
size_x = 30
size_y = 30
size_z = 30
exhaustiveness = 32
receptor = input/6n97/6n97_protein.pdbqt
ligand = input/6n97/6n97_ligand.pdbqt
out = results/32_vina_diffdock_box_pdbqt_vina_seed666_normal30_date0217/6n97_ligand_out.pdbqt
seed = 666
num_modes = 9
verbosity = 1
