center_x = -0.0001025641025643
center_y = 23.46784615384616
center_z = -23.49646666666663
size_x = 22
size_y = 22
size_z = 22
energy_range = 9
exhaustiveness = 32
num_modes = 10