center_x = 4.545454545388585e-05
center_y = 16.731961038961042
center_z = -23.496262987012976
size_x = 22
size_y = 22
size_z = 22
energy_range = 9
exhaustiveness = 32
num_modes = 10