center_x = -5.747126436804584e-06
center_y = 34.45042528735637
center_z = -23.49621551724137
size_x = 22
size_y = 22
size_z = 22
energy_range = 9
exhaustiveness = 32
num_modes = 10