center_x = -0.0001025641025642
center_y = 23.467846153846143
center_z = -23.496466666666667
size_x = 22
size_y = 22
size_z = 22
energy_range = 9
exhaustiveness = 32
num_modes = 10