center_x = -0.0001225165562913
center_y = 12.926619205298008
center_z = -23.496347682119215
size_x = 22
size_y = 22
size_z = 22
energy_range = 9
exhaustiveness = 32
num_modes = 10