center_x = -0.0001225165562912
center_y = 12.92661920529801
center_z = -23.496347682119197
size_x = 22
size_y = 22
size_z = 22
energy_range = 9
exhaustiveness = 32
num_modes = 10