center_x = -0.0001674641148326
center_y = 9.07243301435407
center_z = -23.49640909090908
size_x = 22
size_y = 22
size_z = 22
energy_range = 9
exhaustiveness = 32
num_modes = 10