center_x = -7.225433525915658e-05
center_y = 26.166713872832386
center_z = -23.496167630057816
size_x = 22
size_y = 22
size_z = 22
energy_range = 9
exhaustiveness = 32
num_modes = 10