center_x = -0.0001674641148324
center_y = 9.072433014354075
center_z = -23.49640909090909
size_x = 22
size_y = 22
size_z = 22
energy_range = 9
exhaustiveness = 32
num_modes = 10