center_x = 0.0001056910569109
center_y = 10.097353658536589
center_z = -23.496284552845545
size_x = 22
size_y = 22
size_z = 22
energy_range = 9
exhaustiveness = 32
num_modes = 10