center_x = -0.0006767554479419
center_y = 23.37509079903139
center_z = -23.49573728813563
size_x = 22
size_y = 22
size_z = 22
energy_range = 9
exhaustiveness = 32
num_modes = 10