center_x = -2.2857142857076264e-05
center_y = 5.852105714285725
center_z = -23.4962742857143
size_x = 22
size_y = 22
size_z = 22
energy_range = 9
exhaustiveness = 32
num_modes = 10