center_x = 0.0001608187134502
center_y = 28.58275438596493
center_z = -23.496415204678367
size_x = 22
size_y = 22
size_z = 22
energy_range = 9
exhaustiveness = 32
num_modes = 10