center_x = -7.225433525981373e-05
center_y = 26.16671387283238
center_z = -23.49616763005782
size_x = 22
size_y = 22
size_z = 22
energy_range = 9
exhaustiveness = 32
num_modes = 10