center_x = -2.173913043452921e-05
center_y = 33.65835217391305
center_z = -23.49640869565216
size_x = 22
size_y = 22
size_z = 22
energy_range = 9
exhaustiveness = 32
num_modes = 10