center_x = 34.66460906040272
center_y = 20.41805704697986
center_z = 10.04319463087247
size_x = 22
size_y = 22
size_z = 22
energy_range = 9
exhaustiveness = 32
num_modes = 10