center_x = 33.88035251798563
center_y = -0.7665683453237411
center_z = 3.762086330935253
size_x = 22
size_y = 22
size_z = 22
energy_range = 9
exhaustiveness = 32
num_modes = 10