center_x = 43.73310833333333
center_y = 17.84618333333333
center_z = 18.43001666666667
size_x = 22
size_y = 22
size_z = 22
energy_range = 9
exhaustiveness = 32
num_modes = 10