center_x = 42.4242403846154
center_y = 17.599278846153837
center_z = 1.0893365384615383
size_x = 22
size_y = 22
size_z = 22
energy_range = 9
exhaustiveness = 32
num_modes = 10