center_x = 33.25299212598423
center_y = 7.423078740157481
center_z = -7.914251968503938
size_x = 22
size_y = 22
size_z = 22
energy_range = 9
exhaustiveness = 32
num_modes = 10