center_x = 21.891235714285717
center_y = 6.875307142857142
center_z = -7.249085714285717
size_x = 22
size_y = 22
size_z = 22
energy_range = 9
exhaustiveness = 32
num_modes = 10