center_x = 17.01625568181818
center_y = 9.019568181818189
center_z = 4.977386363636362
size_x = 22
size_y = 22
size_z = 22
energy_range = 9
exhaustiveness = 32
num_modes = 10