center_x = 39.33143902439024
center_y = 1.4338373983739836
center_z = 4.3042845528455285
size_x = 22
size_y = 22
size_z = 22
energy_range = 9
exhaustiveness = 32
num_modes = 10