center_x = -10.339117647058826
center_y = -12.256596638655468
center_z = 40.11465546218487
size_x = 22
size_y = 22
size_z = 22
energy_range = 9
exhaustiveness = 32
num_modes = 10