center_x = -16.65876363636364
center_y = -21.52325454545456
center_z = 15.925848484848478
size_x = 22
size_y = 22
size_z = 22
energy_range = 9
exhaustiveness = 32
num_modes = 10