center_x = -18.91517757009346
center_y = 5.989663551401869
center_z = 14.714476635514016
size_x = 22
size_y = 22
size_z = 22
energy_range = 9
exhaustiveness = 32
num_modes = 10