center_x = -1.499123529411765
center_y = -17.740264705882353
center_z = 25.773405882352943
size_x = 22
size_y = 22
size_z = 22
energy_range = 9
exhaustiveness = 32
num_modes = 10