center_x = -7.628561514195586
center_y = -16.343141955835943
center_z = 16.23833123028391
size_x = 22
size_y = 22
size_z = 22
energy_range = 9
exhaustiveness = 32
num_modes = 10