center_x = 0.1728617886178869
center_y = -19.97995121951219
center_z = 43.59943902439025
size_x = 22
size_y = 22
size_z = 22
energy_range = 9
exhaustiveness = 32
num_modes = 10