center_x = -17.5148944723618
center_y = -20.72498492462313
center_z = 21.097894472361805
size_x = 22
size_y = 22
size_z = 22
energy_range = 9
exhaustiveness = 32
num_modes = 10