center_x = -10.608720930232565
center_y = -20.933918604651154
center_z = 20.603999999999992
size_x = 22
size_y = 22
size_z = 22
energy_range = 9
exhaustiveness = 32
num_modes = 10