center_x = -8.025094827586202
center_y = -21.878974137931035
center_z = 33.553956896551725
size_x = 22
size_y = 22
size_z = 22
energy_range = 9
exhaustiveness = 32
num_modes = 10