center_x = -18.22461931818181
center_y = -17.7786534090909
center_z = 32.718994318181814
size_x = 22
size_y = 22
size_z = 22
energy_range = 9
exhaustiveness = 32
num_modes = 10