center_x = -18.736439999999995
center_y = -24.71963999999999
center_z = 2.611653333333334
size_x = 22
size_y = 22
size_z = 22
energy_range = 9
exhaustiveness = 32
num_modes = 10