center_x = -22.02334814814814
center_y = -14.23828888888889
center_z = -4.59245185185185
size_x = 22
size_y = 22
size_z = 22
energy_range = 9
exhaustiveness = 32
num_modes = 10