center_x = -15.745361904761907
center_y = -2.9868666666666672
center_z = 10.268538095238098
size_x = 22
size_y = 22
size_z = 22
energy_range = 9
exhaustiveness = 32
num_modes = 10