center_x = -1.0734689922480625
center_y = -7.642728682170542
center_z = 21.509569767441857
size_x = 22
size_y = 22
size_z = 22
energy_range = 9
exhaustiveness = 32
num_modes = 10