center_x = 8.929465346534657
center_y = -8.621079207920792
center_z = 28.94660396039603
size_x = 22
size_y = 22
size_z = 22
energy_range = 9
exhaustiveness = 32
num_modes = 10