center_x = -24.38395319148937
center_y = -11.949378723404257
center_z = 27.80905957446807
size_x = 22
size_y = 22
size_z = 22
energy_range = 9
exhaustiveness = 32
num_modes = 10