center_x = -6.111526315789474
center_y = -16.150442105263153
center_z = 43.29412631578948
size_x = 22
size_y = 22
size_z = 22
energy_range = 9
exhaustiveness = 32
num_modes = 10