center_x = -4.485484375000001
center_y = -7.2348281249999955
center_z = 33.080765625
size_x = 22
size_y = 22
size_z = 22
energy_range = 9
exhaustiveness = 32
num_modes = 10