center_x = -26.98524519230767
center_y = -15.213759615384616
center_z = 9.648793269230769
size_x = 22
size_y = 22
size_z = 22
energy_range = 9
exhaustiveness = 32
num_modes = 10