center_x = 44.65628181818183
center_y = 2.019872727272727
center_z = -27.7791909090909
size_x = 22
size_y = 22
size_z = 22
energy_range = 9
exhaustiveness = 32
num_modes = 10