center_x = 41.438959016393454
center_y = -25.70148360655737
center_z = -16.54404098360655
size_x = 22
size_y = 22
size_z = 22
energy_range = 9
exhaustiveness = 32
num_modes = 10