center_x = 13.229990825688072
center_y = 10.588119266055044
center_z = -14.301926605504582
size_x = 22
size_y = 22
size_z = 22
energy_range = 9
exhaustiveness = 32
num_modes = 10