center_x = 51.10637837837835
center_y = -7.587454054054057
center_z = -19.371843243243248
size_x = 22
size_y = 22
size_z = 22
energy_range = 9
exhaustiveness = 32
num_modes = 10