center_x = 21.086323275862064
center_y = 1.1547370689655183
center_z = -17.41744396551724
size_x = 22
size_y = 22
size_z = 22
energy_range = 9
exhaustiveness = 32
num_modes = 10