center_x = 17.361551282051284
center_y = 4.670564102564102
center_z = -9.08610256410256
size_x = 22
size_y = 22
size_z = 22
energy_range = 9
exhaustiveness = 32
num_modes = 10