center_x = 48.164461988304105
center_y = -6.560766081871347
center_z = -26.05857309941521
size_x = 22
size_y = 22
size_z = 22
energy_range = 9
exhaustiveness = 32
num_modes = 10