center_x = 47.5821968503937
center_y = -3.300952755905512
center_z = -7.519771653543309
size_x = 22
size_y = 22
size_z = 22
energy_range = 9
exhaustiveness = 32
num_modes = 10