center_x = 31.176732142857144
center_y = -10.193035714285717
center_z = -31.165321428571428
size_x = 22
size_y = 22
size_z = 22
energy_range = 9
exhaustiveness = 32
num_modes = 10