center_x = 22.879375000000007
center_y = -3.603352272727273
center_z = 7.6417499999999965
size_x = 22
size_y = 22
size_z = 22
energy_range = 9
exhaustiveness = 32
num_modes = 10