center_x = 35.277340277777775
center_y = -18.296159722222225
center_z = -31.622479166666665
size_x = 22
size_y = 22
size_z = 22
energy_range = 9
exhaustiveness = 32
num_modes = 10