center_x = 4.523292134831464
center_y = 0.1609550561797754
center_z = -13.11479775280899
size_x = 22
size_y = 22
size_z = 22
energy_range = 9
exhaustiveness = 32
num_modes = 10