center_x = 26.02616814159292
center_y = -17.11921533923305
center_z = -14.472433628318578
size_x = 22
size_y = 22
size_z = 22
energy_range = 9
exhaustiveness = 32
num_modes = 10