center_x = 37.4928859649123
center_y = -30.83323684210525
center_z = -20.83742105263157
size_x = 22
size_y = 22
size_z = 22
energy_range = 9
exhaustiveness = 32
num_modes = 10