center_x = 4.738218181818181
center_y = -7.123445454545453
center_z = -3.462363636363635
size_x = 22
size_y = 22
size_z = 22
energy_range = 9
exhaustiveness = 32
num_modes = 10