center_x = 47.22163750000001
center_y = -20.915125000000003
center_z = -27.9899625
size_x = 22
size_y = 22
size_z = 22
energy_range = 9
exhaustiveness = 32
num_modes = 10