center_x = 53.04553097345131
center_y = -0.3643539823008851
center_z = -19.5011592920354
size_x = 22
size_y = 22
size_z = 22
energy_range = 9
exhaustiveness = 32
num_modes = 10