center_x = -15.123299465240631
center_y = -35.67795187165776
center_z = -2.934112299465239
size_x = 22
size_y = 22
size_z = 22
energy_range = 9
exhaustiveness = 32
num_modes = 10