center_x = -22.722874999999995
center_y = -50.6684375
center_z = -31.6810875
size_x = 22
size_y = 22
size_z = 22
energy_range = 9
exhaustiveness = 32
num_modes = 10