center_x = 10.58042176870748
center_y = -19.75614285714286
center_z = -2.657768707482993
size_x = 22
size_y = 22
size_z = 22
energy_range = 9
exhaustiveness = 32
num_modes = 10