center_x = -18.303879310344826
center_y = -29.34975862068966
center_z = -6.909853448275863
size_x = 22
size_y = 22
size_z = 22
energy_range = 9
exhaustiveness = 32
num_modes = 10