center_x = -22.04088235294119
center_y = -23.37783613445377
center_z = -13.380054621848744
size_x = 22
size_y = 22
size_z = 22
energy_range = 9
exhaustiveness = 32
num_modes = 10