center_x = -14.674770992366412
center_y = -20.314969465648847
center_z = -7.614076335877861
size_x = 22
size_y = 22
size_z = 22
energy_range = 9
exhaustiveness = 32
num_modes = 10