center_x = -2.769610000000001
center_y = -6.964650000000001
center_z = -5.60782
size_x = 22
size_y = 22
size_z = 22
energy_range = 9
exhaustiveness = 32
num_modes = 10