center_x = -26.566956204379554
center_y = -36.71459854014599
center_z = -6.95067153284672
size_x = 22
size_y = 22
size_z = 22
energy_range = 9
exhaustiveness = 32
num_modes = 10