center_x = 15.375056338028164
center_y = -32.70602112676056
center_z = -13.277288732394364
size_x = 22
size_y = 22
size_z = 22
energy_range = 9
exhaustiveness = 32
num_modes = 10