center_x = 10.688587301587305
center_y = -36.72402380952382
center_z = 5.01054761904762
size_x = 22
size_y = 22
size_z = 22
energy_range = 9
exhaustiveness = 32
num_modes = 10