center_x = 0.0653187499999998
center_y = -48.31235000000003
center_z = -7.594962499999999
size_x = 22
size_y = 22
size_z = 22
energy_range = 9
exhaustiveness = 32
num_modes = 10