center_x = -5.2626446280991726
center_y = -47.817322314049584
center_z = -17.78583471074381
size_x = 22
size_y = 22
size_z = 22
energy_range = 9
exhaustiveness = 32
num_modes = 10