center_x = -23.371283132530102
center_y = -44.54710240963856
center_z = -10.495734939759032
size_x = 22
size_y = 22
size_z = 22
energy_range = 9
exhaustiveness = 32
num_modes = 10