center_x = -17.41081904761904
center_y = -53.03245714285714
center_z = -29.09703809523809
size_x = 22
size_y = 22
size_z = 22
energy_range = 9
exhaustiveness = 32
num_modes = 10