center_x = 18.3956694214876
center_y = -24.8814958677686
center_z = -4.806867768595043
size_x = 22
size_y = 22
size_z = 22
energy_range = 9
exhaustiveness = 32
num_modes = 10