center_x = -19.863428571428575
center_y = -45.97045238095237
center_z = -5.108464285714288
size_x = 22
size_y = 22
size_z = 22
energy_range = 9
exhaustiveness = 32
num_modes = 10