center_x = -19.2013665158371
center_y = -11.241723981900453
center_z = -11.372276018099544
size_x = 22
size_y = 22
size_z = 22
energy_range = 9
exhaustiveness = 32
num_modes = 10