center_x = -5.624043137254899
center_y = -33.6235549019608
center_z = -16.4261862745098
size_x = 22
size_y = 22
size_z = 22
energy_range = 9
exhaustiveness = 32
num_modes = 10