center_x = -11.028831168831172
center_y = -51.90603896103897
center_z = -8.116194805194805
size_x = 22
size_y = 22
size_z = 22
energy_range = 9
exhaustiveness = 32
num_modes = 10