center_x = 1.3240666666666685
center_y = -42.58343030303029
center_z = -15.801296969696978
size_x = 22
size_y = 22
size_z = 22
energy_range = 9
exhaustiveness = 32
num_modes = 10