center_x = -15.840911111111112
center_y = -31.5774
center_z = -33.16987777777776
size_x = 22
size_y = 22
size_z = 22
energy_range = 9
exhaustiveness = 32
num_modes = 10