center_x = 9.94521904761904
center_y = -18.254180952380956
center_z = -12.784190476190478
size_x = 22
size_y = 22
size_z = 22
energy_range = 9
exhaustiveness = 32
num_modes = 10