center_x = 10.076285714285708
center_y = -30.64042142857142
center_z = 7.366457142857142
size_x = 22
size_y = 22
size_z = 22
energy_range = 9
exhaustiveness = 32
num_modes = 10