center_x = 2.444611464968154
center_y = -41.09391082802548
center_z = -0.4191146496815287
size_x = 22
size_y = 22
size_z = 22
energy_range = 9
exhaustiveness = 32
num_modes = 10