center_x = -8.391867647058822
center_y = -31.002514705882337
center_z = 2.6722647058823537
size_x = 22
size_y = 22
size_z = 22
energy_range = 9
exhaustiveness = 32
num_modes = 10