center_x = -12.38259047619048
center_y = -47.13496190476189
center_z = -27.78243809523808
size_x = 22
size_y = 22
size_z = 22
energy_range = 9
exhaustiveness = 32
num_modes = 10