center_x = 1.484439189189189
center_y = -29.913128378378385
center_z = 4.728087837837836
size_x = 22
size_y = 22
size_z = 22
energy_range = 9
exhaustiveness = 32
num_modes = 10