center_x = -1.7167912408759156
center_y = -30.826537226277377
center_z = 16.63589197080292
size_x = 22
size_y = 22
size_z = 22
energy_range = 9
exhaustiveness = 32
num_modes = 10