center_x = -24.504163551401867
center_y = -46.04885046728972
center_z = 13.08105140186916
size_x = 22
size_y = 22
size_z = 22
energy_range = 9
exhaustiveness = 32
num_modes = 10