center_x = -7.855961968680088
center_y = -34.88908277404924
center_z = 19.88304250559285
size_x = 22
size_y = 22
size_z = 22
energy_range = 9
exhaustiveness = 32
num_modes = 10