center_x = -23.210424015009345
center_y = -33.695861163227015
center_z = 21.39856472795498
size_x = 22
size_y = 22
size_z = 22
energy_range = 9
exhaustiveness = 32
num_modes = 10