center_x = 6.794152631578944
center_y = -16.134231578947375
center_z = 14.865510526315784
size_x = 22
size_y = 22
size_z = 22
energy_range = 9
exhaustiveness = 32
num_modes = 10