center_x = -28.46650873786406
center_y = -49.34915533980576
center_z = 24.11939029126215
size_x = 22
size_y = 22
size_z = 22
energy_range = 9
exhaustiveness = 32
num_modes = 10