center_x = -12.084642105263148
center_y = -33.64721052631577
center_z = 18.48224078947369
size_x = 22
size_y = 22
size_z = 22
energy_range = 9
exhaustiveness = 32
num_modes = 10