center_x = -13.1662482598608
center_y = -36.13476566125287
center_z = 20.150955916473304
size_x = 22
size_y = 22
size_z = 22
energy_range = 9
exhaustiveness = 32
num_modes = 10