center_x = 8.411267206477733
center_y = -23.512218623481782
center_z = 8.108688259109313
size_x = 22
size_y = 22
size_z = 22
energy_range = 9
exhaustiveness = 32
num_modes = 10