center_x = -11.589425828970336
center_y = -42.08486736474691
center_z = 16.661303664921444
size_x = 22
size_y = 22
size_z = 22
energy_range = 9
exhaustiveness = 32
num_modes = 10