center_x = -7.549941605839415
center_y = -31.16528467153284
center_z = 17.45178345498781
size_x = 22
size_y = 22
size_z = 22
energy_range = 9
exhaustiveness = 32
num_modes = 10