center_x = -10.07033333333334
center_y = -28.043367816091948
center_z = 22.731933333333316
size_x = 22
size_y = 22
size_z = 22
energy_range = 9
exhaustiveness = 32
num_modes = 10