center_x = -37.99163694267515
center_y = -45.59893630573247
center_z = 22.42179936305733
size_x = 22
size_y = 22
size_z = 22
energy_range = 9
exhaustiveness = 32
num_modes = 10