center_x = -5.344957894736842
center_y = -25.976296491228062
center_z = 23.703310526315803
size_x = 22
size_y = 22
size_z = 22
energy_range = 9
exhaustiveness = 32
num_modes = 10