center_x = -14.457878095238083
center_y = -39.71232952380951
center_z = 19.71014476190476
size_x = 22
size_y = 22
size_z = 22
energy_range = 9
exhaustiveness = 32
num_modes = 10