center_x = -7.820004149377594
center_y = -38.51439004149377
center_z = 16.530327800829877
size_x = 22
size_y = 22
size_z = 22
energy_range = 9
exhaustiveness = 32
num_modes = 10