center_x = -34.34740930232558
center_y = -52.82419999999997
center_z = 21.00399844961241
size_x = 22
size_y = 22
size_z = 22
energy_range = 9
exhaustiveness = 32
num_modes = 10