center_x = -35.72065075376883
center_y = -53.84476884422108
center_z = 14.84690954773869
size_x = 22
size_y = 22
size_z = 22
energy_range = 9
exhaustiveness = 32
num_modes = 10