center_x = -35.17108675799087
center_y = -51.603219178082185
center_z = 18.03957990867581
size_x = 22
size_y = 22
size_z = 22
energy_range = 9
exhaustiveness = 32
num_modes = 10