center_x = -3.829793036750477
center_y = -30.46036943907157
center_z = 15.600156673114125
size_x = 22
size_y = 22
size_z = 22
energy_range = 9
exhaustiveness = 32
num_modes = 10