center_x = -23.81787338501288
center_y = -46.50863824289405
center_z = 21.379310077519385
size_x = 22
size_y = 22
size_z = 22
energy_range = 9
exhaustiveness = 32
num_modes = 10