center_x = -37.797421383647794
center_y = -48.088855345911945
center_z = 16.35571383647798
size_x = 22
size_y = 22
size_z = 22
energy_range = 9
exhaustiveness = 32
num_modes = 10