center_x = -9.65811951219512
center_y = -30.12384390243901
center_z = 20.2439756097561
size_x = 22
size_y = 22
size_z = 22
energy_range = 9
exhaustiveness = 32
num_modes = 10