center_x = -7.881715789473681
center_y = -38.137565789473705
center_z = 21.44808157894736
size_x = 22
size_y = 22
size_z = 22
energy_range = 9
exhaustiveness = 32
num_modes = 10