center_x = -21.53229285714286
center_y = -30.405342857142863
center_z = 23.05938214285713
size_x = 22
size_y = 22
size_z = 22
energy_range = 9
exhaustiveness = 32
num_modes = 10