center_x = -10.704600719424468
center_y = -38.17950719424461
center_z = 20.762816546762583
size_x = 22
size_y = 22
size_z = 22
energy_range = 9
exhaustiveness = 32
num_modes = 10