center_x = -6.752044673539513
center_y = -34.36466666666671
center_z = 24.492412371134016
size_x = 22
size_y = 22
size_z = 22
energy_range = 9
exhaustiveness = 32
num_modes = 10