center_x = -31.07460993975902
center_y = -45.64961445783134
center_z = 20.221378012048195
size_x = 22
size_y = 22
size_z = 22
energy_range = 9
exhaustiveness = 32
num_modes = 10