center_x = -9.803924855491331
center_y = -36.63367822736033
center_z = 22.32371579961466
size_x = 22
size_y = 22
size_z = 22
energy_range = 9
exhaustiveness = 32
num_modes = 10