center_x = -10.69018003913894
center_y = -36.53047945205478
center_z = 15.556436399217215
size_x = 22
size_y = 22
size_z = 22
energy_range = 9
exhaustiveness = 32
num_modes = 10