center_x = -9.834808905380331
center_y = -35.65232653061226
center_z = 18.267682745825585
size_x = 22
size_y = 22
size_z = 22
energy_range = 9
exhaustiveness = 32
num_modes = 10