center_x = -20.88299695121952
center_y = -39.012189024390224
center_z = 24.95154878048781
size_x = 22
size_y = 22
size_z = 22
energy_range = 9
exhaustiveness = 32
num_modes = 10