center_x = -8.584830564784058
center_y = -34.99656478405313
center_z = 17.95939202657807
size_x = 22
size_y = 22
size_z = 22
energy_range = 9
exhaustiveness = 32
num_modes = 10