center_x = -34.88900644122381
center_y = -46.70020450885667
center_z = 19.338924315619973
size_x = 22
size_y = 22
size_z = 22
energy_range = 9
exhaustiveness = 32
num_modes = 10