center_x = -16.15840881889764
center_y = -37.91301795275595
center_z = 18.98338488188972
size_x = 22
size_y = 22
size_z = 22
energy_range = 9
exhaustiveness = 32
num_modes = 10