center_x = -7.541225433526017
center_y = -34.20841618497111
center_z = 23.7034527938343
size_x = 22
size_y = 22
size_z = 22
energy_range = 9
exhaustiveness = 32
num_modes = 10