center_x = -6.466659163987142
center_y = -35.7705659163987
center_z = 21.72936334405144
size_x = 22
size_y = 22
size_z = 22
energy_range = 9
exhaustiveness = 32
num_modes = 10