center_x = -36.07212499999997
center_y = -54.6790446428571
center_z = 21.50554464285713
size_x = 22
size_y = 22
size_z = 22
energy_range = 9
exhaustiveness = 32
num_modes = 10