center_x = -6.840558730158726
center_y = -32.708765079365044
center_z = 19.28954857142859
size_x = 22
size_y = 22
size_z = 22
energy_range = 9
exhaustiveness = 32
num_modes = 10