center_x = -4.99457835820896
center_y = -29.587649253731342
center_z = 25.300947761194024
size_x = 22
size_y = 22
size_z = 22
energy_range = 9
exhaustiveness = 32
num_modes = 10