center_x = -16.439917771883284
center_y = -43.4605384615385
center_z = 20.206368700265244
size_x = 22
size_y = 22
size_z = 22
energy_range = 9
exhaustiveness = 32
num_modes = 10