center_x = -33.29914285714284
center_y = -50.53572167487686
center_z = 16.72700738916257
size_x = 22
size_y = 22
size_z = 22
energy_range = 9
exhaustiveness = 32
num_modes = 10