center_x = -22.04944380403457
center_y = -41.97527665706055
center_z = 19.533804034582136
size_x = 22
size_y = 22
size_z = 22
energy_range = 9
exhaustiveness = 32
num_modes = 10