center_x = -10.350634036144587
center_y = -37.15803313253012
center_z = 21.77935843373496
size_x = 22
size_y = 22
size_z = 22
energy_range = 9
exhaustiveness = 32
num_modes = 10