center_x = -9.988130434782596
center_y = -35.455496163682895
center_z = 21.324611253196945
size_x = 22
size_y = 22
size_z = 22
energy_range = 9
exhaustiveness = 32
num_modes = 10