center_x = -17.39617563739378
center_y = -32.91094900849856
center_z = 20.35664022662891
size_x = 22
size_y = 22
size_z = 22
energy_range = 9
exhaustiveness = 32
num_modes = 10