center_x = -26.709673629242808
center_y = -46.75300261096604
center_z = 20.128772845953005
size_x = 22
size_y = 22
size_z = 22
energy_range = 9
exhaustiveness = 32
num_modes = 10