center_x = -7.895608695652172
center_y = -28.77335403726706
center_z = 21.707314699792946
size_x = 22
size_y = 22
size_z = 22
energy_range = 9
exhaustiveness = 32
num_modes = 10