center_x = -41.62237798165141
center_y = -53.03304220183485
center_z = 13.613100917431186
size_x = 22
size_y = 22
size_z = 22
energy_range = 9
exhaustiveness = 32
num_modes = 10