center_x = -35.16083948339487
center_y = -44.07622509225095
center_z = 20.254186346863477
size_x = 22
size_y = 22
size_z = 22
energy_range = 9
exhaustiveness = 32
num_modes = 10