center_x = -30.209459154929597
center_y = -49.17205915492959
center_z = 20.55281126760563
size_x = 22
size_y = 22
size_z = 22
energy_range = 9
exhaustiveness = 32
num_modes = 10