center_x = -4.929677734375002
center_y = -34.170763671875
center_z = 23.236541015624997
size_x = 22
size_y = 22
size_z = 22
energy_range = 9
exhaustiveness = 32
num_modes = 10