center_x = -11.090685779816512
center_y = -34.98550458715594
center_z = 21.71211238532109
size_x = 22
size_y = 22
size_z = 22
energy_range = 9
exhaustiveness = 32
num_modes = 10