center_x = 52.60175324675327
center_y = 7.449772727272725
center_z = 44.855987012987
size_x = 22
size_y = 22
size_z = 22
energy_range = 9
exhaustiveness = 32
num_modes = 10