center_x = 57.00020982142858
center_y = 5.843874999999995
center_z = 44.949879464285736
size_x = 22
size_y = 22
size_z = 22
energy_range = 9
exhaustiveness = 32
num_modes = 10