center_x = 23.660214285714297
center_y = 17.977495238095237
center_z = 44.6547857142857
size_x = 22
size_y = 22
size_z = 22
energy_range = 9
exhaustiveness = 32
num_modes = 10