center_x = 32.14284210526316
center_y = 14.59767894736843
center_z = 44.72625789473682
size_x = 22
size_y = 22
size_z = 22
energy_range = 9
exhaustiveness = 32
num_modes = 10