center_x = 37.59968995633188
center_y = 12.868713973799132
center_z = 44.71803493449781
size_x = 22
size_y = 22
size_z = 22
energy_range = 9
exhaustiveness = 32
num_modes = 10