center_x = 43.05678082191783
center_y = 10.803746575342464
center_z = 44.78214383561648
size_x = 22
size_y = 22
size_z = 22
energy_range = 9
exhaustiveness = 32
num_modes = 10