center_x = 41.55274187725635
center_y = 11.585602888086656
center_z = 44.83798375451264
size_x = 22
size_y = 22
size_z = 22
energy_range = 9
exhaustiveness = 32
num_modes = 10