center_x = 30.03307547169815
center_y = 15.551806603773594
center_z = 44.61753773584902
size_x = 22
size_y = 22
size_z = 22
energy_range = 9
exhaustiveness = 32
num_modes = 10