center_x = 52.89068749999994
center_y = 7.28160546875
center_z = 44.99447265625001
size_x = 22
size_y = 22
size_z = 22
energy_range = 9
exhaustiveness = 32
num_modes = 10