center_x = 55.37654761904765
center_y = 6.453295238095241
center_z = 44.93589047619049
size_x = 22
size_y = 22
size_z = 22
energy_range = 9
exhaustiveness = 32
num_modes = 10