center_x = 54.55759090909089
center_y = 6.756409090909087
center_z = 44.92304545454549
size_x = 22
size_y = 22
size_z = 22
energy_range = 9
exhaustiveness = 32
num_modes = 10