center_x = 42.411341176470586
center_y = 11.049894117647062
center_z = 44.81011764705884
size_x = 22
size_y = 22
size_z = 22
energy_range = 9
exhaustiveness = 32
num_modes = 10