center_x = 25.15033561643836
center_y = 17.447171232876713
center_z = 44.662198630137
size_x = 22
size_y = 22
size_z = 22
energy_range = 9
exhaustiveness = 32
num_modes = 10