center_x = 50.388203821656056
center_y = 8.226722929936304
center_z = 44.915968152866256
size_x = 22
size_y = 22
size_z = 22
energy_range = 9
exhaustiveness = 32
num_modes = 10