center_x = 33.03914919354839
center_y = 14.568899193548404
center_z = 44.715100806451645
size_x = 22
size_y = 22
size_z = 22
energy_range = 9
exhaustiveness = 32
num_modes = 10