center_x = 44.25676344086023
center_y = 10.423838709677415
center_z = 44.751172043010754
size_x = 22
size_y = 22
size_z = 22
energy_range = 9
exhaustiveness = 32
num_modes = 10