center_x = 35.04524404761905
center_y = 13.730776785714276
center_z = 44.7537023809524
size_x = 22
size_y = 22
size_z = 22
energy_range = 9
exhaustiveness = 32
num_modes = 10