center_x = 49.66886607142856
center_y = 8.593410714285714
center_z = 44.98948214285712
size_x = 22
size_y = 22
size_z = 22
energy_range = 9
exhaustiveness = 32
num_modes = 10