center_x = 43.86851282051282
center_y = 10.604432692307691
center_z = 44.76897435897437
size_x = 22
size_y = 22
size_z = 22
energy_range = 9
exhaustiveness = 32
num_modes = 10