center_x = 46.81845886075951
center_y = 9.70324683544304
center_z = 44.76380696202532
size_x = 22
size_y = 22
size_z = 22
energy_range = 9
exhaustiveness = 32
num_modes = 10