center_x = 41.177134375
center_y = 11.575890625000008
center_z = 44.8363
size_x = 22
size_y = 22
size_z = 22
energy_range = 9
exhaustiveness = 32
num_modes = 10