center_x = 40.983286150712885
center_y = 11.699227087576384
center_z = 44.86383299389003
size_x = 22
size_y = 22
size_z = 22
energy_range = 9
exhaustiveness = 32
num_modes = 10