center_x = 34.70843529411763
center_y = 13.676223529411764
center_z = 44.69992352941174
size_x = 22
size_y = 22
size_z = 22
energy_range = 9
exhaustiveness = 32
num_modes = 10