center_x = 27.918921768707506
center_y = 16.416353741496582
center_z = 44.74559863945574
size_x = 22
size_y = 22
size_z = 22
energy_range = 9
exhaustiveness = 32
num_modes = 10