center_x = 27.80256571428572
center_y = 16.257454285714275
center_z = 44.64067999999996
size_x = 22
size_y = 22
size_z = 22
energy_range = 9
exhaustiveness = 32
num_modes = 10