center_x = 27.953437956204382
center_y = 16.44286496350364
center_z = 44.73185766423359
size_x = 22
size_y = 22
size_z = 22
energy_range = 9
exhaustiveness = 32
num_modes = 10