center_x = 42.98944352617084
center_y = 10.938977961432512
center_z = 44.813106060606046
size_x = 22
size_y = 22
size_z = 22
energy_range = 9
exhaustiveness = 32
num_modes = 10