center_x = 42.26191016949156
center_y = 11.21807627118642
center_z = 44.84094915254238
size_x = 22
size_y = 22
size_z = 22
energy_range = 9
exhaustiveness = 32
num_modes = 10