center_x = 32.142842105263135
center_y = 14.597678947368424
center_z = 44.7262578947368
size_x = 22
size_y = 22
size_z = 22
energy_range = 9
exhaustiveness = 32
num_modes = 10