center_x = 27.642557823129252
center_y = 16.312166666666663
center_z = 44.652119047619024
size_x = 22
size_y = 22
size_z = 22
energy_range = 9
exhaustiveness = 32
num_modes = 10