center_x = 31.69379251700681
center_y = 15.01656802721089
center_z = 44.80031292517004
size_x = 22
size_y = 22
size_z = 22
energy_range = 9
exhaustiveness = 32
num_modes = 10