center_x = 19.833007246376816
center_y = 19.27386956521739
center_z = 44.602800724637696
size_x = 22
size_y = 22
size_z = 22
energy_range = 9
exhaustiveness = 32
num_modes = 10