center_x = 43.868512820512805
center_y = 10.604432692307686
center_z = 44.76897435897435
size_x = 22
size_y = 22
size_z = 22
energy_range = 9
exhaustiveness = 32
num_modes = 10