center_x = 19.8330072463768
center_y = 19.27386956521739
center_z = 44.60280072463761
size_x = 22
size_y = 22
size_z = 22
energy_range = 9
exhaustiveness = 32
num_modes = 10