center_x = 62.21561739130436
center_y = 3.910778260869567
center_z = 45.07544347826085
size_x = 22
size_y = 22
size_z = 22
energy_range = 9
exhaustiveness = 32
num_modes = 10