center_x = 42.98944352617083
center_y = 10.938977961432515
center_z = 44.81310606060603
size_x = 22
size_y = 22
size_z = 22
energy_range = 9
exhaustiveness = 32
num_modes = 10