center_x = 48.75657862903226
center_y = 8.809215725806464
center_z = 44.89218346774191
size_x = 22
size_y = 22
size_z = 22
energy_range = 9
exhaustiveness = 32
num_modes = 10