center_x = 46.81845886075952
center_y = 9.703246835443045
center_z = 44.763806962025335
size_x = 22
size_y = 22
size_z = 22
energy_range = 9
exhaustiveness = 32
num_modes = 10