center_x = 35.66970563380285
center_y = 13.596616901408463
center_z = 44.77597042253523
size_x = 22
size_y = 22
size_z = 22
energy_range = 9
exhaustiveness = 32
num_modes = 10