center_x = 52.66373451327431
center_y = 7.360787610619464
center_z = 45.00111061946902
size_x = 22
size_y = 22
size_z = 22
energy_range = 9
exhaustiveness = 32
num_modes = 10