center_x = 28.441934426229505
center_y = 16.262643442622956
center_z = 44.75345491803277
size_x = 22
size_y = 22
size_z = 22
energy_range = 9
exhaustiveness = 32
num_modes = 10