center_x = 50.8570709219858
center_y = 8.165414893617031
center_z = 44.98286524822697
size_x = 22
size_y = 22
size_z = 22
energy_range = 9
exhaustiveness = 32
num_modes = 10