center_x = -20.800045714285712
center_y = 9.306668571428574
center_z = -9.781782857142865
size_x = 22
size_y = 22
size_z = 22
energy_range = 9
exhaustiveness = 32
num_modes = 10