center_x = -10.60765789473684
center_y = 6.789929824561403
center_z = 1.7206052631578952
size_x = 22
size_y = 22
size_z = 22
energy_range = 9
exhaustiveness = 32
num_modes = 10