center_x = -3.634211009174311
center_y = -8.514467889908257
center_z = 10.285100917431189
size_x = 22
size_y = 22
size_z = 22
energy_range = 9
exhaustiveness = 32
num_modes = 10