center_x = -16.729593750000006
center_y = 5.814515625000003
center_z = -21.434085937500004
size_x = 22
size_y = 22
size_z = 22
energy_range = 9
exhaustiveness = 32
num_modes = 10