center_x = -25.10600000000001
center_y = 6.48721428571429
center_z = -15.949020408163264
size_x = 22
size_y = 22
size_z = 22
energy_range = 9
exhaustiveness = 32
num_modes = 10