center_x = 29.34433333333333
center_y = 31.581538461538464
center_z = 17.00148717948718
size_x = 22
size_y = 22
size_z = 22
energy_range = 9
exhaustiveness = 32
num_modes = 10