center_x = 10.012139130434786
center_y = 38.74228695652173
center_z = 58.23903478260869
size_x = 22
size_y = 22
size_z = 22
energy_range = 9
exhaustiveness = 32
num_modes = 10