center_x = -5.643263157894737
center_y = 49.90791812865498
center_z = 39.0100292397661
size_x = 22
size_y = 22
size_z = 22
energy_range = 9
exhaustiveness = 32
num_modes = 10