center_x = 24.675664335664337
center_y = 46.83754545454546
center_z = 71.23906293706295
size_x = 22
size_y = 22
size_z = 22
energy_range = 9
exhaustiveness = 32
num_modes = 10