center_x = 18.82325490196078
center_y = 35.35209803921567
center_z = 42.47130392156862
size_x = 22
size_y = 22
size_z = 22
energy_range = 9
exhaustiveness = 32
num_modes = 10