center_x = 29.972900000000003
center_y = 50.937252631578936
center_z = 50.46660526315788
size_x = 22
size_y = 22
size_z = 22
energy_range = 9
exhaustiveness = 32
num_modes = 10