center_x = 3.346839999999999
center_y = 60.17850666666664
center_z = 45.81953333333334
size_x = 22
size_y = 22
size_z = 22
energy_range = 9
exhaustiveness = 32
num_modes = 10