center_x = 23.19570955882353
center_y = 56.86078308823531
center_z = 22.111110294117637
size_x = 22
size_y = 22
size_z = 22
energy_range = 9
exhaustiveness = 32
num_modes = 10