center_x = 11.341976415094337
center_y = 70.23129245283019
center_z = 39.791674528301854
size_x = 22
size_y = 22
size_z = 22
energy_range = 9
exhaustiveness = 32
num_modes = 10