center_x = 34.54155769230769
center_y = 50.06119871794872
center_z = 52.46312820512816
size_x = 22
size_y = 22
size_z = 22
energy_range = 9
exhaustiveness = 32
num_modes = 10