center_x = 1.212370078740158
center_y = 34.2525275590551
center_z = 45.55802362204726
size_x = 22
size_y = 22
size_z = 22
energy_range = 9
exhaustiveness = 32
num_modes = 10