center_x = 12.761189393939397
center_y = 67.3978409090909
center_z = 74.03112878787879
size_x = 22
size_y = 22
size_z = 22
energy_range = 9
exhaustiveness = 32
num_modes = 10