center_x = 19.990717948717943
center_y = 73.34733333333331
center_z = 67.35773076923077
size_x = 22
size_y = 22
size_z = 22
energy_range = 9
exhaustiveness = 32
num_modes = 10