center_x = 38.21494308943089
center_y = 41.20457723577235
center_z = 24.42577235772359
size_x = 22
size_y = 22
size_z = 22
energy_range = 9
exhaustiveness = 32
num_modes = 10