center_x = 27.08470408163266
center_y = 31.842122448979605
center_z = 61.68596938775511
size_x = 22
size_y = 22
size_z = 22
energy_range = 9
exhaustiveness = 32
num_modes = 10