center_x = 5.791510416666667
center_y = 70.79952083333332
center_z = 63.15430208333334
size_x = 22
size_y = 22
size_z = 22
energy_range = 9
exhaustiveness = 32
num_modes = 10