center_x = 13.513413978494624
center_y = 55.92133333333334
center_z = 36.17119892473119
size_x = 22
size_y = 22
size_z = 22
energy_range = 9
exhaustiveness = 32
num_modes = 10