center_x = 10.154362318840576
center_y = 28.16923188405799
center_z = 51.396420289855065
size_x = 22
size_y = 22
size_z = 22
energy_range = 9
exhaustiveness = 32
num_modes = 10