center_x = 22.86029457364342
center_y = 34.15899224806202
center_z = 8.144767441860465
size_x = 22
size_y = 22
size_z = 22
energy_range = 9
exhaustiveness = 32
num_modes = 10