center_x = 25.101054794520536
center_y = 70.4722602739726
center_z = 32.243123287671224
size_x = 22
size_y = 22
size_z = 22
energy_range = 9
exhaustiveness = 32
num_modes = 10