center_x = 12.87501
center_y = 79.40006000000002
center_z = 46.81140000000003
size_x = 22
size_y = 22
size_z = 22
energy_range = 9
exhaustiveness = 32
num_modes = 10