center_x = 14.014090225563914
center_y = 67.9955338345865
center_z = 33.32141353383459
size_x = 22
size_y = 22
size_z = 22
energy_range = 9
exhaustiveness = 32
num_modes = 10