center_x = 24.02986033519553
center_y = 45.16682681564247
center_z = 37.41160335195531
size_x = 22
size_y = 22
size_z = 22
energy_range = 9
exhaustiveness = 32
num_modes = 10