center_x = 4.195486842105262
center_y = 63.44922368421051
center_z = 51.93038815789474
size_x = 22
size_y = 22
size_z = 22
energy_range = 9
exhaustiveness = 32
num_modes = 10