center_x = 22.094637795275588
center_y = 74.92650393700788
center_z = 27.142574803149607
size_x = 22
size_y = 22
size_z = 22
energy_range = 9
exhaustiveness = 32
num_modes = 10