center_x = 10.254630824372764
center_y = 30.141867383512533
center_z = 34.437774193548364
size_x = 22
size_y = 22
size_z = 22
energy_range = 9
exhaustiveness = 32
num_modes = 10