center_x = 27.989021148036223
center_y = 61.07161631419936
center_z = 52.472589123867024
size_x = 22
size_y = 22
size_z = 22
energy_range = 9
exhaustiveness = 32
num_modes = 10