center_x = 18.39643902439024
center_y = 28.076341463414643
center_z = 23.50312195121952
size_x = 22
size_y = 22
size_z = 22
energy_range = 9
exhaustiveness = 32
num_modes = 10