center_x = 3.942650349650351
center_y = 55.23307692307693
center_z = 36.163447552447536
size_x = 22
size_y = 22
size_z = 22
energy_range = 9
exhaustiveness = 32
num_modes = 10