center_x = 18.852404332129957
center_y = 63.1932779783394
center_z = 66.63768592057762
size_x = 22
size_y = 22
size_z = 22
energy_range = 9
exhaustiveness = 32
num_modes = 10