center_x = 0.9802946428571432
center_y = 49.7068973214286
center_z = 61.17719196428571
size_x = 22
size_y = 22
size_z = 22
energy_range = 9
exhaustiveness = 32
num_modes = 10