center_x = 20.068406175771965
center_y = 46.4329049881235
center_z = 44.01984085510687
size_x = 22
size_y = 22
size_z = 22
energy_range = 9
exhaustiveness = 32
num_modes = 10