center_x = 19.339206611570244
center_y = 26.910446280991724
center_z = 36.29461983471074
size_x = 22
size_y = 22
size_z = 22
energy_range = 9
exhaustiveness = 32
num_modes = 10