center_x = 71.30108878504673
center_y = 62.925149532710286
center_z = 7.321757009345795
size_x = 22
size_y = 22
size_z = 22
energy_range = 9
exhaustiveness = 32
num_modes = 10