center_x = 71.00776799999997
center_y = 56.10700400000001
center_z = 16.643347999999996
size_x = 22
size_y = 22
size_z = 22
energy_range = 9
exhaustiveness = 32
num_modes = 10