center_x = 71.29981343283578
center_y = 54.10348507462685
center_z = 19.494485074626866
size_x = 22
size_y = 22
size_z = 22
energy_range = 9
exhaustiveness = 32
num_modes = 10