center_x = 71.34123786407766
center_y = 65.66444174757278
center_z = 3.8846941747572794
size_x = 22
size_y = 22
size_z = 22
energy_range = 9
exhaustiveness = 32
num_modes = 10