center_x = 71.03880308529946
center_y = 56.58683666061707
center_z = 16.690195099818528
size_x = 22
size_y = 22
size_z = 22
energy_range = 9
exhaustiveness = 32
num_modes = 10