center_x = 71.36986940298506
center_y = 55.55263432835819
center_z = 18.27283955223881
size_x = 22
size_y = 22
size_z = 22
energy_range = 9
exhaustiveness = 32
num_modes = 10