center_x = 71.23621323529412
center_y = 62.519735294117616
center_z = 8.09940073529412
size_x = 22
size_y = 22
size_z = 22
energy_range = 9
exhaustiveness = 32
num_modes = 10