center_x = 71.3010887850467
center_y = 62.92514953271028
center_z = 7.321757009345795
size_x = 22
size_y = 22
size_z = 22
energy_range = 9
exhaustiveness = 32
num_modes = 10