center_x = 69.09804347826089
center_y = 62.42487351778661
center_z = 7.471624505928855
size_x = 22
size_y = 22
size_z = 22
energy_range = 9
exhaustiveness = 32
num_modes = 10