center_x = 106.64140816326534
center_y = 0.4956938775510202
center_z = 32.49969387755101
size_x = 22
size_y = 22
size_z = 22
energy_range = 9
exhaustiveness = 32
num_modes = 10