center_x = 103.1412764705882
center_y = -20.35797647058824
center_z = 25.045911764705885
size_x = 22
size_y = 22
size_z = 22
energy_range = 9
exhaustiveness = 32
num_modes = 10