center_x = 116.7878111888112
center_y = 6.250048951048951
center_z = 34.21175524475525
size_x = 22
size_y = 22
size_z = 22
energy_range = 9
exhaustiveness = 32
num_modes = 10