center_x = 107.92799999999994
center_y = -12.567022727272729
center_z = 37.407034090909086
size_x = 22
size_y = 22
size_z = 22
energy_range = 9
exhaustiveness = 32
num_modes = 10