center_x = 107.9846268656716
center_y = -7.036552238805973
center_z = 23.73341791044775
size_x = 22
size_y = 22
size_z = 22
energy_range = 9
exhaustiveness = 32
num_modes = 10