center_x = 114.24060769230768
center_y = -3.243123076923077
center_z = 30.42065384615384
size_x = 22
size_y = 22
size_z = 22
energy_range = 9
exhaustiveness = 32
num_modes = 10