center_x = 9.933838709677422
center_y = 63.173287096774175
center_z = -4.265851612903229
size_x = 22
size_y = 22
size_z = 22
energy_range = 9
exhaustiveness = 32
num_modes = 10