center_x = 15.41355339805826
center_y = 57.5108640776699
center_z = -5.386883495145626
size_x = 22
size_y = 22
size_z = 22
energy_range = 9
exhaustiveness = 32
num_modes = 10