center_x = 26.64993063583815
center_y = 70.17191907514452
center_z = 12.524433526011558
size_x = 22
size_y = 22
size_z = 22
energy_range = 9
exhaustiveness = 32
num_modes = 10