center_x = 62.074750000000016
center_y = 138.46546212121217
center_z = 39.542719696969705
size_x = 22
size_y = 22
size_z = 22
energy_range = 9
exhaustiveness = 32
num_modes = 10