center_x = 57.73589361702127
center_y = 130.52407801418445
center_z = 49.05799290780144
size_x = 22
size_y = 22
size_z = 22
energy_range = 9
exhaustiveness = 32
num_modes = 10