center_x = 65.15970921985816
center_y = 142.19814893617024
center_z = 43.51895035460991
size_x = 22
size_y = 22
size_z = 22
energy_range = 9
exhaustiveness = 32
num_modes = 10