center_x = 59.16590909090907
center_y = 159.607347107438
center_z = 52.80438842975205
size_x = 22
size_y = 22
size_z = 22
energy_range = 9
exhaustiveness = 32
num_modes = 10