center_x = 65.80834615384616
center_y = 134.815782051282
center_z = 63.96296153846153
size_x = 22
size_y = 22
size_z = 22
energy_range = 9
exhaustiveness = 32
num_modes = 10