center_x = 55.26002439024389
center_y = 133.63704878048773
center_z = 66.12584552845527
size_x = 22
size_y = 22
size_z = 22
energy_range = 9
exhaustiveness = 32
num_modes = 10