center_x = 50.65401327433627
center_y = 155.8238185840708
center_z = 57.47190707964602
size_x = 22
size_y = 22
size_z = 22
energy_range = 9
exhaustiveness = 32
num_modes = 10