center_x = 67.50388405797099
center_y = 133.21501449275365
center_z = 43.324630434782605
size_x = 22
size_y = 22
size_z = 22
energy_range = 9
exhaustiveness = 32
num_modes = 10