center_x = -2.812026196928639
center_y = 0.1211734417344177
center_z = -9.319884372177066
size_x = 22
size_y = 22
size_z = 22
energy_range = 9
exhaustiveness = 32
num_modes = 10