center_x = -0.8691414868105516
center_y = 6.352875299760189
center_z = -10.30354676258993
size_x = 22
size_y = 22
size_z = 22
energy_range = 9
exhaustiveness = 32
num_modes = 10