center_x = -6.995465174129349
center_y = -1.899447761194029
center_z = -8.435910447761195
size_x = 22
size_y = 22
size_z = 22
energy_range = 9
exhaustiveness = 32
num_modes = 10