center_x = -5.27332456140351
center_y = -3.5950350877192965
center_z = -8.345859649122804
size_x = 22
size_y = 22
size_z = 22
energy_range = 9
exhaustiveness = 32
num_modes = 10