center_x = -3.273133333333333
center_y = -3.420646666666668
center_z = -9.480913333333334
size_x = 22
size_y = 22
size_z = 22
energy_range = 9
exhaustiveness = 32
num_modes = 10