center_x = -3.034315934065934
center_y = 0.3283956043956048
center_z = -9.342104395604398
size_x = 22
size_y = 22
size_z = 22
energy_range = 9
exhaustiveness = 32
num_modes = 10