center_x = -7.364809941520466
center_y = 2.250169590643275
center_z = -7.843859649122806
size_x = 22
size_y = 22
size_z = 22
energy_range = 9
exhaustiveness = 32
num_modes = 10