center_x = -4.399184782608693
center_y = -5.020065217391301
center_z = -9.307688405797109
size_x = 22
size_y = 22
size_z = 22
energy_range = 9
exhaustiveness = 32
num_modes = 10