center_x = -0.8424479166666667
center_y = 5.583524305555557
center_z = -10.553263888888884
size_x = 22
size_y = 22
size_z = 22
energy_range = 9
exhaustiveness = 32
num_modes = 10