center_x = -3.5299990583804157
center_y = -1.0961478342749529
center_z = -8.952990583804139
size_x = 22
size_y = 22
size_z = 22
energy_range = 9
exhaustiveness = 32
num_modes = 10