center_x = -0.4183813333333333
center_y = 2.4402453333333325
center_z = -10.359306666666663
size_x = 22
size_y = 22
size_z = 22
energy_range = 9
exhaustiveness = 32
num_modes = 10