center_x = -4.648440329218108
center_y = -5.219489711934159
center_z = -9.217086419753088
size_x = 22
size_y = 22
size_z = 22
energy_range = 9
exhaustiveness = 32
num_modes = 10