center_x = 2.502007092198581
center_y = 4.788154255319153
center_z = -11.435441489361695
size_x = 22
size_y = 22
size_z = 22
energy_range = 9
exhaustiveness = 32
num_modes = 10