center_x = -4.399184782608696
center_y = -5.020065217391306
center_z = -9.3076884057971
size_x = 22
size_y = 22
size_z = 22
energy_range = 9
exhaustiveness = 32
num_modes = 10