center_x = -6.996759398496244
center_y = -2.2344285714285714
center_z = -7.929330827067667
size_x = 22
size_y = 22
size_z = 22
energy_range = 9
exhaustiveness = 32
num_modes = 10