center_x = -4.105007194244601
center_y = -3.053386091127097
center_z = -8.799577937649879
size_x = 22
size_y = 22
size_z = 22
energy_range = 9
exhaustiveness = 32
num_modes = 10