center_x = -7.760976897689769
center_y = -3.7863201320132
center_z = -7.493458745874585
size_x = 22
size_y = 22
size_z = 22
energy_range = 9
exhaustiveness = 32
num_modes = 10