center_x = -0.7330436507936509
center_y = 5.569884920634921
center_z = -10.627861111111104
size_x = 22
size_y = 22
size_z = 22
energy_range = 9
exhaustiveness = 32
num_modes = 10