center_x = -7.984261682242997
center_y = -7.978630841121496
center_z = -7.291401869158883
size_x = 22
size_y = 22
size_z = 22
energy_range = 9
exhaustiveness = 32
num_modes = 10