center_x = 1.4996561403508777
center_y = 7.189385964912282
center_z = -11.391729824561402
size_x = 22
size_y = 22
size_z = 22
energy_range = 9
exhaustiveness = 32
num_modes = 10