center_x = -3.3049760000000004
center_y = 1.4611946666666658
center_z = -9.772143999999996
size_x = 22
size_y = 22
size_z = 22
energy_range = 9
exhaustiveness = 32
num_modes = 10