center_x = -0.4944175627240134
center_y = 6.055121863799285
center_z = -10.347041218638
size_x = 22
size_y = 22
size_z = 22
energy_range = 9
exhaustiveness = 32
num_modes = 10