center_x = 19.583832167832167
center_y = 13.12341958041958
center_z = 104.32740559440562
size_x = 22
size_y = 22
size_z = 22
energy_range = 9
exhaustiveness = 32
num_modes = 10