center_x = 6.689145077720208
center_y = 27.996937823834205
center_z = 134.84091709844557
size_x = 22
size_y = 22
size_z = 22
energy_range = 9
exhaustiveness = 32
num_modes = 10