center_x = -7.483162162162164
center_y = 20.330027027027025
center_z = 113.72043243243236
size_x = 22
size_y = 22
size_z = 22
energy_range = 9
exhaustiveness = 32
num_modes = 10