center_x = 12.902328767123288
center_y = 43.93710958904109
center_z = 125.57484931506846
size_x = 22
size_y = 22
size_z = 22
energy_range = 9
exhaustiveness = 32
num_modes = 10