center_x = -10.522666666666664
center_y = 27.0478817204301
center_z = 118.99713978494628
size_x = 22
size_y = 22
size_z = 22
energy_range = 9
exhaustiveness = 32
num_modes = 10