center_x = -0.5675840000000004
center_y = 23.2376
center_z = 100.54410399999996
size_x = 22
size_y = 22
size_z = 22
energy_range = 9
exhaustiveness = 32
num_modes = 10