center_x = 18.415711538461537
center_y = 16.748108974358964
center_z = 114.739108974359
size_x = 22
size_y = 22
size_z = 22
energy_range = 9
exhaustiveness = 32
num_modes = 10