center_x = 23.238903846153843
center_y = 15.931375000000005
center_z = 121.86156730769234
size_x = 22
size_y = 22
size_z = 22
energy_range = 9
exhaustiveness = 32
num_modes = 10