center_x = 6.803817543859649
center_y = 22.580449122807003
center_z = 122.19103157894732
size_x = 22
size_y = 22
size_z = 22
energy_range = 9
exhaustiveness = 32
num_modes = 10