center_x = 6.2390194174757285
center_y = 38.283990291262114
center_z = 138.7636019417476
size_x = 22
size_y = 22
size_z = 22
energy_range = 9
exhaustiveness = 32
num_modes = 10