center_x = 8.014946153846157
center_y = 47.063099999999984
center_z = 133.36393846153848
size_x = 22
size_y = 22
size_z = 22
energy_range = 9
exhaustiveness = 32
num_modes = 10