center_x = 6.207915254237292
center_y = 36.797050847457626
center_z = 117.34073446327686
size_x = 22
size_y = 22
size_z = 22
energy_range = 9
exhaustiveness = 32
num_modes = 10