center_x = 7.93456153846154
center_y = 34.684761538461544
center_z = 124.17173846153848
size_x = 22
size_y = 22
size_z = 22
energy_range = 9
exhaustiveness = 32
num_modes = 10