center_x = -2.9935684931506854
center_y = 42.35572602739727
center_z = 126.65564383561644
size_x = 22
size_y = 22
size_z = 22
energy_range = 9
exhaustiveness = 32
num_modes = 10