center_x = 19.464457711442783
center_y = 23.14028855721392
center_z = 104.0201094527363
size_x = 22
size_y = 22
size_z = 22
energy_range = 9
exhaustiveness = 32
num_modes = 10