center_x = 69.73241666666668
center_y = 21.523679487179493
center_z = 13.402352564102562
size_x = 22
size_y = 22
size_z = 22
energy_range = 9
exhaustiveness = 32
num_modes = 10