center_x = 57.27796774193546
center_y = 24.555903225806443
center_z = 45.54397849462367
size_x = 22
size_y = 22
size_z = 22
energy_range = 9
exhaustiveness = 32
num_modes = 10