center_x = 73.21747101449277
center_y = 20.61000724637681
center_z = 23.32094202898551
size_x = 22
size_y = 22
size_z = 22
energy_range = 9
exhaustiveness = 32
num_modes = 10