center_x = 75.77069523809523
center_y = 41.26676190476191
center_z = 29.86040000000001
size_x = 22
size_y = 22
size_z = 22
energy_range = 9
exhaustiveness = 32
num_modes = 10