center_x = 52.993652892562
center_y = 20.29394214876033
center_z = 36.87314876033059
size_x = 22
size_y = 22
size_z = 22
energy_range = 9
exhaustiveness = 32
num_modes = 10