center_x = 53.38946212121212
center_y = 31.00594696969695
center_z = 39.57832575757575
size_x = 22
size_y = 22
size_z = 22
energy_range = 9
exhaustiveness = 32
num_modes = 10