center_x = 67.65710071942448
center_y = 38.052230215827336
center_z = 33.30261151079136
size_x = 22
size_y = 22
size_z = 22
energy_range = 9
exhaustiveness = 32
num_modes = 10