center_x = 73.57753030303029
center_y = 37.52068181818181
center_z = 20.580303030303025
size_x = 22
size_y = 22
size_z = 22
energy_range = 9
exhaustiveness = 32
num_modes = 10