center_x = 77.56428947368421
center_y = 33.56469298245613
center_z = 41.806131578947394
size_x = 22
size_y = 22
size_z = 22
energy_range = 9
exhaustiveness = 32
num_modes = 10