center_x = 83.96826666666671
center_y = 37.50217333333333
center_z = 31.68612666666666
size_x = 22
size_y = 22
size_z = 22
energy_range = 9
exhaustiveness = 32
num_modes = 10