center_x = 106.41685833333324
center_y = 62.599579166666665
center_z = 46.51485000000002
size_x = 22
size_y = 22
size_z = 22
energy_range = 9
exhaustiveness = 32
num_modes = 10