center_x = 101.47635119047618
center_y = 65.88341071428567
center_z = 53.1584642857143
size_x = 22
size_y = 22
size_z = 22
energy_range = 9
exhaustiveness = 32
num_modes = 10