center_x = 106.38305617977532
center_y = 69.70685393258428
center_z = 37.948438202247225
size_x = 22
size_y = 22
size_z = 22
energy_range = 9
exhaustiveness = 32
num_modes = 10