center_x = 116.19540254237288
center_y = 60.01514406779658
center_z = 64.48332203389823
size_x = 22
size_y = 22
size_z = 22
energy_range = 9
exhaustiveness = 32
num_modes = 10