center_x = 102.43935947712416
center_y = 70.09311764705878
center_z = 56.04247058823532
size_x = 22
size_y = 22
size_z = 22
energy_range = 9
exhaustiveness = 32
num_modes = 10