center_x = 106.20373697916664
center_y = 65.68806249999999
center_z = 42.57896093749997
size_x = 22
size_y = 22
size_z = 22
energy_range = 9
exhaustiveness = 32
num_modes = 10