center_x = 118.11044019138758
center_y = 70.85337320574165
center_z = 59.29096650717696
size_x = 22
size_y = 22
size_z = 22
energy_range = 9
exhaustiveness = 32
num_modes = 10