center_x = 110.5016751824818
center_y = 62.12333211678836
center_z = 58.38968248175182
size_x = 22
size_y = 22
size_z = 22
energy_range = 9
exhaustiveness = 32
num_modes = 10