center_x = 117.06772857142856
center_y = 62.28511071428575
center_z = 67.17606428571428
size_x = 22
size_y = 22
size_z = 22
energy_range = 9
exhaustiveness = 32
num_modes = 10