center_x = 106.29852989130436
center_y = 72.23082880434784
center_z = 53.74636684782606
size_x = 22
size_y = 22
size_z = 22
energy_range = 9
exhaustiveness = 32
num_modes = 10