center_x = 112.852667929293
center_y = 74.7330063131314
center_z = 53.59887752525245
size_x = 22
size_y = 22
size_z = 22
energy_range = 9
exhaustiveness = 32
num_modes = 10