center_x = 116.69381506849317
center_y = 68.19669520547949
center_z = 64.39590068493152
size_x = 22
size_y = 22
size_z = 22
energy_range = 9
exhaustiveness = 32
num_modes = 10