center_x = 113.07992553191484
center_y = 78.30079078014178
center_z = 42.26668794326241
size_x = 22
size_y = 22
size_z = 22
energy_range = 9
exhaustiveness = 32
num_modes = 10