center_x = 118.99446086956516
center_y = 72.4113347826087
center_z = 50.38190724637685
size_x = 22
size_y = 22
size_z = 22
energy_range = 9
exhaustiveness = 32
num_modes = 10