center_x = 116.1954025423729
center_y = 60.01514406779659
center_z = 64.48332203389825
size_x = 22
size_y = 22
size_z = 22
energy_range = 9
exhaustiveness = 32
num_modes = 10