center_x = 117.27857547169808
center_y = 74.1901745283019
center_z = 35.948014150943386
size_x = 22
size_y = 22
size_z = 22
energy_range = 9
exhaustiveness = 32
num_modes = 10