center_x = 103.15621052631585
center_y = 63.50537368421052
center_z = 56.221763157894735
size_x = 22
size_y = 22
size_z = 22
energy_range = 9
exhaustiveness = 32
num_modes = 10