center_x = 117.28876635514024
center_y = 61.28519626168226
center_z = 68.54543925233638
size_x = 22
size_y = 22
size_z = 22
energy_range = 9
exhaustiveness = 32
num_modes = 10