center_x = 107.70932638888884
center_y = 72.29722222222223
center_z = 37.68164583333333
size_x = 22
size_y = 22
size_z = 22
energy_range = 9
exhaustiveness = 32
num_modes = 10