center_x = 111.7044536082474
center_y = 70.8421288659794
center_z = 36.40217525773197
size_x = 22
size_y = 22
size_z = 22
energy_range = 9
exhaustiveness = 32
num_modes = 10