center_x = 111.297381974249
center_y = 63.23588841201715
center_z = 49.36414377682407
size_x = 22
size_y = 22
size_z = 22
energy_range = 9
exhaustiveness = 32
num_modes = 10