center_x = 113.8943233082707
center_y = 63.38112406015038
center_z = 63.53315413533834
size_x = 22
size_y = 22
size_z = 22
energy_range = 9
exhaustiveness = 32
num_modes = 10