center_x = 117.78949259259257
center_y = 72.64264444444444
center_z = 39.92200370370371
size_x = 22
size_y = 22
size_z = 22
energy_range = 9
exhaustiveness = 32
num_modes = 10