center_x = 113.56642825112095
center_y = 72.57327466367718
center_z = 54.18136659192814
size_x = 22
size_y = 22
size_z = 22
energy_range = 9
exhaustiveness = 32
num_modes = 10