center_x = 104.60882824427486
center_y = 66.77951908396945
center_z = 62.89153816793896
size_x = 22
size_y = 22
size_z = 22
energy_range = 9
exhaustiveness = 32
num_modes = 10