center_x = 118.03117094017097
center_y = 73.11819230769228
center_z = 59.25967521367522
size_x = 22
size_y = 22
size_z = 22
energy_range = 9
exhaustiveness = 32
num_modes = 10