center_x = 110.50167518248185
center_y = 62.12333211678828
center_z = 58.38968248175181
size_x = 22
size_y = 22
size_z = 22
energy_range = 9
exhaustiveness = 32
num_modes = 10