center_x = 103.1562105263158
center_y = 63.50537368421053
center_z = 56.22176315789473
size_x = 22
size_y = 22
size_z = 22
energy_range = 9
exhaustiveness = 32
num_modes = 10