center_x = 107.70932638888888
center_y = 72.2972222222222
center_z = 37.68164583333335
size_x = 22
size_y = 22
size_z = 22
energy_range = 9
exhaustiveness = 32
num_modes = 10