center_x = 110.34688732394363
center_y = 66.19528873239439
center_z = 69.47061619718313
size_x = 22
size_y = 22
size_z = 22
energy_range = 9
exhaustiveness = 32
num_modes = 10