center_x = 113.40735714285714
center_y = 68.05665873015873
center_z = 43.13765476190475
size_x = 22
size_y = 22
size_z = 22
energy_range = 9
exhaustiveness = 32
num_modes = 10