center_x = 106.4168583333333
center_y = 62.59957916666668
center_z = 46.51485000000004
size_x = 22
size_y = 22
size_z = 22
energy_range = 9
exhaustiveness = 32
num_modes = 10