center_x = 23.769931818181817
center_y = 21.91120454545454
center_z = 31.659825757575764
size_x = 22
size_y = 22
size_z = 22
energy_range = 9
exhaustiveness = 32
num_modes = 10