center_x = -11.93112138728324
center_y = 26.56584393063584
center_z = -9.102242774566475
size_x = 22
size_y = 22
size_z = 22
energy_range = 9
exhaustiveness = 32
num_modes = 10