center_x = 14.296376000000002
center_y = 35.708016
center_z = 46.444456
size_x = 22
size_y = 22
size_z = 22
energy_range = 9
exhaustiveness = 32
num_modes = 10