center_x = -5.485210256410258
center_y = 38.96617692307695
center_z = 19.313297435897443
size_x = 22
size_y = 22
size_z = 22
energy_range = 9
exhaustiveness = 32
num_modes = 10