center_x = 19.54444366197184
center_y = 56.89964084507045
center_z = 37.08024647887323
size_x = 22
size_y = 22
size_z = 22
energy_range = 9
exhaustiveness = 32
num_modes = 10