center_x = 24.81677142857143
center_y = 52.98230714285715
center_z = 34.47835714285714
size_x = 22
size_y = 22
size_z = 22
energy_range = 9
exhaustiveness = 32
num_modes = 10