receptor = data/6uhu/6uhu_ligand.pdbqt
ligand = data/6uhu/6uhu_protein.pdbqt
center_x = -5.485210256410258
center_y = 38.96617692307695
center_z = 19.313297435897443
size_x = 26.791579487179483
size_y = 27.299646153846098
size_z = 23.67859487179489
energy_range = 9
exhaustiveness = 32
num_modes = 10