center_x = -8.839748427672951
center_y = 38.42266666666665
center_z = 31.190628930817617
size_x = 22
size_y = 22
size_z = 22
energy_range = 9
exhaustiveness = 32
num_modes = 10