center_x = 9.298103092783506
center_y = 56.01012371134024
center_z = 29.1148969072165
size_x = 22
size_y = 22
size_z = 22
energy_range = 9
exhaustiveness = 32
num_modes = 10