center_x = 6.191834951456315
center_y = 38.95038834951455
center_z = 10.76868284789644
size_x = 22
size_y = 22
size_z = 22
energy_range = 9
exhaustiveness = 32
num_modes = 10