center_x = 27.246202380952376
center_y = 50.45515476190475
center_z = 51.086035714285714
size_x = 22
size_y = 22
size_z = 22
energy_range = 9
exhaustiveness = 32
num_modes = 10