center_x = 8.0952077922078
center_y = 22.296194805194805
center_z = 6.288753246753248
size_x = 22
size_y = 22
size_z = 22
energy_range = 9
exhaustiveness = 32
num_modes = 10