center_x = 29.461712643678165
center_y = 47.87824137931036
center_z = 44.65397126436782
size_x = 22
size_y = 22
size_z = 22
energy_range = 9
exhaustiveness = 32
num_modes = 10