center_x = 21.699743589743587
center_y = 40.1720205128205
center_z = 34.79039487179487
size_x = 22
size_y = 22
size_z = 22
energy_range = 9
exhaustiveness = 32
num_modes = 10