center_x = -2.516769230769231
center_y = 23.71030769230769
center_z = 35.92798717948717
size_x = 22
size_y = 22
size_z = 22
energy_range = 9
exhaustiveness = 32
num_modes = 10