center_x = -12.079201492537312
center_y = 28.141567164179115
center_z = 23.77560447761194
size_x = 22
size_y = 22
size_z = 22
energy_range = 9
exhaustiveness = 32
num_modes = 10