center_x = -18.88118571428572
center_y = 25.756178571428578
center_z = -8.620707142857144
size_x = 22
size_y = 22
size_z = 22
energy_range = 9
exhaustiveness = 32
num_modes = 10