center_x = -23.271337142857146
center_y = 28.63073714285716
center_z = 4.681285714285718
size_x = 22
size_y = 22
size_z = 22
energy_range = 9
exhaustiveness = 32
num_modes = 10