center_x = 0.3620687500000003
center_y = 35.82881874999999
center_z = 5.303418750000001
size_x = 22
size_y = 22
size_z = 22
energy_range = 9
exhaustiveness = 32
num_modes = 10