center_x = 20.045359550561795
center_y = 44.72916853932585
center_z = 14.708505617977524
size_x = 22
size_y = 22
size_z = 22
energy_range = 9
exhaustiveness = 32
num_modes = 10