center_x = -20.25318881118882
center_y = 34.73857342657344
center_z = 15.542755244755243
size_x = 22
size_y = 22
size_z = 22
energy_range = 9
exhaustiveness = 32
num_modes = 10