center_x = 15.129977272727269
center_y = 14.95993181818182
center_z = 14.072704545454547
size_x = 22
size_y = 22
size_z = 22
energy_range = 9
exhaustiveness = 32
num_modes = 10