center_x = 10.445787610619464
center_y = 46.53782300884957
center_z = 16.465995575221232
size_x = 22
size_y = 22
size_z = 22
energy_range = 9
exhaustiveness = 32
num_modes = 10