center_x = -5.064070866141731
center_y = 26.84829133858268
center_z = 28.41203149606299
size_x = 22
size_y = 22
size_z = 22
energy_range = 9
exhaustiveness = 32
num_modes = 10