center_x = -3.10827397260274
center_y = 18.1254109589041
center_z = 27.714890410958915
size_x = 22
size_y = 22
size_z = 22
energy_range = 9
exhaustiveness = 32
num_modes = 10