center_x = -3.712664062500001
center_y = 7.390734374999999
center_z = 15.620296875000008
size_x = 22
size_y = 22
size_z = 22
energy_range = 9
exhaustiveness = 32
num_modes = 10