center_x = -11.678203883495144
center_y = 34.149747572815535
center_z = -6.781155339805826
size_x = 22
size_y = 22
size_z = 22
energy_range = 9
exhaustiveness = 32
num_modes = 10