center_x = -14.974556900726396
center_y = 18.53635351089589
center_z = 14.57653753026634
size_x = 22
size_y = 22
size_z = 22
energy_range = 9
exhaustiveness = 32
num_modes = 10