center_x = -4.165853333333334
center_y = 47.75130666666666
center_z = 37.8862
size_x = 22
size_y = 22
size_z = 22
energy_range = 9
exhaustiveness = 32
num_modes = 10