center_x = 12.988929824561405
center_y = 47.77156140350876
center_z = 55.18744736842108
size_x = 22
size_y = 22
size_z = 22
energy_range = 9
exhaustiveness = 32
num_modes = 10