center_x = 1.934355263157895
center_y = 9.670026315789476
center_z = 26.86638157894736
size_x = 22
size_y = 22
size_z = 22
energy_range = 9
exhaustiveness = 32
num_modes = 10