center_x = -0.8091627906976743
center_y = 34.523821705426364
center_z = 47.07628682170543
size_x = 22
size_y = 22
size_z = 22
energy_range = 9
exhaustiveness = 32
num_modes = 10