center_x = 11.772940170940172
center_y = 15.15244444444444
center_z = -18.260914529914523
size_x = 22
size_y = 22
size_z = 22
energy_range = 9
exhaustiveness = 32
num_modes = 10