center_x = -8.468506666666665
center_y = 19.74650666666667
center_z = -32.971260000000015
size_x = 22
size_y = 22
size_z = 22
energy_range = 9
exhaustiveness = 32
num_modes = 10