center_x = 13.409897058823534
center_y = 12.947720588235295
center_z = -32.92654411764707
size_x = 22
size_y = 22
size_z = 22
energy_range = 9
exhaustiveness = 32
num_modes = 10