center_x = -30.012118644067783
center_y = 10.049423728813556
center_z = -25.14822033898305
size_x = 22
size_y = 22
size_z = 22
energy_range = 9
exhaustiveness = 32
num_modes = 10