center_x = -8.613091463414637
center_y = 42.96589634146342
center_z = -21.989146341463407
size_x = 22
size_y = 22
size_z = 22
energy_range = 9
exhaustiveness = 32
num_modes = 10