center_x = 5.4385215053763405
center_y = 26.858123655913968
center_z = -38.19180645161289
size_x = 22
size_y = 22
size_z = 22
energy_range = 9
exhaustiveness = 32
num_modes = 10