center_x = -26.00729824561404
center_y = 16.25398245614035
center_z = -15.149587719298244
size_x = 22
size_y = 22
size_z = 22
energy_range = 9
exhaustiveness = 32
num_modes = 10