center_x = -9.085368852459018
center_y = 12.680663934426228
center_z = -8.840360655737705
size_x = 22
size_y = 22
size_z = 22
energy_range = 9
exhaustiveness = 32
num_modes = 10