center_x = -23.367542553191484
center_y = 37.29229787234043
center_z = -32.76402127659576
size_x = 22
size_y = 22
size_z = 22
energy_range = 9
exhaustiveness = 32
num_modes = 10