center_x = -18.93549657534247
center_y = 16.20497431506849
center_z = -27.91445376712328
size_x = 22
size_y = 22
size_z = 22
energy_range = 9
exhaustiveness = 32
num_modes = 10