center_x = 7.322785714285717
center_y = 14.832669642857136
center_z = -14.8276875
size_x = 22
size_y = 22
size_z = 22
energy_range = 9
exhaustiveness = 32
num_modes = 10