center_x = -18.93066257668711
center_y = 43.85528220858895
center_z = -29.122441717791403
size_x = 22
size_y = 22
size_z = 22
energy_range = 9
exhaustiveness = 32
num_modes = 10