center_x = -6.284583732057418
center_y = 11.996014354066988
center_z = -16.95513397129187
size_x = 22
size_y = 22
size_z = 22
energy_range = 9
exhaustiveness = 32
num_modes = 10