center_x = -21.32622302158273
center_y = 4.889050359712232
center_z = -16.02339568345323
size_x = 22
size_y = 22
size_z = 22
energy_range = 9
exhaustiveness = 32
num_modes = 10