center_x = -0.8707520661157037
center_y = 28.17811157024794
center_z = -15.59054958677685
size_x = 22
size_y = 22
size_z = 22
energy_range = 9
exhaustiveness = 32
num_modes = 10