center_x = -7.665431250000005
center_y = 11.511725000000004
center_z = -24.6282
size_x = 22
size_y = 22
size_z = 22
energy_range = 9
exhaustiveness = 32
num_modes = 10