center_x = -33.038008130081295
center_y = 19.58231707317074
center_z = -22.794016260162596
size_x = 22
size_y = 22
size_z = 22
energy_range = 9
exhaustiveness = 32
num_modes = 10