center_x = -20.312059829059827
center_y = 8.50247863247863
center_z = -30.653213675213667
size_x = 22
size_y = 22
size_z = 22
energy_range = 9
exhaustiveness = 32
num_modes = 10