center_x = -21.7457591240876
center_y = 27.89080291970802
center_z = -23.18561313868613
size_x = 22
size_y = 22
size_z = 22
energy_range = 9
exhaustiveness = 32
num_modes = 10