center_x = -5.338637254901961
center_y = 32.702068627450984
center_z = -13.257970588235294
size_x = 22
size_y = 22
size_z = 22
energy_range = 9
exhaustiveness = 32
num_modes = 10