center_x = 10.354929687499991
center_y = 13.59228125
center_z = -26.397984375000004
size_x = 22
size_y = 22
size_z = 22
energy_range = 9
exhaustiveness = 32
num_modes = 10