center_x = 11.118188679245282
center_y = 27.919389937106907
center_z = -22.44236477987421
size_x = 22
size_y = 22
size_z = 22
energy_range = 9
exhaustiveness = 32
num_modes = 10