center_x = -9.722127450980397
center_y = 43.451676470588254
center_z = -29.88500980392156
size_x = 22
size_y = 22
size_z = 22
energy_range = 9
exhaustiveness = 32
num_modes = 10