center_x = 5.234466666666666
center_y = 24.19464444444444
center_z = -10.486866666666668
size_x = 22
size_y = 22
size_z = 22
energy_range = 9
exhaustiveness = 32
num_modes = 10