center_x = -14.579368852459014
center_y = 39.21264754098361
center_z = -23.91799180327868
size_x = 22
size_y = 22
size_z = 22
energy_range = 9
exhaustiveness = 32
num_modes = 10