center_x = 20.19705714285715
center_y = -14.430557142857138
center_z = -30.53755714285715
size_x = 22
size_y = 22
size_z = 22
energy_range = 9
exhaustiveness = 32
num_modes = 10