center_x = 26.675719298245607
center_y = -31.901359649122806
center_z = -23.009350877192983
size_x = 22
size_y = 22
size_z = 22
energy_range = 9
exhaustiveness = 32
num_modes = 10