center_x = 10.509277372262767
center_y = -27.39702919708029
center_z = -4.11074817518248
size_x = 22
size_y = 22
size_z = 22
energy_range = 9
exhaustiveness = 32
num_modes = 10