center_x = 14.885187500000004
center_y = -10.687041666666666
center_z = -21.869166666666658
size_x = 22
size_y = 22
size_z = 22
energy_range = 9
exhaustiveness = 32
num_modes = 10