center_x = 10.976174904942969
center_y = -16.702583016476552
center_z = -14.779067173637491
size_x = 22
size_y = 22
size_z = 22
energy_range = 9
exhaustiveness = 32
num_modes = 10