center_x = 10.43444881889764
center_y = -39.37507874015749
center_z = -16.257307086614173
size_x = 22
size_y = 22
size_z = 22
energy_range = 9
exhaustiveness = 32
num_modes = 10