center_x = 26.48900845665962
center_y = -20.36708668076113
center_z = -20.64807188160677
size_x = 22
size_y = 22
size_z = 22
energy_range = 9
exhaustiveness = 32
num_modes = 10