center_x = 10.363790123456788
center_y = -1.3637962962962964
center_z = -20.70372222222223
size_x = 22
size_y = 22
size_z = 22
energy_range = 9
exhaustiveness = 32
num_modes = 10