center_x = 27.309539007092184
center_y = 6.7985035460992895
center_z = -9.76741843971631
size_x = 22
size_y = 22
size_z = 22
energy_range = 9
exhaustiveness = 32
num_modes = 10