center_x = 2.587661157024794
center_y = -18.279661157024798
center_z = 7.825223140495866
size_x = 22
size_y = 22
size_z = 22
energy_range = 9
exhaustiveness = 32
num_modes = 10