center_x = 7.71427464788732
center_y = -3.9323380281690135
center_z = -9.012352112676052
size_x = 22
size_y = 22
size_z = 22
energy_range = 9
exhaustiveness = 32
num_modes = 10