center_x = 21.415721153846164
center_y = 8.135086538461536
center_z = -33.405874999999995
size_x = 22
size_y = 22
size_z = 22
energy_range = 9
exhaustiveness = 32
num_modes = 10