center_x = 14.433946859903374
center_y = -22.89083574879227
center_z = -25.388560386473426
size_x = 22
size_y = 22
size_z = 22
energy_range = 9
exhaustiveness = 32
num_modes = 10