center_x = 10.564782608695648
center_y = 7.065739130434781
center_z = -19.117608695652176
size_x = 22
size_y = 22
size_z = 22
energy_range = 9
exhaustiveness = 32
num_modes = 10