center_x = -1.2311056910569105
center_y = -23.546048780487794
center_z = -6.469471544715447
size_x = 22
size_y = 22
size_z = 22
energy_range = 9
exhaustiveness = 32
num_modes = 10