center_x = 9.1172196969697
center_y = -6.499446969696973
center_z = 6.045719696969699
size_x = 22
size_y = 22
size_z = 22
energy_range = 9
exhaustiveness = 32
num_modes = 10