center_x = 21.39435937500001
center_y = -2.0151171875
center_z = -32.43907031250001
size_x = 22
size_y = 22
size_z = 22
energy_range = 9
exhaustiveness = 32
num_modes = 10