center_x = -2.4721605839416045
center_y = -17.652985401459848
center_z = -6.588204379562044
size_x = 22
size_y = 22
size_z = 22
energy_range = 9
exhaustiveness = 32
num_modes = 10