center_x = -0.3451428571428572
center_y = -10.662735714285713
center_z = -32.97979285714287
size_x = 22
size_y = 22
size_z = 22
energy_range = 9
exhaustiveness = 32
num_modes = 10