center_x = 28.801287425149717
center_y = -6.856574850299397
center_z = -8.571862275449101
size_x = 22
size_y = 22
size_z = 22
energy_range = 9
exhaustiveness = 32
num_modes = 10