center_x = 31.367656862745108
center_y = -20.09205882352941
center_z = -24.06027450980392
size_x = 22
size_y = 22
size_z = 22
energy_range = 9
exhaustiveness = 32
num_modes = 10