center_x = 17.216191387559817
center_y = -10.613339712918668
center_z = 0.257555023923445
size_x = 22
size_y = 22
size_z = 22
energy_range = 9
exhaustiveness = 32
num_modes = 10