center_x = -1.94415
center_y = -15.729812500000005
center_z = -14.413525000000002
size_x = 22
size_y = 22
size_z = 22
energy_range = 9
exhaustiveness = 32
num_modes = 10