center_x = 6.537013333333333
center_y = -12.50889333333333
center_z = -27.60925333333333
size_x = 22
size_y = 22
size_z = 22
energy_range = 9
exhaustiveness = 32
num_modes = 10