center_x = -0.2664014084507048
center_y = -21.649084507042268
center_z = -25.54110563380281
size_x = 22
size_y = 22
size_z = 22
energy_range = 9
exhaustiveness = 32
num_modes = 10