center_x = 10.471521739130434
center_y = -43.071173913043474
center_z = -22.17602898550725
size_x = 22
size_y = 22
size_z = 22
energy_range = 9
exhaustiveness = 32
num_modes = 10