center_x = 2.321888888888888
center_y = 102.73083703703703
center_z = 0.0742444444444447
size_x = 22
size_y = 22
size_z = 22
energy_range = 9
exhaustiveness = 32
num_modes = 10