center_x = 4.803905555555553
center_y = 83.68028888888891
center_z = -3.835644444444444
size_x = 22
size_y = 22
size_z = 22
energy_range = 9
exhaustiveness = 32
num_modes = 10