center_x = 0.6011618497109825
center_y = 96.34441040462428
center_z = -0.4303872832369939
size_x = 22
size_y = 22
size_z = 22
energy_range = 9
exhaustiveness = 32
num_modes = 10