center_x = 21.19211267605633
center_y = 83.86308450704229
center_z = 12.213436619718316
size_x = 22
size_y = 22
size_z = 22
energy_range = 9
exhaustiveness = 32
num_modes = 10