center_x = 16.7329923076923
center_y = 87.02718461538461
center_z = 0.920084615384615
size_x = 22
size_y = 22
size_z = 22
energy_range = 9
exhaustiveness = 32
num_modes = 10