center_x = 4.520351351351351
center_y = 108.35441891891897
center_z = 16.59181756756757
size_x = 22
size_y = 22
size_z = 22
energy_range = 9
exhaustiveness = 32
num_modes = 10