center_x = 11.108586274509802
center_y = 16.218276470588243
center_z = 20.260882352941184
size_x = 22
size_y = 22
size_z = 22
energy_range = 9
exhaustiveness = 32
num_modes = 10