center_x = 6.874597765363129
center_y = 3.6542011173184377
center_z = 17.149843575419
size_x = 22
size_y = 22
size_z = 22
energy_range = 9
exhaustiveness = 32
num_modes = 10