center_x = 0.6913116883116881
center_y = 2.57925974025974
center_z = 32.381701298701294
size_x = 22
size_y = 22
size_z = 22
energy_range = 9
exhaustiveness = 32
num_modes = 10