center_x = 7.7574
center_y = 3.4115741935483883
center_z = 29.33473548387097
size_x = 22
size_y = 22
size_z = 22
energy_range = 9
exhaustiveness = 32
num_modes = 10