center_x = 5.976286384976524
center_y = 23.42520657276996
center_z = 13.787460093896716
size_x = 22
size_y = 22
size_z = 22
energy_range = 9
exhaustiveness = 32
num_modes = 10