center_x = -8.580662068965522
center_y = 25.142820689655167
center_z = 22.461082758620687
size_x = 22
size_y = 22
size_z = 22
energy_range = 9
exhaustiveness = 32
num_modes = 10