center_x = 18.331844827586213
center_y = 10.949810344827592
center_z = 11.80095689655172
size_x = 22
size_y = 22
size_z = 22
energy_range = 9
exhaustiveness = 32
num_modes = 10