center_x = 14.67878881987577
center_y = 9.602565217391309
center_z = 6.029260869565218
size_x = 22
size_y = 22
size_z = 22
energy_range = 9
exhaustiveness = 32
num_modes = 10