center_x = -7.4446394984326
center_y = 7.798768025078363
center_z = 23.630780564263308
size_x = 22
size_y = 22
size_z = 22
energy_range = 9
exhaustiveness = 32
num_modes = 10