center_x = -2.508686046511627
center_y = 0.5456511627906976
center_z = 28.43413953488372
size_x = 22
size_y = 22
size_z = 22
energy_range = 9
exhaustiveness = 32
num_modes = 10