center_x = 2.329218750000001
center_y = 16.57453125
center_z = 8.057875000000003
size_x = 22
size_y = 22
size_z = 22
energy_range = 9
exhaustiveness = 32
num_modes = 10