center_x = 0.123985401459854
center_y = 31.93432116788321
center_z = 21.25325547445256
size_x = 22
size_y = 22
size_z = 22
energy_range = 9
exhaustiveness = 32
num_modes = 10