center_x = 4.815055045871561
center_y = 9.702788990825686
center_z = 7.007880733944952
size_x = 22
size_y = 22
size_z = 22
energy_range = 9
exhaustiveness = 32
num_modes = 10