center_x = 17.081544444444432
center_y = 6.221038888888891
center_z = 21.17408333333332
size_x = 22
size_y = 22
size_z = 22
energy_range = 9
exhaustiveness = 32
num_modes = 10