center_x = -7.395590361445786
center_y = 18.438361445783126
center_z = -14.10565662650602
size_x = 22
size_y = 22
size_z = 22
energy_range = 9
exhaustiveness = 32
num_modes = 10