center_x = -12.198565789473689
center_y = 11.549822368421053
center_z = -5.303269736842109
size_x = 22
size_y = 22
size_z = 22
energy_range = 9
exhaustiveness = 32
num_modes = 10