center_x = -11.587539823008846
center_y = 16.31498230088495
center_z = -22.48561946902654
size_x = 22
size_y = 22
size_z = 22
energy_range = 9
exhaustiveness = 32
num_modes = 10