center_x = -2.452289156626505
center_y = 8.396831325301207
center_z = 0.0638915662650603
size_x = 22
size_y = 22
size_z = 22
energy_range = 9
exhaustiveness = 32
num_modes = 10