center_x = -14.384457142857142
center_y = 1.9124642857142853
center_z = -8.379457142857143
size_x = 22
size_y = 22
size_z = 22
energy_range = 9
exhaustiveness = 32
num_modes = 10