center_x = -4.806430107526881
center_y = 9.665940860215049
center_z = -18.833215053763432
size_x = 22
size_y = 22
size_z = 22
energy_range = 9
exhaustiveness = 32
num_modes = 10