center_x = 4.136514986376028
center_y = 2.1139019073569494
center_z = -10.001005449591272
size_x = 22
size_y = 22
size_z = 22
energy_range = 9
exhaustiveness = 32
num_modes = 10