center_x = 6.952044280442806
center_y = 30.04222140221402
center_z = 14.98035793357934
size_x = 22
size_y = 22
size_z = 22
energy_range = 9
exhaustiveness = 32
num_modes = 10