center_x = -3.5615961538461547
center_y = 19.30591025641026
center_z = -2.532576923076923
size_x = 22
size_y = 22
size_z = 22
energy_range = 9
exhaustiveness = 32
num_modes = 10