center_x = 14.919980468749992
center_y = 20.44409375000001
center_z = 35.93906249999998
size_x = 22
size_y = 22
size_z = 22
energy_range = 9
exhaustiveness = 32
num_modes = 10