center_x = -2.393961165048544
center_y = 22.67617475728155
center_z = 23.45609708737864
size_x = 22
size_y = 22
size_z = 22
energy_range = 9
exhaustiveness = 32
num_modes = 10