center_x = 22.507629310344825
center_y = 42.83462068965518
center_z = 13.593172413793106
size_x = 22
size_y = 22
size_z = 22
energy_range = 9
exhaustiveness = 32
num_modes = 10