center_x = -2.3747086614173227
center_y = 28.051307086614177
center_z = 32.8247401574803
size_x = 22
size_y = 22
size_z = 22
energy_range = 9
exhaustiveness = 32
num_modes = 10