center_x = 17.594769585253456
center_y = 21.224276497695847
center_z = 7.008198156682026
size_x = 22
size_y = 22
size_z = 22
energy_range = 9
exhaustiveness = 32
num_modes = 10