center_x = 27.545861878453035
center_y = 33.86255248618784
center_z = 26.42828729281768
size_x = 22
size_y = 22
size_z = 22
energy_range = 9
exhaustiveness = 32
num_modes = 10