center_x = -1.265906040268456
center_y = 30.38759731543624
center_z = 23.82851006711409
size_x = 22
size_y = 22
size_z = 22
energy_range = 9
exhaustiveness = 32
num_modes = 10