center_x = 30.241131313131312
center_y = 28.142848484848475
center_z = 13.290252525252528
size_x = 22
size_y = 22
size_z = 22
energy_range = 9
exhaustiveness = 32
num_modes = 10