center_x = 0.2272403846153846
center_y = 23.87487499999999
center_z = 15.060278846153857
size_x = 22
size_y = 22
size_z = 22
energy_range = 9
exhaustiveness = 32
num_modes = 10