center_x = 1.5989464285714283
center_y = 35.19201785714285
center_z = 6.094982142857143
size_x = 22
size_y = 22
size_z = 22
energy_range = 9
exhaustiveness = 32
num_modes = 10