center_x = 30.99520945945946
center_y = 21.04074324324324
center_z = 23.80150675675677
size_x = 22
size_y = 22
size_z = 22
energy_range = 9
exhaustiveness = 32
num_modes = 10