center_x = -9.449480392156865
center_y = 25.3700294117647
center_z = 0.4512254901960785
size_x = 22
size_y = 22
size_z = 22
energy_range = 9
exhaustiveness = 32
num_modes = 10