center_x = 34.06273469387756
center_y = 27.279380952380965
center_z = 19.97747619047618
size_x = 22
size_y = 22
size_z = 22
energy_range = 9
exhaustiveness = 32
num_modes = 10