center_x = 10.077875000000002
center_y = 23.215288194444447
center_z = 19.17161111111111
size_x = 22
size_y = 22
size_z = 22
energy_range = 9
exhaustiveness = 32
num_modes = 10