center_x = 30.536120300751875
center_y = 38.018195488721815
center_z = 12.574233082706767
size_x = 22
size_y = 22
size_z = 22
energy_range = 9
exhaustiveness = 32
num_modes = 10