center_x = 24.66751063829787
center_y = 25.946751773049645
center_z = 7.001673758865246
size_x = 22
size_y = 22
size_z = 22
energy_range = 9
exhaustiveness = 32
num_modes = 10