center_x = 13.50843147208122
center_y = 3.003847715736042
center_z = 54.18804060913706
size_x = 22
size_y = 22
size_z = 22
energy_range = 9
exhaustiveness = 32
num_modes = 10