center_x = 15.192333333333336
center_y = 16.780731481481475
center_z = 39.87473148148147
size_x = 22
size_y = 22
size_z = 22
energy_range = 9
exhaustiveness = 32
num_modes = 10