center_x = 33.15759821428573
center_y = 16.334446428571436
center_z = 46.19211607142855
size_x = 22
size_y = 22
size_z = 22
energy_range = 9
exhaustiveness = 32
num_modes = 10