center_x = 17.195689655172405
center_y = 0.052845977011495
center_z = 46.50619080459766
size_x = 22
size_y = 22
size_z = 22
energy_range = 9
exhaustiveness = 32
num_modes = 10