center_x = 8.506254385964915
center_y = -12.719517543859652
center_z = 43.768991228070185
size_x = 22
size_y = 22
size_z = 22
energy_range = 9
exhaustiveness = 32
num_modes = 10