center_x = 31.594196506550222
center_y = -2.5602052401746738
center_z = 36.51413537117904
size_x = 22
size_y = 22
size_z = 22
energy_range = 9
exhaustiveness = 32
num_modes = 10