center_x = 22.20686507936509
center_y = -12.826658730158725
center_z = 24.05196031746033
size_x = 22
size_y = 22
size_z = 22
energy_range = 9
exhaustiveness = 32
num_modes = 10