center_x = 34.50743636363634
center_y = 9.384804545454545
center_z = 52.37456363636364
size_x = 22
size_y = 22
size_z = 22
energy_range = 9
exhaustiveness = 32
num_modes = 10