center_x = 5.449400000000001
center_y = -5.833163636363634
center_z = 28.2892090909091
size_x = 22
size_y = 22
size_z = 22
energy_range = 9
exhaustiveness = 32
num_modes = 10