center_x = 22.465686746987945
center_y = -12.555144578313245
center_z = 56.33888554216869
size_x = 22
size_y = 22
size_z = 22
energy_range = 9
exhaustiveness = 32
num_modes = 10