center_x = 13.758885416666669
center_y = -4.237015625000001
center_z = 42.08338541666666
size_x = 22
size_y = 22
size_z = 22
energy_range = 9
exhaustiveness = 32
num_modes = 10