center_x = 17.81715476190476
center_y = -30.536714285714293
center_z = 47.70814285714285
size_x = 22
size_y = 22
size_z = 22
energy_range = 9
exhaustiveness = 32
num_modes = 10