center_x = 22.22510726643599
center_y = 2.1344913494809687
center_z = 58.475795847750895
size_x = 22
size_y = 22
size_z = 22
energy_range = 9
exhaustiveness = 32
num_modes = 10