center_x = 15.811808510638292
center_y = -17.245021276595754
center_z = 26.104648936170214
size_x = 22
size_y = 22
size_z = 22
energy_range = 9
exhaustiveness = 32
num_modes = 10