center_x = 35.100256250000015
center_y = 69.79145624999997
center_z = 104.59800624999995
size_x = 22
size_y = 22
size_z = 22
energy_range = 9
exhaustiveness = 32
num_modes = 10