center_x = 7.448384615384618
center_y = 47.895007692307686
center_z = 81.29226153846157
size_x = 22
size_y = 22
size_z = 22
energy_range = 9
exhaustiveness = 32
num_modes = 10