center_x = 33.59025742574257
center_y = 29.29991089108911
center_z = 97.88426732673273
size_x = 22
size_y = 22
size_z = 22
energy_range = 9
exhaustiveness = 32
num_modes = 10