center_x = 16.207733333333337
center_y = 59.91712500000003
center_z = 78.3903916666667
size_x = 22
size_y = 22
size_z = 22
energy_range = 9
exhaustiveness = 32
num_modes = 10