center_x = 22.20340601503759
center_y = 65.95975939849623
center_z = 104.76470676691724
size_x = 22
size_y = 22
size_z = 22
energy_range = 9
exhaustiveness = 32
num_modes = 10