center_x = 17.791226666666667
center_y = 45.85174666666669
center_z = 67.80628666666664
size_x = 22
size_y = 22
size_z = 22
energy_range = 9
exhaustiveness = 32
num_modes = 10