center_x = 50.87041509433963
center_y = 54.82760377358491
center_z = 103.34293396226415
size_x = 22
size_y = 22
size_z = 22
energy_range = 9
exhaustiveness = 32
num_modes = 10