center_x = 20.062367647058835
center_y = 45.07926470588237
center_z = 115.5780735294118
size_x = 22
size_y = 22
size_z = 22
energy_range = 9
exhaustiveness = 32
num_modes = 10