center_x = 31.465798076923097
center_y = 52.45781250000003
center_z = 75.29088461538464
size_x = 22
size_y = 22
size_z = 22
energy_range = 9
exhaustiveness = 32
num_modes = 10