center_x = 42.92399122807019
center_y = 70.4004298245614
center_z = 104.18697368421051
size_x = 22
size_y = 22
size_z = 22
energy_range = 9
exhaustiveness = 32
num_modes = 10