center_x = 20.54413333333333
center_y = 35.26376666666667
center_z = 74.28664444444449
size_x = 22
size_y = 22
size_z = 22
energy_range = 9
exhaustiveness = 32
num_modes = 10