center_x = 42.11763492063491
center_y = 48.16443650793651
center_z = 87.61884920634917
size_x = 22
size_y = 22
size_z = 22
energy_range = 9
exhaustiveness = 32
num_modes = 10