center_x = 33.904977611940296
center_y = 40.76902238805969
center_z = 82.86333582089556
size_x = 22
size_y = 22
size_z = 22
energy_range = 9
exhaustiveness = 32
num_modes = 10