center_x = 40.20141447368422
center_y = 44.46692763157896
center_z = 104.70865789473687
size_x = 22
size_y = 22
size_z = 22
energy_range = 9
exhaustiveness = 32
num_modes = 10