center_x = 20.55316837782341
center_y = 54.20629774127308
center_z = 86.87457289527727
size_x = 22
size_y = 22
size_z = 22
energy_range = 9
exhaustiveness = 32
num_modes = 10