center_x = 5.707412500000002
center_y = 49.27696250000001
center_z = 74.22093750000003
size_x = 22
size_y = 22
size_z = 22
energy_range = 9
exhaustiveness = 32
num_modes = 10