center_x = 41.92970607028754
center_y = 54.39098722044732
center_z = 90.13255271565502
size_x = 22
size_y = 22
size_z = 22
energy_range = 9
exhaustiveness = 32
num_modes = 10