center_x = 20.859966942148755
center_y = 56.305090909090886
center_z = 72.99108264462807
size_x = 22
size_y = 22
size_z = 22
energy_range = 9
exhaustiveness = 32
num_modes = 10