center_x = 24.146274509803924
center_y = 32.72266666666666
center_z = 81.41083333333337
size_x = 22
size_y = 22
size_z = 22
energy_range = 9
exhaustiveness = 32
num_modes = 10