center_x = 13.620671641791034
center_y = 53.48326119402984
center_z = 104.3115447761194
size_x = 22
size_y = 22
size_z = 22
energy_range = 9
exhaustiveness = 32
num_modes = 10