center_x = 49.65443421052628
center_y = 52.338789473684194
center_z = 101.88234210526316
size_x = 22
size_y = 22
size_z = 22
energy_range = 9
exhaustiveness = 32
num_modes = 10