center_x = 18.065514851485148
center_y = 62.68021782178217
center_z = 109.58682178217826
size_x = 22
size_y = 22
size_z = 22
energy_range = 9
exhaustiveness = 32
num_modes = 10