center_x = 11.982715789473684
center_y = 55.86626315789473
center_z = 76.5484210526316
size_x = 22
size_y = 22
size_z = 22
energy_range = 9
exhaustiveness = 32
num_modes = 10