center_x = -0.4097142857142858
center_y = 45.51649999999999
center_z = -8.890557142857142
size_x = 22
size_y = 22
size_z = 22
energy_range = 9
exhaustiveness = 32
num_modes = 10