center_x = 2.8339461538461523
center_y = 47.26476923076924
center_z = -5.073484615384611
size_x = 22
size_y = 22
size_z = 22
energy_range = 9
exhaustiveness = 32
num_modes = 10