center_x = -10.757112149532713
center_y = 39.589869158878514
center_z = 10.435317757009347
size_x = 22
size_y = 22
size_z = 22
energy_range = 9
exhaustiveness = 32
num_modes = 10