center_x = -3.890257425742573
center_y = 36.15238613861385
center_z = -7.094
size_x = 22
size_y = 22
size_z = 22
energy_range = 9
exhaustiveness = 32
num_modes = 10