center_x = -8.445173469387752
center_y = 34.81868367346938
center_z = 5.820724489795914
size_x = 22
size_y = 22
size_z = 22
energy_range = 9
exhaustiveness = 32
num_modes = 10