center_x = -4.484423999999999
center_y = 34.46409599999999
center_z = 0.5475200000000002
size_x = 22
size_y = 22
size_z = 22
energy_range = 9
exhaustiveness = 32
num_modes = 10