center_x = 41.24204545454546
center_y = 37.31724999999999
center_z = 15.147132575757574
size_x = 22
size_y = 22
size_z = 22
energy_range = 9
exhaustiveness = 32
num_modes = 10