center_x = 29.072469055374608
center_y = 57.41631161780665
center_z = 10.992565689467972
size_x = 22
size_y = 22
size_z = 22
energy_range = 9
exhaustiveness = 32
num_modes = 10