center_x = 26.551725738396613
center_y = 29.800886075949364
center_z = 19.37770464135022
size_x = 22
size_y = 22
size_z = 22
energy_range = 9
exhaustiveness = 32
num_modes = 10