center_x = 15.228517073170742
center_y = 49.020507317073154
center_z = 21.186497560975607
size_x = 22
size_y = 22
size_z = 22
energy_range = 9
exhaustiveness = 32
num_modes = 10