center_x = 22.19716216216216
center_y = 34.70842567567566
center_z = 23.093351351351345
size_x = 22
size_y = 22
size_z = 22
energy_range = 9
exhaustiveness = 32
num_modes = 10