center_x = 32.653350746268664
center_y = 52.58829850746268
center_z = 30.44785820895525
size_x = 22
size_y = 22
size_z = 22
energy_range = 9
exhaustiveness = 32
num_modes = 10