center_x = 26.26817897727274
center_y = 60.561428977272776
center_z = 17.363897727272725
size_x = 22
size_y = 22
size_z = 22
energy_range = 9
exhaustiveness = 32
num_modes = 10