center_x = 30.27407303370789
center_y = 39.64333707865168
center_z = 25.398662921348308
size_x = 22
size_y = 22
size_z = 22
energy_range = 9
exhaustiveness = 32
num_modes = 10