center_x = 34.60174683544303
center_y = 53.08560759493671
center_z = 23.595962025316453
size_x = 22
size_y = 22
size_z = 22
energy_range = 9
exhaustiveness = 32
num_modes = 10