center_x = 31.79153367875649
center_y = 50.53478756476684
center_z = -3.891113989637306
size_x = 22
size_y = 22
size_z = 22
energy_range = 9
exhaustiveness = 32
num_modes = 10