center_x = 11.652500000000003
center_y = 46.82542574257428
center_z = 2.817257425742575
size_x = 22
size_y = 22
size_z = 22
energy_range = 9
exhaustiveness = 32
num_modes = 10