center_x = 31.386479452054804
center_y = 32.961863013698625
center_z = 12.911650684931503
size_x = 22
size_y = 22
size_z = 22
energy_range = 9
exhaustiveness = 32
num_modes = 10