center_x = 44.39302643171811
center_y = 41.18616299559466
center_z = 21.142735682819385
size_x = 22
size_y = 22
size_z = 22
energy_range = 9
exhaustiveness = 32
num_modes = 10