center_x = 22.72286440677966
center_y = 28.07144067796608
center_z = 19.284923728813567
size_x = 22
size_y = 22
size_z = 22
energy_range = 9
exhaustiveness = 32
num_modes = 10