center_x = 22.50840350877193
center_y = 33.0256403508772
center_z = 6.921350877192984
size_x = 22
size_y = 22
size_z = 22
energy_range = 9
exhaustiveness = 32
num_modes = 10