center_x = 14.68051428571429
center_y = 41.58519047619046
center_z = 20.590676190476188
size_x = 22
size_y = 22
size_z = 22
energy_range = 9
exhaustiveness = 32
num_modes = 10