center_x = 30.90751587301588
center_y = 38.675575396825415
center_z = -4.815805555555556
size_x = 22
size_y = 22
size_z = 22
energy_range = 9
exhaustiveness = 32
num_modes = 10