center_x = -11.57047826086957
center_y = 7.671669565217391
center_z = 4.901452173913042
size_x = 22
size_y = 22
size_z = 22
energy_range = 9
exhaustiveness = 32
num_modes = 10