center_x = -22.21159677419356
center_y = -0.8021854838709679
center_z = 8.546419354838708
size_x = 22
size_y = 22
size_z = 22
energy_range = 9
exhaustiveness = 32
num_modes = 10