center_x = -12.898138888888887
center_y = -6.914180555555555
center_z = -7.964388888888887
size_x = 22
size_y = 22
size_z = 22
energy_range = 9
exhaustiveness = 32
num_modes = 10