center_x = -12.596418032786884
center_y = -15.52231967213116
center_z = 10.212647540983603
size_x = 22
size_y = 22
size_z = 22
energy_range = 9
exhaustiveness = 32
num_modes = 10