center_x = -18.8876062992126
center_y = -9.137133858267722
center_z = -4.72071653543307
size_x = 22
size_y = 22
size_z = 22
energy_range = 9
exhaustiveness = 32
num_modes = 10