center_x = -5.339182481751823
center_y = 0.7294452554744518
center_z = 0.4020948905109486
size_x = 22
size_y = 22
size_z = 22
energy_range = 9
exhaustiveness = 32
num_modes = 10