center_x = -20.22399152542372
center_y = 4.596118644067794
center_z = 1.509093220338983
size_x = 22
size_y = 22
size_z = 22
energy_range = 9
exhaustiveness = 32
num_modes = 10