center_x = -19.62110101010101
center_y = -13.266686868686866
center_z = 2.503343434343435
size_x = 22
size_y = 22
size_z = 22
energy_range = 9
exhaustiveness = 32
num_modes = 10