center_x = -14.706270967741927
center_y = 13.646049193548375
center_z = -17.000199193548358
size_x = 22
size_y = 22
size_z = 22
energy_range = 9
exhaustiveness = 32
num_modes = 10