center_x = -25.988822727272723
center_y = 18.5139
center_z = -27.27669090909089
size_x = 22
size_y = 22
size_z = 22
energy_range = 9
exhaustiveness = 32
num_modes = 10