center_x = -24.53281619937696
center_y = 17.278176012461067
center_z = -25.77684112149532
size_x = 22
size_y = 22
size_z = 22
energy_range = 9
exhaustiveness = 32
num_modes = 10