center_x = -13.184807453416154
center_y = 12.867257763975156
center_z = -15.701108695652197
size_x = 22
size_y = 22
size_z = 22
energy_range = 9
exhaustiveness = 32
num_modes = 10