center_x = -19.524299107142845
center_y = 15.719062499999996
center_z = -21.58922321428572
size_x = 22
size_y = 22
size_z = 22
energy_range = 9
exhaustiveness = 32
num_modes = 10