center_x = -11.023946236559148
center_y = 12.06291397849463
center_z = -13.848817204301074
size_x = 22
size_y = 22
size_z = 22
energy_range = 9
exhaustiveness = 32
num_modes = 10