center_x = -9.898268907563027
center_y = 11.597120448179275
center_z = -13.335252100840329
size_x = 22
size_y = 22
size_z = 22
energy_range = 9
exhaustiveness = 32
num_modes = 10