center_x = -12.709336000000002
center_y = 12.705688
center_z = -15.313192
size_x = 22
size_y = 22
size_z = 22
energy_range = 9
exhaustiveness = 32
num_modes = 10