center_x = -10.869602787456447
center_y = 12.040825783972124
center_z = -13.673027874564468
size_x = 22
size_y = 22
size_z = 22
energy_range = 9
exhaustiveness = 32
num_modes = 10