center_x = -24.52080102040816
center_y = 16.241188775510196
center_z = -25.483290816326534
size_x = 22
size_y = 22
size_z = 22
energy_range = 9
exhaustiveness = 32
num_modes = 10