center_x = -14.42754069767442
center_y = 13.235732558139542
center_z = -16.692156976744187
size_x = 22
size_y = 22
size_z = 22
energy_range = 9
exhaustiveness = 32
num_modes = 10