center_x = -12.639629310344828
center_y = 12.615037356321848
center_z = -15.213686781609187
size_x = 22
size_y = 22
size_z = 22
energy_range = 9
exhaustiveness = 32
num_modes = 10