center_x = -11.211585635359118
center_y = 11.996779005524846
center_z = -13.81920626151013
size_x = 22
size_y = 22
size_z = 22
energy_range = 9
exhaustiveness = 32
num_modes = 10