center_x = -12.778732608695654
center_y = 12.741526086956515
center_z = -15.209202173913052
size_x = 22
size_y = 22
size_z = 22
energy_range = 9
exhaustiveness = 32
num_modes = 10