center_x = -12.611628205128206
center_y = 12.608029914529906
center_z = -15.116504273504288
size_x = 22
size_y = 22
size_z = 22
energy_range = 9
exhaustiveness = 32
num_modes = 10