center_x = -15.624292592592584
center_y = 13.962568148148096
center_z = -17.829289629629603
size_x = 22
size_y = 22
size_z = 22
energy_range = 9
exhaustiveness = 32
num_modes = 10