center_x = -51.080875000000006
center_y = -42.57968333333331
center_z = 16.605966666666667
size_x = 22
size_y = 22
size_z = 22
energy_range = 9
exhaustiveness = 32
num_modes = 10