center_x = -46.60536666666668
center_y = -39.16871333333333
center_z = 19.21147333333333
size_x = 22
size_y = 22
size_z = 22
energy_range = 9
exhaustiveness = 32
num_modes = 10