center_x = -24.94566666666666
center_y = -56.07888372093023
center_z = 44.73719379844963
size_x = 22
size_y = 22
size_z = 22
energy_range = 9
exhaustiveness = 32
num_modes = 10