center_x = -26.67160714285714
center_y = -43.58494642857142
center_z = 8.825785714285717
size_x = 22
size_y = 22
size_z = 22
energy_range = 9
exhaustiveness = 32
num_modes = 10