center_x = -24.85409848484848
center_y = -40.60965151515151
center_z = 16.143015151515158
size_x = 22
size_y = 22
size_z = 22
energy_range = 9
exhaustiveness = 32
num_modes = 10