center_x = -32.372392405063295
center_y = -40.295683544303806
center_z = 42.736265822784816
size_x = 22
size_y = 22
size_z = 22
energy_range = 9
exhaustiveness = 32
num_modes = 10