center_x = -26.310889447236185
center_y = -65.34609045226135
center_z = 30.748552763819088
size_x = 22
size_y = 22
size_z = 22
energy_range = 9
exhaustiveness = 32
num_modes = 10