center_x = -45.08122151898733
center_y = -48.08055696202532
center_z = 25.43348101265823
size_x = 22
size_y = 22
size_z = 22
energy_range = 9
exhaustiveness = 32
num_modes = 10