center_x = -38.75931756756757
center_y = -46.24383108108107
center_z = 6.147398648648647
size_x = 22
size_y = 22
size_z = 22
energy_range = 9
exhaustiveness = 32
num_modes = 10