center_x = -7.481853658536584
center_y = -44.66199999999999
center_z = 19.293170731707324
size_x = 22
size_y = 22
size_z = 22
energy_range = 9
exhaustiveness = 32
num_modes = 10