center_x = -39.526102272727286
center_y = -68.18917045454542
center_z = 13.346602272727267
size_x = 22
size_y = 22
size_z = 22
energy_range = 9
exhaustiveness = 32
num_modes = 10