center_x = -35.1842654155496
center_y = -45.91911528150131
center_z = 16.455903485254684
size_x = 22
size_y = 22
size_z = 22
energy_range = 9
exhaustiveness = 32
num_modes = 10