center_x = -56.92138202247192
center_y = -57.24431460674157
center_z = 10.305797752808989
size_x = 22
size_y = 22
size_z = 22
energy_range = 9
exhaustiveness = 32
num_modes = 10