center_x = -15.785574257425742
center_y = -34.585544554455446
center_z = 35.75809900990097
size_x = 22
size_y = 22
size_z = 22
energy_range = 9
exhaustiveness = 32
num_modes = 10