center_x = -49.756702479338855
center_y = -45.79266115702479
center_z = 9.61442975206612
size_x = 22
size_y = 22
size_z = 22
energy_range = 9
exhaustiveness = 32
num_modes = 10