center_x = -14.244494845360826
center_y = -47.19103092783506
center_z = 32.75687628865979
size_x = 22
size_y = 22
size_z = 22
energy_range = 9
exhaustiveness = 32
num_modes = 10