center_x = -21.042127906976734
center_y = -46.07588953488372
center_z = 14.550918604651164
size_x = 22
size_y = 22
size_z = 22
energy_range = 9
exhaustiveness = 32
num_modes = 10