center_x = -37.21377611940301
center_y = -48.29532835820896
center_z = 39.683738805970144
size_x = 22
size_y = 22
size_z = 22
energy_range = 9
exhaustiveness = 32
num_modes = 10