center_x = -31.0653656716418
center_y = -59.15368656716422
center_z = 10.108529850746264
size_x = 22
size_y = 22
size_z = 22
energy_range = 9
exhaustiveness = 32
num_modes = 10