center_x = -14.572714285714287
center_y = -28.931047619047614
center_z = 23.544253968253976
size_x = 22
size_y = 22
size_z = 22
energy_range = 9
exhaustiveness = 32
num_modes = 10