center_x = -30.998473684210524
center_y = -34.76946616541351
center_z = 35.63512030075189
size_x = 22
size_y = 22
size_z = 22
energy_range = 9
exhaustiveness = 32
num_modes = 10