center_x = 1.876945945945946
center_y = -31.618464864864865
center_z = 3.661578378378378
size_x = 22
size_y = 22
size_z = 22
energy_range = 9
exhaustiveness = 32
num_modes = 10