center_x = 10.659650793650792
center_y = -37.029492063492064
center_z = 4.711079365079367
size_x = 22
size_y = 22
size_z = 22
energy_range = 9
exhaustiveness = 32
num_modes = 10