center_x = -20.24843669250646
center_y = -18.09794573643412
center_z = -12.46247028423773
size_x = 22
size_y = 22
size_z = 22
energy_range = 9
exhaustiveness = 32
num_modes = 10