center_x = -16.01976666666667
center_y = -31.525677777777773
center_z = -33.35325555555555
size_x = 22
size_y = 22
size_z = 22
energy_range = 9
exhaustiveness = 32
num_modes = 10