center_x = -2.9752300000000003
center_y = -7.12499
center_z = -5.651889999999998
size_x = 22
size_y = 22
size_z = 22
energy_range = 9
exhaustiveness = 32
num_modes = 10