center_x = 9.887964285714286
center_y = -30.829292857142867
center_z = 7.236207142857137
size_x = 22
size_y = 22
size_z = 22
energy_range = 9
exhaustiveness = 32
num_modes = 10