center_x = -14.89164122137405
center_y = -20.47357251908396
center_z = -7.675549618320609
size_x = 22
size_y = 22
size_z = 22
energy_range = 9
exhaustiveness = 32
num_modes = 10