center_x = -13.575760563380278
center_y = -50.99242957746477
center_z = -12.331570422535208
size_x = 22
size_y = 22
size_z = 22
energy_range = 9
exhaustiveness = 32
num_modes = 10