center_x = -5.700584905660376
center_y = -36.13751179245281
center_z = -15.139896226415098
size_x = 22
size_y = 22
size_z = 22
energy_range = 9
exhaustiveness = 32
num_modes = 10