center_x = -17.49000952380953
center_y = -53.02433333333331
center_z = -29.509857142857136
size_x = 22
size_y = 22
size_z = 22
energy_range = 9
exhaustiveness = 32
num_modes = 10