center_x = -20.019797619047623
center_y = -46.24925
center_z = -5.399523809523809
size_x = 22
size_y = 22
size_z = 22
energy_range = 9
exhaustiveness = 32
num_modes = 10