center_x = -20.891166666666678
center_y = -50.99012962962964
center_z = -17.73848148148148
size_x = 22
size_y = 22
size_z = 22
energy_range = 9
exhaustiveness = 32
num_modes = 10