center_x = -0.2745977011494254
center_y = -48.43988505747126
center_z = -7.067172413793099
size_x = 22
size_y = 22
size_z = 22
energy_range = 9
exhaustiveness = 32
num_modes = 10