center_x = 9.670038095238093
center_y = -18.396761904761902
center_z = -12.933733333333326
size_x = 22
size_y = 22
size_z = 22
energy_range = 9
exhaustiveness = 32
num_modes = 10