center_x = -23.49313855421688
center_y = -44.75753012048192
center_z = -10.837686746987949
size_x = 22
size_y = 22
size_z = 22
energy_range = 9
exhaustiveness = 32
num_modes = 10