center_x = 14.239197452229291
center_y = -32.694745222929924
center_z = -13.91905732484077
size_x = 22
size_y = 22
size_z = 22
energy_range = 9
exhaustiveness = 32
num_modes = 10