center_x = 0.7437119999999999
center_y = -31.80309600000001
center_z = -19.575592000000004
size_x = 22
size_y = 22
size_z = 22
energy_range = 9
exhaustiveness = 32
num_modes = 10