center_x = -12.45761904761905
center_y = -47.187885714285706
center_z = -28.07367619047618
size_x = 22
size_y = 22
size_z = 22
energy_range = 9
exhaustiveness = 32
num_modes = 10