center_x = 10.399068027210893
center_y = -19.907455782312933
center_z = -2.729802721088434
size_x = 22
size_y = 22
size_z = 22
energy_range = 9
exhaustiveness = 32
num_modes = 10