center_x = 18.219636363636365
center_y = -25.01490082644628
center_z = -4.820752066115702
size_x = 22
size_y = 22
size_z = 22
energy_range = 9
exhaustiveness = 32
num_modes = 10