center_x = -26.721890510948903
center_y = -36.95074452554745
center_z = -7.298386861313872
size_x = 22
size_y = 22
size_z = 22
energy_range = 9
exhaustiveness = 32
num_modes = 10