center_x = -25.30059999999999
center_y = -25.47864
center_z = -18.849304000000004
size_x = 22
size_y = 22
size_z = 22
energy_range = 9
exhaustiveness = 32
num_modes = 10