center_x = -18.044962121212123
center_y = -29.668393939393948
center_z = -7.777386363636365
size_x = 22
size_y = 22
size_z = 22
energy_range = 9
exhaustiveness = 32
num_modes = 10