center_x = -16.05874829931972
center_y = -34.462625850340146
center_z = -4.1987346938775545
size_x = 22
size_y = 22
size_z = 22
energy_range = 9
exhaustiveness = 32
num_modes = 10