center_x = 1.948262626262626
center_y = 13.112070707070703
center_z = 50.2638585858586
size_x = 22
size_y = 22
size_z = 22
energy_range = 9
exhaustiveness = 32
num_modes = 10