center_x = 22.62122222222222
center_y = 20.47857575757576
center_z = 31.78958585858585
size_x = 22
size_y = 22
size_z = 22
energy_range = 9
exhaustiveness = 32
num_modes = 10