center_x = 36.12668103448274
center_y = 5.96123275862069
center_z = 48.4673275862069
size_x = 22
size_y = 22
size_z = 22
energy_range = 9
exhaustiveness = 32
num_modes = 10