center_x = 20.67117647058825
center_y = 23.503960784313723
center_z = 39.0726339869281
size_x = 22
size_y = 22
size_z = 22
energy_range = 9
exhaustiveness = 32
num_modes = 10