center_x = 25.365378378378388
center_y = 17.645513513513503
center_z = 63.15964189189188
size_x = 22
size_y = 22
size_z = 22
energy_range = 9
exhaustiveness = 32
num_modes = 10