center_x = 19.16544715447155
center_y = 8.201211382113819
center_z = 48.112300813008126
size_x = 22
size_y = 22
size_z = 22
energy_range = 9
exhaustiveness = 32
num_modes = 10