center_x = 27.239023255813954
center_y = 5.667831395348839
center_z = 48.2505406976744
size_x = 22
size_y = 22
size_z = 22
energy_range = 9
exhaustiveness = 32
num_modes = 10