center_x = 27.806971698113205
center_y = 6.980198113207548
center_z = 58.72994811320751
size_x = 22
size_y = 22
size_z = 22
energy_range = 9
exhaustiveness = 32
num_modes = 10