receptor = data/6pnm/6pnm_ligand.pdbqt
ligand = data/6pnm/6pnm_protein.pdbqt
center_x = 16.549554945054954
center_y = 9.9542967032967
center_z = 34.668736263736264
size_x = 23.613109890109907
size_y = 21.7094065934066
size_z = 23.72547252747253
energy_range = 9
exhaustiveness = 32
num_modes = 10