center_x = 16.294887573964495
center_y = 24.60626035502957
center_z = 45.44753846153845
size_x = 22
size_y = 22
size_z = 22
energy_range = 9
exhaustiveness = 32
num_modes = 10