center_x = 17.352764705882354
center_y = 0.2104411764705881
center_z = 31.710647058823536
size_x = 22
size_y = 22
size_z = 22
energy_range = 9
exhaustiveness = 32
num_modes = 10