center_x = 16.549554945054954
center_y = 9.9542967032967
center_z = 34.668736263736264
size_x = 22
size_y = 22
size_z = 22
energy_range = 9
exhaustiveness = 32
num_modes = 10