center_x = 18.07193069306931
center_y = 24.062049504950497
center_z = 56.18578217821784
size_x = 22
size_y = 22
size_z = 22
energy_range = 9
exhaustiveness = 32
num_modes = 10