center_x = 18.76621505376344
center_y = 8.0862688172043
center_z = 19.64637634408601
size_x = 22
size_y = 22
size_z = 22
energy_range = 9
exhaustiveness = 32
num_modes = 10