center_x = 7.11881188118812
center_y = -7.516673267326733
center_z = -14.392000000000005
size_x = 22
size_y = 22
size_z = 22
energy_range = 9
exhaustiveness = 32
num_modes = 10