center_x = -5.750606666666668
center_y = -2.759379999999998
center_z = -20.50411333333332
size_x = 22
size_y = 22
size_z = 22
energy_range = 9
exhaustiveness = 32
num_modes = 10