center_x = -25.883423728813565
center_y = -34.12753389830509
center_z = 1.9024661016949151
size_x = 22
size_y = 22
size_z = 22
energy_range = 9
exhaustiveness = 32
num_modes = 10