center_x = -18.165194805194805
center_y = 3.235818181818182
center_z = 3.7827272727272745
size_x = 22
size_y = 22
size_z = 22
energy_range = 9
exhaustiveness = 32
num_modes = 10