center_x = -14.699664473684203
center_y = -1.3670986842105266
center_z = -19.289019736842103
size_x = 22
size_y = 22
size_z = 22
energy_range = 9
exhaustiveness = 32
num_modes = 10