center_x = -39.59582222222223
center_y = -21.24104444444443
center_z = 0.3144222222222221
size_x = 22
size_y = 22
size_z = 22
energy_range = 9
exhaustiveness = 32
num_modes = 10