center_x = -30.20348507462687
center_y = -7.856544776119402
center_z = -3.618626865671641
size_x = 22
size_y = 22
size_z = 22
energy_range = 9
exhaustiveness = 32
num_modes = 10