center_x = -7.057620915032678
center_y = -21.896058823529412
center_z = -27.534954248366024
size_x = 22
size_y = 22
size_z = 22
energy_range = 9
exhaustiveness = 32
num_modes = 10