center_x = 3.097862068965517
center_y = -20.46507389162561
center_z = -9.69412315270936
size_x = 22
size_y = 22
size_z = 22
energy_range = 9
exhaustiveness = 32
num_modes = 10