center_x = 5.934261904761907
center_y = 0.9014523809523812
center_z = -3.641539682539682
size_x = 22
size_y = 22
size_z = 22
energy_range = 9
exhaustiveness = 32
num_modes = 10