center_x = -28.2221875
center_y = -35.759350000000005
center_z = 8.6109
size_x = 22
size_y = 22
size_z = 22
energy_range = 9
exhaustiveness = 32
num_modes = 10