center_x = -7.183147826086958
center_y = -19.440495652173908
center_z = 0.5099999999999992
size_x = 22
size_y = 22
size_z = 22
energy_range = 9
exhaustiveness = 32
num_modes = 10