center_x = -14.10795219123505
center_y = 0.0803585657370517
center_z = -2.6448007968127483
size_x = 22
size_y = 22
size_z = 22
energy_range = 9
exhaustiveness = 32
num_modes = 10