center_x = 4.675362831858408
center_y = -6.082938053097345
center_z = -2.9725929203539825
size_x = 22
size_y = 22
size_z = 22
energy_range = 9
exhaustiveness = 32
num_modes = 10