center_x = -6.814353535353533
center_y = 8.965292929292929
center_z = -12.81843434343434
size_x = 22
size_y = 22
size_z = 22
energy_range = 9
exhaustiveness = 32
num_modes = 10