center_x = -17.13522857142857
center_y = -20.85710329670331
center_z = 0.4448527472527461
size_x = 22
size_y = 22
size_z = 22
energy_range = 9
exhaustiveness = 32
num_modes = 10