center_x = 0.8030416666666658
center_y = -14.78156666666667
center_z = -22.68490833333333
size_x = 22
size_y = 22
size_z = 22
energy_range = 9
exhaustiveness = 32
num_modes = 10