receptor = data/6uwp/6uwp_ligand.pdbqt
ligand = data/6uwp/6uwp_protein.pdbqt
center_x = -14.10795219123505
center_y = 0.0803585657370517
center_z = -2.6448007968127483
size_x = 14.6560956175299
size_y = 17.116717131474104
size_z = 21.9476015936255
energy_range = 9
exhaustiveness = 32
num_modes = 10