center_x = -28.856449999999988
center_y = -6.11389375
center_z = -23.774
size_x = 22
size_y = 22
size_z = 22
energy_range = 9
exhaustiveness = 32
num_modes = 10