center_x = -7.523723880597013
center_y = -27.94417910447761
center_z = -14.078664179104482
size_x = 22
size_y = 22
size_z = 22
energy_range = 9
exhaustiveness = 32
num_modes = 10