center_x = -16.185041666666674
center_y = -25.895520833333336
center_z = 11.520791666666666
size_x = 22
size_y = 22
size_z = 22
energy_range = 9
exhaustiveness = 32
num_modes = 10