center_x = -23.13190909090909
center_y = -10.019006993006991
center_z = 10.280832167832168
size_x = 22
size_y = 22
size_z = 22
energy_range = 9
exhaustiveness = 32
num_modes = 10