center_x = -10.70711538461539
center_y = -24.20312307692308
center_z = -20.876930769230786
size_x = 22
size_y = 22
size_z = 22
energy_range = 9
exhaustiveness = 32
num_modes = 10