center_x = -11.127049019607846
center_y = 4.970009803921572
center_z = -5.341044117647056
size_x = 22
size_y = 22
size_z = 22
energy_range = 9
exhaustiveness = 32
num_modes = 10