center_x = -22.836677685950413
center_y = -21.028743801652897
center_z = 13.226198347107433
size_x = 22
size_y = 22
size_z = 22
energy_range = 9
exhaustiveness = 32
num_modes = 10