center_x = -7.041057324840765
center_y = -8.302337579617834
center_z = -1.4699681528662425
size_x = 22
size_y = 22
size_z = 22
energy_range = 9
exhaustiveness = 32
num_modes = 10