center_x = -8.655959349593497
center_y = -3.197747967479677
center_z = -6.65939837398374
size_x = 22
size_y = 22
size_z = 22
energy_range = 9
exhaustiveness = 32
num_modes = 10