center_x = -13.128580645161284
center_y = -19.171806451612905
center_z = -10.067913978494625
size_x = 22
size_y = 22
size_z = 22
energy_range = 9
exhaustiveness = 32
num_modes = 10