center_x = -7.235625531914898
center_y = -33.05826808510639
center_z = -14.689497872340423
size_x = 22
size_y = 22
size_z = 22
energy_range = 9
exhaustiveness = 32
num_modes = 10