center_x = -11.472684210526324
center_y = 113.59684210526312
center_z = 41.380294736842096
size_x = 22
size_y = 22
size_z = 22
energy_range = 9
exhaustiveness = 32
num_modes = 10