center_x = 1.0960927152317883
center_y = 122.91260264900654
center_z = 48.88254304635762
size_x = 22
size_y = 22
size_z = 22
energy_range = 9
exhaustiveness = 32
num_modes = 10