center_x = 16.58925373134328
center_y = 108.92443283582088
center_z = 40.11982835820896
size_x = 22
size_y = 22
size_z = 22
energy_range = 9
exhaustiveness = 32
num_modes = 10