center_x = -10.066210526315787
center_y = 122.53297368421052
center_z = 32.570210526315776
size_x = 22
size_y = 22
size_z = 22
energy_range = 9
exhaustiveness = 32
num_modes = 10