center_x = -0.8790169491525422
center_y = 111.7937372881356
center_z = 60.22290677966104
size_x = 22
size_y = 22
size_z = 22
energy_range = 9
exhaustiveness = 32
num_modes = 10