center_x = 15.178049586776858
center_y = 110.17180165289255
center_z = 36.698429752066126
size_x = 22
size_y = 22
size_z = 22
energy_range = 9
exhaustiveness = 32
num_modes = 10