center_x = 14.1990522875817
center_y = 121.31841830065363
center_z = 34.48332026143793
size_x = 22
size_y = 22
size_z = 22
energy_range = 9
exhaustiveness = 32
num_modes = 10