center_x = -8.271426470588237
center_y = 127.02516176470591
center_z = 49.99294117647061
size_x = 22
size_y = 22
size_z = 22
energy_range = 9
exhaustiveness = 32
num_modes = 10