center_x = 4.418366013071894
center_y = 106.0568039215686
center_z = 38.99663398692812
size_x = 22
size_y = 22
size_z = 22
energy_range = 9
exhaustiveness = 32
num_modes = 10