center_x = 11.1138904109589
center_y = 127.56310958904108
center_z = 61.24721917808216
size_x = 22
size_y = 22
size_z = 22
energy_range = 9
exhaustiveness = 32
num_modes = 10