center_x = 6.48421551724138
center_y = -16.780068965517245
center_z = 15.031189655172414
size_x = 22
size_y = 22
size_z = 22
energy_range = 9
exhaustiveness = 32
num_modes = 10