center_x = -26.626977777777768
center_y = -9.0972
center_z = 31.438577777777773
size_x = 22
size_y = 22
size_z = 22
energy_range = 9
exhaustiveness = 32
num_modes = 10