center_x = 6.467209523809526
center_y = -35.57085714285716
center_z = 28.66213333333334
size_x = 22
size_y = 22
size_z = 22
energy_range = 9
exhaustiveness = 32
num_modes = 10