center_x = 10.15621804511278
center_y = -31.923586466165418
center_z = 37.81643609022557
size_x = 22
size_y = 22
size_z = 22
energy_range = 9
exhaustiveness = 32
num_modes = 10