center_x = -18.251662499999995
center_y = -7.528237499999999
center_z = 49.890512500000014
size_x = 22
size_y = 22
size_z = 22
energy_range = 9
exhaustiveness = 32
num_modes = 10