center_x = -20.25614583333334
center_y = -23.32092708333334
center_z = 42.63586458333334
size_x = 22
size_y = 22
size_z = 22
energy_range = 9
exhaustiveness = 32
num_modes = 10