center_x = -4.398691666666666
center_y = -9.02665833333334
center_z = 42.8777
size_x = 22
size_y = 22
size_z = 22
energy_range = 9
exhaustiveness = 32
num_modes = 10