center_x = 6.532759493670889
center_y = -30.38471518987343
center_z = 8.979424050632911
size_x = 22
size_y = 22
size_z = 22
energy_range = 9
exhaustiveness = 32
num_modes = 10