center_x = -2.1162415902140665
center_y = -19.938486238532107
center_z = 34.45568348623853
size_x = 22
size_y = 22
size_z = 22
energy_range = 9
exhaustiveness = 32
num_modes = 10