center_x = -4.227507462686567
center_y = -35.001761194029854
center_z = 42.24874626865672
size_x = 22
size_y = 22
size_z = 22
energy_range = 9
exhaustiveness = 32
num_modes = 10