center_x = 17.912695238095242
center_y = -28.650471428571443
center_z = 26.333347619047625
size_x = 22
size_y = 22
size_z = 22
energy_range = 9
exhaustiveness = 32
num_modes = 10