center_x = -24.251412213740448
center_y = -17.363587786259536
center_z = 30.79381679389313
size_x = 22
size_y = 22
size_z = 22
energy_range = 9
exhaustiveness = 32
num_modes = 10