center_x = -16.082469798657723
center_y = -14.95536912751678
center_z = 19.922288590604037
size_x = 22
size_y = 22
size_z = 22
energy_range = 9
exhaustiveness = 32
num_modes = 10