center_x = 20.168841269841284
center_y = -26.603111111111115
center_z = 20.53138095238095
size_x = 22
size_y = 22
size_z = 22
energy_range = 9
exhaustiveness = 32
num_modes = 10