center_x = -11.061934306569343
center_y = -43.55548905109492
center_z = 24.45080291970802
size_x = 22
size_y = 22
size_z = 22
energy_range = 9
exhaustiveness = 32
num_modes = 10