center_x = -26.13242261904762
center_y = -23.398946428571435
center_z = 25.145636904761915
size_x = 22
size_y = 22
size_z = 22
energy_range = 9
exhaustiveness = 32
num_modes = 10