center_x = -15.786202020202028
center_y = -39.7081313131313
center_z = 32.06672727272728
size_x = 22
size_y = 22
size_z = 22
energy_range = 9
exhaustiveness = 32
num_modes = 10