center_x = -0.1515982142857141
center_y = -12.825625000000006
center_z = 39.6344107142857
size_x = 22
size_y = 22
size_z = 22
energy_range = 9
exhaustiveness = 32
num_modes = 10