center_x = -21.19625806451612
center_y = -1.481354838709677
center_z = 40.6641612903226
size_x = 22
size_y = 22
size_z = 22
energy_range = 9
exhaustiveness = 32
num_modes = 10