center_x = -25.794129032258063
center_y = -16.58134677419355
center_z = 25.445443548387097
size_x = 22
size_y = 22
size_z = 22
energy_range = 9
exhaustiveness = 32
num_modes = 10