center_x = -7.337578512396695
center_y = -3.1450826446280984
center_z = 38.03367768595044
size_x = 22
size_y = 22
size_z = 22
energy_range = 9
exhaustiveness = 32
num_modes = 10