center_x = -7.081784172661872
center_y = -10.170129496402875
center_z = 21.25005755395684
size_x = 22
size_y = 22
size_z = 22
energy_range = 9
exhaustiveness = 32
num_modes = 10