center_x = 0.3677544303797467
center_y = -22.27858987341772
center_z = 18.87521518987341
size_x = 22
size_y = 22
size_z = 22
energy_range = 9
exhaustiveness = 32
num_modes = 10