center_x = -6.852014184397162
center_y = -47.16614184397164
center_z = 33.12356028368795
size_x = 22
size_y = 22
size_z = 22
energy_range = 9
exhaustiveness = 32
num_modes = 10