center_x = 3.778855263157895
center_y = 1.8413552631578955
center_z = 9.476210526315784
size_x = 22
size_y = 22
size_z = 22
energy_range = 9
exhaustiveness = 32
num_modes = 10