center_x = -12.453099337748338
center_y = -4.449019867549668
center_z = 14.234887417218548
size_x = 22
size_y = 22
size_z = 22
energy_range = 9
exhaustiveness = 32
num_modes = 10