center_x = -7.345985507246377
center_y = -19.991847826086964
center_z = 25.42704347826085
size_x = 22
size_y = 22
size_z = 22
energy_range = 9
exhaustiveness = 32
num_modes = 10