center_x = -10.872950980392156
center_y = -0.8179117647058827
center_z = 25.61420588235293
size_x = 22
size_y = 22
size_z = 22
energy_range = 9
exhaustiveness = 32
num_modes = 10