center_x = -15.547284023668633
center_y = 5.125639053254438
center_z = 5.56925443786982
size_x = 22
size_y = 22
size_z = 22
energy_range = 9
exhaustiveness = 32
num_modes = 10