center_x = -4.486294444444445
center_y = 6.254833333333331
center_z = -2.22965
size_x = 22
size_y = 22
size_z = 22
energy_range = 9
exhaustiveness = 32
num_modes = 10