center_x = -24.396059459459455
center_y = 12.360270270270274
center_z = 9.53112972972973
size_x = 22
size_y = 22
size_z = 22
energy_range = 9
exhaustiveness = 32
num_modes = 10