center_x = -10.509245901639344
center_y = -23.459704918032795
center_z = 28.75154098360655
size_x = 22
size_y = 22
size_z = 22
energy_range = 9
exhaustiveness = 32
num_modes = 10