center_x = -14.39626769911504
center_y = -2.0302433628318584
center_z = 7.1960907079646015
size_x = 22
size_y = 22
size_z = 22
energy_range = 9
exhaustiveness = 32
num_modes = 10