center_x = -10.057810810810814
center_y = -11.420270270270269
center_z = -1.5323963963963954
size_x = 22
size_y = 22
size_z = 22
energy_range = 9
exhaustiveness = 32
num_modes = 10