center_x = -8.25198316498316
center_y = -1.3969898989899012
center_z = 19.82900673400675
size_x = 22
size_y = 22
size_z = 22
energy_range = 9
exhaustiveness = 32
num_modes = 10