center_x = -3.135775229357798
center_y = -13.801513761467891
center_z = 13.734229357798167
size_x = 22
size_y = 22
size_z = 22
energy_range = 9
exhaustiveness = 32
num_modes = 10