center_x = -30.12149132947978
center_y = 5.067306358381503
center_z = 15.28771098265897
size_x = 22
size_y = 22
size_z = 22
energy_range = 9
exhaustiveness = 32
num_modes = 10