center_x = 3.346380530973452
center_y = 8.535203539823007
center_z = 3.597592920353982
size_x = 22
size_y = 22
size_z = 22
energy_range = 9
exhaustiveness = 32
num_modes = 10