center_x = -28.39642222222222
center_y = 3.1798370370370392
center_z = 20.827155555555567
size_x = 22
size_y = 22
size_z = 22
energy_range = 9
exhaustiveness = 32
num_modes = 10