center_x = -27.709666666666656
center_y = -11.159937984496128
center_z = 8.569689922480622
size_x = 22
size_y = 22
size_z = 22
energy_range = 9
exhaustiveness = 32
num_modes = 10