center_x = -10.63861764705882
center_y = 0.7583333333333332
center_z = -25.40982352941177
size_x = 22
size_y = 22
size_z = 22
energy_range = 9
exhaustiveness = 32
num_modes = 10