center_x = -31.141574074074093
center_y = 10.79398148148148
center_z = -13.251407407407408
size_x = 22
size_y = 22
size_z = 22
energy_range = 9
exhaustiveness = 32
num_modes = 10