center_x = -22.801785234899324
center_y = -12.280590604026846
center_z = -8.826597315436242
size_x = 22
size_y = 22
size_z = 22
energy_range = 9
exhaustiveness = 32
num_modes = 10