center_x = -9.082024390243904
center_y = 8.283500000000004
center_z = -27.65362195121952
size_x = 22
size_y = 22
size_z = 22
energy_range = 9
exhaustiveness = 32
num_modes = 10