center_x = -4.951851282051281
center_y = -6.658743589743587
center_z = 2.152215384615385
size_x = 22
size_y = 22
size_z = 22
energy_range = 9
exhaustiveness = 32
num_modes = 10