center_x = 3.775736842105264
center_y = -1.8103815789473687
center_z = -9.550519736842103
size_x = 22
size_y = 22
size_z = 22
energy_range = 9
exhaustiveness = 32
num_modes = 10