center_x = 0.3745447154471549
center_y = -7.279780487804878
center_z = -20.72895934959349
size_x = 22
size_y = 22
size_z = 22
energy_range = 9
exhaustiveness = 32
num_modes = 10