center_x = -2.769995433789955
center_y = 14.135785388127864
center_z = -13.099082191780823
size_x = 22
size_y = 22
size_z = 22
energy_range = 9
exhaustiveness = 32
num_modes = 10