center_x = 5.60097435897436
center_y = 0.2725726495726497
center_z = -16.095008547008554
size_x = 22
size_y = 22
size_z = 22
energy_range = 9
exhaustiveness = 32
num_modes = 10