center_x = -13.572153846153856
center_y = -15.066589743589756
center_z = -4.979820512820512
size_x = 22
size_y = 22
size_z = 22
energy_range = 9
exhaustiveness = 32
num_modes = 10