center_x = -29.930173913043493
center_y = -4.508093167701863
center_z = -15.23191304347826
size_x = 22
size_y = 22
size_z = 22
energy_range = 9
exhaustiveness = 32
num_modes = 10