center_x = -27.419874125874127
center_y = 10.569811188811189
center_z = -8.378440559440556
size_x = 22
size_y = 22
size_z = 22
energy_range = 9
exhaustiveness = 32
num_modes = 10