center_x = -12.566913907284768
center_y = 4.4452450331125855
center_z = -14.18925165562914
size_x = 22
size_y = 22
size_z = 22
energy_range = 9
exhaustiveness = 32
num_modes = 10