center_x = -28.068945205479444
center_y = -3.852150684931505
center_z = -21.0455410958904
size_x = 22
size_y = 22
size_z = 22
energy_range = 9
exhaustiveness = 32
num_modes = 10