center_x = -11.834651785714287
center_y = 16.497080357142856
center_z = -26.261723214285723
size_x = 22
size_y = 22
size_z = 22
energy_range = 9
exhaustiveness = 32
num_modes = 10