center_x = -11.362771428571426
center_y = 13.812385714285716
center_z = 0.547485714285714
size_x = 22
size_y = 22
size_z = 22
energy_range = 9
exhaustiveness = 32
num_modes = 10