center_x = -4.2267755102040825
center_y = 20.126295918367354
center_z = -1.5874183673469398
size_x = 22
size_y = 22
size_z = 22
energy_range = 9
exhaustiveness = 32
num_modes = 10