center_x = 0.2425092592592591
center_y = 4.029425925925925
center_z = -18.130731481481472
size_x = 22
size_y = 22
size_z = 22
energy_range = 9
exhaustiveness = 32
num_modes = 10