center_x = -16.013911827956985
center_y = 1.4700408602150543
center_z = -6.504563440860215
size_x = 22
size_y = 22
size_z = 22
energy_range = 9
exhaustiveness = 32
num_modes = 10