center_x = -24.028655963302757
center_y = -15.187958715596332
center_z = 25.717394495412847
size_x = 22
size_y = 22
size_z = 22
energy_range = 9
exhaustiveness = 32
num_modes = 10