center_x = -8.740826086956522
center_y = -9.908964426877466
center_z = 10.464043478260864
size_x = 22
size_y = 22
size_z = 22
energy_range = 9
exhaustiveness = 32
num_modes = 10