center_x = -11.571127819548876
center_y = -12.014917293233085
center_z = 13.808894736842108
size_x = 22
size_y = 22
size_z = 22
energy_range = 9
exhaustiveness = 32
num_modes = 10