center_x = -25.31384516129033
center_y = -17.588306451612887
center_z = 26.70326774193547
size_x = 22
size_y = 22
size_z = 22
energy_range = 9
exhaustiveness = 32
num_modes = 10