center_x = -25.48249999999999
center_y = -15.796898148148136
center_z = 25.637166666666666
size_x = 22
size_y = 22
size_z = 22
energy_range = 9
exhaustiveness = 32
num_modes = 10