center_x = -23.93086078886311
center_y = -15.523071925754078
center_z = 25.205823665893277
size_x = 22
size_y = 22
size_z = 22
energy_range = 9
exhaustiveness = 32
num_modes = 10