center_x = -12.934578703703696
center_y = -12.386694444444444
center_z = 15.11330092592591
size_x = 22
size_y = 22
size_z = 22
energy_range = 9
exhaustiveness = 32
num_modes = 10