center_x = -24.23086464088399
center_y = -17.010549723756906
center_z = 25.290226519337025
size_x = 22
size_y = 22
size_z = 22
energy_range = 9
exhaustiveness = 32
num_modes = 10