center_x = -14.845393867924525
center_y = -13.252931603773597
center_z = 16.840247641509432
size_x = 22
size_y = 22
size_z = 22
energy_range = 9
exhaustiveness = 32
num_modes = 10