center_x = -15.790760906040251
center_y = -13.62460822147653
center_z = 17.63529530201342
size_x = 22
size_y = 22
size_z = 22
energy_range = 9
exhaustiveness = 32
num_modes = 10