center_x = -10.562626373626369
center_y = -11.44571978021978
center_z = 13.03242857142856
size_x = 22
size_y = 22
size_z = 22
energy_range = 9
exhaustiveness = 32
num_modes = 10