center_x = -13.58232298136646
center_y = -12.568860248447203
center_z = 15.616518633540364
size_x = 22
size_y = 22
size_z = 22
energy_range = 9
exhaustiveness = 32
num_modes = 10