center_x = -20.117297385620933
center_y = -15.464205882352942
center_z = 21.426215686274517
size_x = 22
size_y = 22
size_z = 22
energy_range = 9
exhaustiveness = 32
num_modes = 10