center_x = -23.833525510204105
center_y = -16.959984693877548
center_z = 25.051551020408173
size_x = 22
size_y = 22
size_z = 22
energy_range = 9
exhaustiveness = 32
num_modes = 10