center_x = -13.582322981366463
center_y = -12.568860248447209
center_z = 15.61651863354036
size_x = 22
size_y = 22
size_z = 22
energy_range = 9
exhaustiveness = 32
num_modes = 10