center_x = -18.1639279927993
center_y = -14.334338433843396
center_z = 19.84317371737172
size_x = 22
size_y = 22
size_z = 22
energy_range = 9
exhaustiveness = 32
num_modes = 10