center_x = -24.977452914798192
center_y = -15.915107623318388
center_z = 25.35801345291481
size_x = 22
size_y = 22
size_z = 22
energy_range = 9
exhaustiveness = 32
num_modes = 10