center_x = -11.8684234375
center_y = -12.117046875000012
center_z = 14.315795312499986
size_x = 22
size_y = 22
size_z = 22
energy_range = 9
exhaustiveness = 32
num_modes = 10