center_x = -26.714121428571413
center_y = -18.412089285714288
center_z = 26.784492857142855
size_x = 22
size_y = 22
size_z = 22
energy_range = 9
exhaustiveness = 32
num_modes = 10