center_x = -14.933930232558142
center_y = -13.21748255813954
center_z = 16.928534883720936
size_x = 22
size_y = 22
size_z = 22
energy_range = 9
exhaustiveness = 32
num_modes = 10