center_x = -11.60465009208102
center_y = -11.667491712707188
center_z = 13.778434622467785
size_x = 22
size_y = 22
size_z = 22
energy_range = 9
exhaustiveness = 32
num_modes = 10