center_x = -13.024410256410269
center_y = -12.538025641025632
center_z = 15.400850427350424
size_x = 22
size_y = 22
size_z = 22
energy_range = 9
exhaustiveness = 32
num_modes = 10