center_x = -21.406374999999997
center_y = -16.06915
center_z = 22.812935
size_x = 22
size_y = 22
size_z = 22
energy_range = 9
exhaustiveness = 32
num_modes = 10