center_x = -13.213323809523809
center_y = -7.2674095238095235
center_z = 14.249819047619049
size_x = 22
size_y = 22
size_z = 22
energy_range = 9
exhaustiveness = 32
num_modes = 10