center_x = -19.369981981982
center_y = 5.640387387387388
center_z = 1.2217117117117118
size_x = 22
size_y = 22
size_z = 22
energy_range = 9
exhaustiveness = 32
num_modes = 10