center_x = -8.558563492063492
center_y = 7.837563492063497
center_z = 2.620992063492064
size_x = 22
size_y = 22
size_z = 22
energy_range = 9
exhaustiveness = 32
num_modes = 10