center_x = -15.111057142857138
center_y = 12.822133333333325
center_z = 5.148276190476192
size_x = 22
size_y = 22
size_z = 22
energy_range = 9
exhaustiveness = 32
num_modes = 10