center_x = -13.388708333333332
center_y = -7.314583333333335
center_z = -7.993749999999998
size_x = 22
size_y = 22
size_z = 22
energy_range = 9
exhaustiveness = 32
num_modes = 10