center_x = -21.92059677419355
center_y = 0.6193870967741933
center_z = 8.321927419354841
size_x = 22
size_y = 22
size_z = 22
energy_range = 9
exhaustiveness = 32
num_modes = 10