center_x = -0.5740158730158728
center_y = 8.568301587301585
center_z = 6.368714285714289
size_x = 22
size_y = 22
size_z = 22
energy_range = 9
exhaustiveness = 32
num_modes = 10