center_x = 38.86639393939394
center_y = 120.50283838383837
center_z = 1.76340404040404
size_x = 22
size_y = 22
size_z = 22
energy_range = 9
exhaustiveness = 32
num_modes = 10