center_x = 65.38967391304348
center_y = 89.40092028985504
center_z = 2.737079710144928
size_x = 22
size_y = 22
size_z = 22
energy_range = 9
exhaustiveness = 32
num_modes = 10