center_x = 29.99947741935481
center_y = 93.86080000000008
center_z = -1.7383677419354842
size_x = 22
size_y = 22
size_z = 22
energy_range = 9
exhaustiveness = 32
num_modes = 10