receptor = data/6oi8/6oi8_ligand.pdbqt
ligand = data/6oi8/6oi8_protein.pdbqt
center_x = 32.86392708333335
center_y = 105.10163281249994
center_z = 0.9976484374999997
size_x = 23.8598541666667
size_y = 23.20873437500012
size_z = 32.127296875
energy_range = 9
exhaustiveness = 32
num_modes = 10