center_x = 57.42243137254903
center_y = 81.90069607843137
center_z = -16.906676470588234
size_x = 22
size_y = 22
size_z = 22
energy_range = 9
exhaustiveness = 32
num_modes = 10