center_x = 59.66545517241379
center_y = 121.4858689655173
center_z = -4.296627586206897
size_x = 22
size_y = 22
size_z = 22
energy_range = 9
exhaustiveness = 32
num_modes = 10