center_x = 48.09095238095237
center_y = 102.1266984126984
center_z = -20.797182539682545
size_x = 22
size_y = 22
size_z = 22
energy_range = 9
exhaustiveness = 32
num_modes = 10