center_x = 41.26730927835051
center_y = 124.11487628865989
center_z = -5.886546391752577
size_x = 22
size_y = 22
size_z = 22
energy_range = 9
exhaustiveness = 32
num_modes = 10