center_x = 39.88427702702704
center_y = 105.38272297297296
center_z = 16.11267567567568
size_x = 22
size_y = 22
size_z = 22
energy_range = 9
exhaustiveness = 32
num_modes = 10