center_x = 29.158202453987727
center_y = 95.11079141104295
center_z = 9.853343558282203
size_x = 22
size_y = 22
size_z = 22
energy_range = 9
exhaustiveness = 32
num_modes = 10