center_x = 53.06738235294117
center_y = 89.03925735294115
center_z = 11.881720588235297
size_x = 22
size_y = 22
size_z = 22
energy_range = 9
exhaustiveness = 32
num_modes = 10