center_x = 58.77594736842102
center_y = 98.0813947368421
center_z = 16.244798245614035
size_x = 22
size_y = 22
size_z = 22
energy_range = 9
exhaustiveness = 32
num_modes = 10