center_x = 32.86392708333335
center_y = 105.10163281249994
center_z = 0.9976484374999997
size_x = 22
size_y = 22
size_z = 22
energy_range = 9
exhaustiveness = 32
num_modes = 10