center_x = 48.52243333333335
center_y = 78.52877777777778
center_z = 1.611944444444443
size_x = 22
size_y = 22
size_z = 22
energy_range = 9
exhaustiveness = 32
num_modes = 10