center_x = 39.69748630136986
center_y = 118.91029452054792
center_z = -10.885294520547951
size_x = 22
size_y = 22
size_z = 22
energy_range = 9
exhaustiveness = 32
num_modes = 10