center_x = 41.57071812080539
center_y = 86.24027516778521
center_z = -2.64823489932886
size_x = 22
size_y = 22
size_z = 22
energy_range = 9
exhaustiveness = 32
num_modes = 10