center_x = 51.962277777777786
center_y = 123.82140277777778
center_z = -9.059125
size_x = 22
size_y = 22
size_z = 22
energy_range = 9
exhaustiveness = 32
num_modes = 10