center_x = 21.721969999999995
center_y = 86.68960000000001
center_z = -2.94225
size_x = 22
size_y = 22
size_z = 22
energy_range = 9
exhaustiveness = 32
num_modes = 10