center_x = 43.71942696629212
center_y = 90.45615730337084
center_z = 3.0661460674157293
size_x = 22
size_y = 22
size_z = 22
energy_range = 9
exhaustiveness = 32
num_modes = 10