center_x = 44.08002430555554
center_y = 105.80580555555557
center_z = -11.79856597222222
size_x = 22
size_y = 22
size_z = 22
energy_range = 9
exhaustiveness = 32
num_modes = 10