center_x = 51.80026086956523
center_y = 124.73882608695656
center_z = -1.5677500000000004
size_x = 22
size_y = 22
size_z = 22
energy_range = 9
exhaustiveness = 32
num_modes = 10