center_x = 51.55349659863948
center_y = 115.95835374149657
center_z = -19.12266666666668
size_x = 22
size_y = 22
size_z = 22
energy_range = 9
exhaustiveness = 32
num_modes = 10