center_x = 69.69649999999999
center_y = 90.41290243902438
center_z = -7.159256097560976
size_x = 22
size_y = 22
size_z = 22
energy_range = 9
exhaustiveness = 32
num_modes = 10