center_x = 52.213034482758594
center_y = 98.0788965517242
center_z = -11.5855
size_x = 22
size_y = 22
size_z = 22
energy_range = 9
exhaustiveness = 32
num_modes = 10