center_x = 15.403021978021975
center_y = 92.21425274725271
center_z = 3.125824175824174
size_x = 22
size_y = 22
size_z = 22
energy_range = 9
exhaustiveness = 32
num_modes = 10