center_x = 53.81908074534162
center_y = 106.09375776397512
center_z = 16.30040993788819
size_x = 22
size_y = 22
size_z = 22
energy_range = 9
exhaustiveness = 32
num_modes = 10