center_x = 30.92015492957746
center_y = -9.552042253521126
center_z = -3.96592957746479
size_x = 22
size_y = 22
size_z = 22
energy_range = 9
exhaustiveness = 32
num_modes = 10