center_x = 21.201
center_y = 2.915006944444444
center_z = -20.43715625
size_x = 22
size_y = 22
size_z = 22
energy_range = 9
exhaustiveness = 32
num_modes = 10