center_x = 10.295313953488373
center_y = -5.085465116279071
center_z = 0.1288488372093022
size_x = 22
size_y = 22
size_z = 22
energy_range = 9
exhaustiveness = 32
num_modes = 10