center_x = 32.28833707865168
center_y = 19.54416853932584
center_z = -16.179168539325843
size_x = 22
size_y = 22
size_z = 22
energy_range = 9
exhaustiveness = 32
num_modes = 10