center_x = 19.365944827586205
center_y = -1.8917655172413792
center_z = -12.556441379310334
size_x = 22
size_y = 22
size_z = 22
energy_range = 9
exhaustiveness = 32
num_modes = 10