center_x = 23.06778242677824
center_y = -7.727836820083684
center_z = -5.970907949790796
size_x = 22
size_y = 22
size_z = 22
energy_range = 9
exhaustiveness = 32
num_modes = 10