center_x = 1.986676767676768
center_y = -3.4741919191919197
center_z = -15.45664646464647
size_x = 22
size_y = 22
size_z = 22
energy_range = 9
exhaustiveness = 32
num_modes = 10