center_x = 10.527732558139531
center_y = 15.48361627906977
center_z = -6.800244186046512
size_x = 22
size_y = 22
size_z = 22
energy_range = 9
exhaustiveness = 32
num_modes = 10