center_x = 17.28021022727272
center_y = 23.487522727272744
center_z = -20.7102159090909
size_x = 22
size_y = 22
size_z = 22
energy_range = 9
exhaustiveness = 32
num_modes = 10