center_x = 20.57630508474576
center_y = 13.029771186440676
center_z = 0.3106440677966112
size_x = 22
size_y = 22
size_z = 22
energy_range = 9
exhaustiveness = 32
num_modes = 10