center_x = 34.11239041095891
center_y = 2.0372602739726027
center_z = -11.668726027397252
size_x = 22
size_y = 22
size_z = 22
energy_range = 9
exhaustiveness = 32
num_modes = 10