center_x = -4.290026894865523
center_y = 69.33296332518334
center_z = -25.31421515892422
size_x = 22
size_y = 22
size_z = 22
energy_range = 9
exhaustiveness = 32
num_modes = 10