center_x = -20.788157142857138
center_y = 74.65283571428569
center_z = -39.35054999999999
size_x = 22
size_y = 22
size_z = 22
energy_range = 9
exhaustiveness = 32
num_modes = 10