center_x = -2.201593103448276
center_y = 69.03591034482757
center_z = -39.65362068965519
size_x = 22
size_y = 22
size_z = 22
energy_range = 9
exhaustiveness = 32
num_modes = 10