center_x = -15.596749999999997
center_y = 63.848575
center_z = -19.635262500000003
size_x = 22
size_y = 22
size_z = 22
energy_range = 9
exhaustiveness = 32
num_modes = 10