center_x = -17.547053846153855
center_y = 74.71548461538465
center_z = -44.41787692307694
size_x = 22
size_y = 22
size_z = 22
energy_range = 9
exhaustiveness = 32
num_modes = 10