center_x = -2.6955471014492742
center_y = 77.62837681159421
center_z = -37.74763768115943
size_x = 22
size_y = 22
size_z = 22
energy_range = 9
exhaustiveness = 32
num_modes = 10