center_x = -24.72487301587302
center_y = 65.39500793650791
center_z = -39.27521428571429
size_x = 22
size_y = 22
size_z = 22
energy_range = 9
exhaustiveness = 32
num_modes = 10