center_x = -19.429358490566045
center_y = 24.716603773584907
center_z = -3.099459119496856
size_x = 22
size_y = 22
size_z = 22
energy_range = 9
exhaustiveness = 32
num_modes = 10