center_x = -26.75854074074075
center_y = 14.958874074074073
center_z = -0.0744222222222224
size_x = 22
size_y = 22
size_z = 22
energy_range = 9
exhaustiveness = 32
num_modes = 10