center_x = -22.081399999999988
center_y = 14.316148148148146
center_z = 4.469385185185186
size_x = 22
size_y = 22
size_z = 22
energy_range = 9
exhaustiveness = 32
num_modes = 10