center_x = 0.3250840336134455
center_y = 20.827176470588235
center_z = -43.58661344537816
size_x = 22
size_y = 22
size_z = 22
energy_range = 9
exhaustiveness = 32
num_modes = 10