center_x = -16.749672727272728
center_y = 21.17454545454545
center_z = -16.06411515151515
size_x = 22
size_y = 22
size_z = 22
energy_range = 9
exhaustiveness = 32
num_modes = 10