center_x = 2.2894838709677425
center_y = 16.674096774193544
center_z = -45.533219354838735
size_x = 22
size_y = 22
size_z = 22
energy_range = 9
exhaustiveness = 32
num_modes = 10