center_x = -24.35660425531916
center_y = 11.392838297872336
center_z = -27.7680765957447
size_x = 22
size_y = 22
size_z = 22
energy_range = 9
exhaustiveness = 32
num_modes = 10