center_x = -27.64793421052632
center_y = 12.698848684210526
center_z = -8.615855263157892
size_x = 22
size_y = 22
size_z = 22
energy_range = 9
exhaustiveness = 32
num_modes = 10