center_x = 7.541457446808512
center_y = 21.87155319148936
center_z = -41.62329787234041
size_x = 22
size_y = 22
size_z = 22
energy_range = 9
exhaustiveness = 32
num_modes = 10