center_x = -15.69490952380953
center_y = 2.8376333333333323
center_z = -10.067976190476193
size_x = 22
size_y = 22
size_z = 22
energy_range = 9
exhaustiveness = 32
num_modes = 10