center_x = -1.6193100775193792
center_y = 3.943286821705427
center_z = -19.06492248062016
size_x = 22
size_y = 22
size_z = 22
energy_range = 9
exhaustiveness = 32
num_modes = 10