center_x = -17.77598757763975
center_y = 16.915621118012407
center_z = -32.72930434782609
size_x = 22
size_y = 22
size_z = 22
energy_range = 9
exhaustiveness = 32
num_modes = 10