center_x = -10.490487394957984
center_y = 11.826277310924375
center_z = -40.25069747899159
size_x = 22
size_y = 22
size_z = 22
energy_range = 9
exhaustiveness = 32
num_modes = 10