center_x = -11.318266233766233
center_y = -1.6369870129870123
center_z = -23.40590909090909
size_x = 22
size_y = 22
size_z = 22
energy_range = 9
exhaustiveness = 32
num_modes = 10