center_x = -3.297564705882353
center_y = 8.530976470588238
center_z = -44.841929411764696
size_x = 22
size_y = 22
size_z = 22
energy_range = 9
exhaustiveness = 32
num_modes = 10