center_x = 5.488470238095241
center_y = 7.382892857142857
center_z = -43.943928571428586
size_x = 22
size_y = 22
size_z = 22
energy_range = 9
exhaustiveness = 32
num_modes = 10