center_x = -5.253988235294114
center_y = 5.218266666666668
center_z = -31.45500784313726
size_x = 22
size_y = 22
size_z = 22
energy_range = 9
exhaustiveness = 32
num_modes = 10