center_x = -7.993791293213833
center_y = 15.638199743918072
center_z = -20.85152496798976
size_x = 22
size_y = 22
size_z = 22
energy_range = 9
exhaustiveness = 32
num_modes = 10