center_x = -9.402940559440555
center_y = -8.563699300699295
center_z = -18.18161188811189
size_x = 22
size_y = 22
size_z = 22
energy_range = 9
exhaustiveness = 32
num_modes = 10