center_x = -10.002466666666669
center_y = -2.5829066666666667
center_z = -25.79824000000001
size_x = 22
size_y = 22
size_z = 22
energy_range = 9
exhaustiveness = 32
num_modes = 10