center_x = -18.77133121019108
center_y = -1.9775605095541409
center_z = -11.85763694267516
size_x = 22
size_y = 22
size_z = 22
energy_range = 9
exhaustiveness = 32
num_modes = 10