center_x = -12.01842148760331
center_y = -16.420330578512395
center_z = -28.614322314049584
size_x = 22
size_y = 22
size_z = 22
energy_range = 9
exhaustiveness = 32
num_modes = 10