center_x = -24.566057971014512
center_y = -11.754311594202898
center_z = -10.036565217391304
size_x = 22
size_y = 22
size_z = 22
energy_range = 9
exhaustiveness = 32
num_modes = 10