center_x = -23.98518325791856
center_y = 16.293694570135752
center_z = -25.28806108597284
size_x = 22
size_y = 22
size_z = 22
energy_range = 9
exhaustiveness = 32
num_modes = 10