center_x = -16.320950819672138
center_y = 13.899637415621978
center_z = -18.006744455159144
size_x = 22
size_y = 22
size_z = 22
energy_range = 9
exhaustiveness = 32
num_modes = 10