center_x = -25.72314218009479
center_y = 15.527255924170609
center_z = -25.505810426540297
size_x = 22
size_y = 22
size_z = 22
energy_range = 9
exhaustiveness = 32
num_modes = 10