center_x = -13.11972609819122
center_y = 12.64285529715763
center_z = -15.02544444444444
size_x = 22
size_y = 22
size_z = 22
energy_range = 9
exhaustiveness = 32
num_modes = 10