center_x = -13.072064102564104
center_y = 12.498376068376068
center_z = -15.33061111111111
size_x = 22
size_y = 22
size_z = 22
energy_range = 9
exhaustiveness = 32
num_modes = 10