center_x = -25.196302752293576
center_y = 15.666660550458715
center_z = -25.2398486238532
size_x = 22
size_y = 22
size_z = 22
energy_range = 9
exhaustiveness = 32
num_modes = 10