center_x = -12.565854800936764
center_y = 12.397962529274004
center_z = -14.557011709601868
size_x = 22
size_y = 22
size_z = 22
energy_range = 9
exhaustiveness = 32
num_modes = 10