center_x = -20.268759887005643
center_y = 15.64524011299434
center_z = -21.41928813559322
size_x = 22
size_y = 22
size_z = 22
energy_range = 9
exhaustiveness = 32
num_modes = 10