center_x = -11.614265193370152
center_y = 11.733416206261502
center_z = -13.84146593001842
size_x = 22
size_y = 22
size_z = 22
energy_range = 9
exhaustiveness = 32
num_modes = 10