center_x = -19.84264285714285
center_y = 15.453191964285704
center_z = -21.48956696428572
size_x = 22
size_y = 22
size_z = 22
energy_range = 9
exhaustiveness = 32
num_modes = 10