center_x = -12.965319444444454
center_y = 12.410870370370374
center_z = -15.158120370370384
size_x = 22
size_y = 22
size_z = 22
energy_range = 9
exhaustiveness = 32
num_modes = 10