center_x = -10.405123595505618
center_y = 11.512106741573035
center_z = -13.377497191011235
size_x = 22
size_y = 22
size_z = 22
energy_range = 9
exhaustiveness = 32
num_modes = 10