center_x = -24.24873333333332
center_y = 16.042526666666667
center_z = -25.67894
size_x = 22
size_y = 22
size_z = 22
energy_range = 9
exhaustiveness = 32
num_modes = 10