center_x = -15.025895348837208
center_y = 13.210220930232552
center_z = -16.901860465116282
size_x = 22
size_y = 22
size_z = 22
energy_range = 9
exhaustiveness = 32
num_modes = 10