center_x = -17.249679845708783
center_y = 14.278931533269066
center_z = -18.805384763741568
size_x = 22
size_y = 22
size_z = 22
energy_range = 9
exhaustiveness = 32
num_modes = 10