center_x = -27.38515238095237
center_y = 18.65411428571428
center_z = -28.48236190476191
size_x = 22
size_y = 22
size_z = 22
energy_range = 9
exhaustiveness = 32
num_modes = 10