center_x = -11.466024615384615
center_y = 11.978409230769232
center_z = -13.635021538461553
size_x = 22
size_y = 22
size_z = 22
energy_range = 9
exhaustiveness = 32
num_modes = 10