center_x = -23.943106217616556
center_y = 17.049914507772005
center_z = -24.99471243523317
size_x = 22
size_y = 22
size_z = 22
energy_range = 9
exhaustiveness = 32
num_modes = 10