center_x = -59.82533653846155
center_y = -47.84672115384616
center_z = 71.56385576923078
size_x = 22
size_y = 22
size_z = 22
energy_range = 9
exhaustiveness = 32
num_modes = 10