center_x = -45.02735384615384
center_y = -37.97774615384616
center_z = 91.13986538461532
size_x = 22
size_y = 22
size_z = 22
energy_range = 9
exhaustiveness = 32
num_modes = 10