center_x = -47.554508928571416
center_y = -21.630499999999994
center_z = 86.90174107142855
size_x = 22
size_y = 22
size_z = 22
energy_range = 9
exhaustiveness = 32
num_modes = 10