center_x = -49.36809000000003
center_y = -52.42482
center_z = 94.87868000000002
size_x = 22
size_y = 22
size_z = 22
energy_range = 9
exhaustiveness = 32
num_modes = 10