center_x = -44.308984375
center_y = -48.65978125
center_z = 83.05318749999998
size_x = 22
size_y = 22
size_z = 22
energy_range = 9
exhaustiveness = 32
num_modes = 10