center_x = -60.82702000000004
center_y = -30.082129999999992
center_z = 82.29857499999999
size_x = 22
size_y = 22
size_z = 22
energy_range = 9
exhaustiveness = 32
num_modes = 10