center_x = -67.62194594594597
center_y = -33.306333333333335
center_z = 87.56954054054057
size_x = 22
size_y = 22
size_z = 22
energy_range = 9
exhaustiveness = 32
num_modes = 10