center_x = -53.12768686868687
center_y = -44.00213131313132
center_z = 70.0447777777778
size_x = 22
size_y = 22
size_z = 22
energy_range = 9
exhaustiveness = 32
num_modes = 10