center_x = -48.86616058394164
center_y = -38.41909854014597
center_z = 76.19694525547447
size_x = 22
size_y = 22
size_z = 22
energy_range = 9
exhaustiveness = 32
num_modes = 10