center_x = -65.69568518518518
center_y = -39.541027777777785
center_z = 90.41043518518516
size_x = 22
size_y = 22
size_z = 22
energy_range = 9
exhaustiveness = 32
num_modes = 10