center_x = -48.495788235294114
center_y = -26.66922352941176
center_z = 76.87068235294119
size_x = 22
size_y = 22
size_z = 22
energy_range = 9
exhaustiveness = 32
num_modes = 10