center_x = 9.371888888888892
center_y = 14.627349206349216
center_z = 24.901687830687848
size_x = 22
size_y = 22
size_z = 22
energy_range = 9
exhaustiveness = 32
num_modes = 10