center_x = 28.412185840707966
center_y = 23.449619469026548
center_z = 14.17172566371682
size_x = 22
size_y = 22
size_z = 22
energy_range = 9
exhaustiveness = 32
num_modes = 10