center_x = 20.248056701030933
center_y = 31.717989690721645
center_z = 14.258809278350522
size_x = 22
size_y = 22
size_z = 22
energy_range = 9
exhaustiveness = 32
num_modes = 10