center_x = 23.11126315789472
center_y = 15.597973684210515
center_z = 23.658730263157903
size_x = 22
size_y = 22
size_z = 22
energy_range = 9
exhaustiveness = 32
num_modes = 10