center_x = 2.459208333333333
center_y = 37.33223611111109
center_z = 1.2565416666666664
size_x = 22
size_y = 22
size_z = 22
energy_range = 9
exhaustiveness = 32
num_modes = 10