center_x = 7.375843478260869
center_y = 14.726608695652178
center_z = 6.064069565217387
size_x = 22
size_y = 22
size_z = 22
energy_range = 9
exhaustiveness = 32
num_modes = 10