center_x = 9.781902033271717
center_y = 27.69088354898334
center_z = 10.167064695009246
size_x = 22
size_y = 22
size_z = 22
energy_range = 9
exhaustiveness = 32
num_modes = 10