center_x = 1.0011278195488722
center_y = 38.87214285714288
center_z = 13.478015037593984
size_x = 22
size_y = 22
size_z = 22
energy_range = 9
exhaustiveness = 32
num_modes = 10