center_x = 5.836198412698412
center_y = 40.11255555555556
center_z = 6.322388888888891
size_x = 22
size_y = 22
size_z = 22
energy_range = 9
exhaustiveness = 32
num_modes = 10