center_x = -3.8599466666666657
center_y = 20.245880000000003
center_z = 8.326440000000002
size_x = 22
size_y = 22
size_z = 22
energy_range = 9
exhaustiveness = 32
num_modes = 10