center_x = 13.214208053691271
center_y = 43.60540268456375
center_z = 11.3168322147651
size_x = 22
size_y = 22
size_z = 22
energy_range = 9
exhaustiveness = 32
num_modes = 10