center_x = 3.2648467741935465
center_y = 8.70300806451613
center_z = 19.93740322580647
size_x = 22
size_y = 22
size_z = 22
energy_range = 9
exhaustiveness = 32
num_modes = 10