center_x = -0.8914166666666664
center_y = 34.07395833333333
center_z = 5.04909375
size_x = 22
size_y = 22
size_z = 22
energy_range = 9
exhaustiveness = 32
num_modes = 10