center_x = 71.23676116838494
center_y = 56.90885910652919
center_z = 15.879317869415804
size_x = 22
size_y = 22
size_z = 22
energy_range = 9
exhaustiveness = 32
num_modes = 10