center_x = 71.25492792792794
center_y = 56.51994594594596
center_z = 15.700630630630634
size_x = 22
size_y = 22
size_z = 22
energy_range = 9
exhaustiveness = 32
num_modes = 10