center_x = 71.00476079734224
center_y = 56.27507973421928
center_z = 15.784784053156152
size_x = 22
size_y = 22
size_z = 22
energy_range = 9
exhaustiveness = 32
num_modes = 10