center_x = 69.74535175879397
center_y = 63.14060804020103
center_z = 7.300311557788944
size_x = 22
size_y = 22
size_z = 22
energy_range = 9
exhaustiveness = 32
num_modes = 10