center_x = 73.48003703703708
center_y = 64.12853086419753
center_z = 6.21138888888889
size_x = 22
size_y = 22
size_z = 22
energy_range = 9
exhaustiveness = 32
num_modes = 10