center_x = 71.21192795389048
center_y = 57.03532997118165
center_z = 15.63516858789626
size_x = 22
size_y = 22
size_z = 22
energy_range = 9
exhaustiveness = 32
num_modes = 10