center_x = 73.08814606741575
center_y = 58.74982584269664
center_z = 13.432275280898878
size_x = 22
size_y = 22
size_z = 22
energy_range = 9
exhaustiveness = 32
num_modes = 10