center_x = 71.62003883495146
center_y = 65.79734951456308
center_z = 3.787033980582525
size_x = 22
size_y = 22
size_z = 22
energy_range = 9
exhaustiveness = 32
num_modes = 10