center_x = 71.38725691699605
center_y = 63.17059683794466
center_z = 7.594486166007907
size_x = 22
size_y = 22
size_z = 22
energy_range = 9
exhaustiveness = 32
num_modes = 10