center_x = 69.74535175879393
center_y = 63.140608040201
center_z = 7.30031155778894
size_x = 22
size_y = 22
size_z = 22
energy_range = 9
exhaustiveness = 32
num_modes = 10