center_x = 71.4222972027972
center_y = 61.79151748251747
center_z = 8.887087412587404
size_x = 22
size_y = 22
size_z = 22
energy_range = 9
exhaustiveness = 32
num_modes = 10