center_x = 71.26539572192513
center_y = 63.86658823529415
center_z = 6.995641711229948
size_x = 22
size_y = 22
size_z = 22
energy_range = 9
exhaustiveness = 32
num_modes = 10