center_x = 71.35251546391751
center_y = 64.62096907216498
center_z = 6.348443298969069
size_x = 22
size_y = 22
size_z = 22
energy_range = 9
exhaustiveness = 32
num_modes = 10