center_x = 14.941542056074764
center_y = -6.211289719626165
center_z = 9.285644859813088
size_x = 22
size_y = 22
size_z = 22
energy_range = 9
exhaustiveness = 32
num_modes = 10