center_x = 35.84006711409397
center_y = 3.858026845637589
center_z = 18.468476510067102
size_x = 22
size_y = 22
size_z = 22
energy_range = 9
exhaustiveness = 32
num_modes = 10