center_x = 8.170047619047617
center_y = -16.800304761904762
center_z = 30.200028571428565
size_x = 22
size_y = 22
size_z = 22
energy_range = 9
exhaustiveness = 32
num_modes = 10