center_x = 43.40469565217391
center_y = -13.435608695652174
center_z = 10.466206521739132
size_x = 22
size_y = 22
size_z = 22
energy_range = 9
exhaustiveness = 32
num_modes = 10