center_x = 20.30097777777778
center_y = -9.155
center_z = 31.09274444444443
size_x = 22
size_y = 22
size_z = 22
energy_range = 9
exhaustiveness = 32
num_modes = 10