center_x = 28.57778260869565
center_y = 7.94206956521739
center_z = 28.34047826086957
size_x = 22
size_y = 22
size_z = 22
energy_range = 9
exhaustiveness = 32
num_modes = 10