center_x = 18.361690140845067
center_y = 8.064471830985916
center_z = 19.494239436619708
size_x = 22
size_y = 22
size_z = 22
energy_range = 9
exhaustiveness = 32
num_modes = 10