center_x = 26.21748958333332
center_y = -7.027430555555558
center_z = 8.953399305555557
size_x = 22
size_y = 22
size_z = 22
energy_range = 9
exhaustiveness = 32
num_modes = 10