center_x = 32.38602857142856
center_y = -13.010761904761912
center_z = 30.32507619047618
size_x = 22
size_y = 22
size_z = 22
energy_range = 9
exhaustiveness = 32
num_modes = 10