center_x = 29.71623270440251
center_y = 10.726566037735854
center_z = 13.243672955974846
size_x = 22
size_y = 22
size_z = 22
energy_range = 9
exhaustiveness = 32
num_modes = 10