center_x = 2.75878409090909
center_y = -16.789772727272723
center_z = 27.954886363636355
size_x = 22
size_y = 22
size_z = 22
energy_range = 9
exhaustiveness = 32
num_modes = 10