center_x = 14.883120253164554
center_y = 2.5944050632911404
center_z = 27.928063291139228
size_x = 22
size_y = 22
size_z = 22
energy_range = 9
exhaustiveness = 32
num_modes = 10