center_x = 28.1263492063492
center_y = 3.130317460317461
center_z = 7.315841269841267
size_x = 22
size_y = 22
size_z = 22
energy_range = 9
exhaustiveness = 32
num_modes = 10