center_x = 17.653000000000006
center_y = -17.341114035087724
center_z = 28.701131578947383
size_x = 22
size_y = 22
size_z = 22
energy_range = 9
exhaustiveness = 32
num_modes = 10