center_x = 22.172391752577315
center_y = 10.400762886597937
center_z = 25.11643298969072
size_x = 22
size_y = 22
size_z = 22
energy_range = 9
exhaustiveness = 32
num_modes = 10