center_x = 33.272107526881726
center_y = -9.60547311827957
center_z = 2.653268817204301
size_x = 22
size_y = 22
size_z = 22
energy_range = 9
exhaustiveness = 32
num_modes = 10