center_x = 24.58109345794393
center_y = -52.77318691588785
center_z = 0.1640280373831779
size_x = 22
size_y = 22
size_z = 22
energy_range = 9
exhaustiveness = 32
num_modes = 10