center_x = 43.6978382352941
center_y = -39.105720588235314
center_z = -5.170639705882351
size_x = 22
size_y = 22
size_z = 22
energy_range = 9
exhaustiveness = 32
num_modes = 10