center_x = 23.301677083333345
center_y = -26.70501041666667
center_z = -18.903645833333336
size_x = 22
size_y = 22
size_z = 22
energy_range = 9
exhaustiveness = 32
num_modes = 10