center_x = 35.63735593220338
center_y = -52.68784745762712
center_z = -11.250533898305088
size_x = 22
size_y = 22
size_z = 22
energy_range = 9
exhaustiveness = 32
num_modes = 10