center_x = 39.70741379310346
center_y = -21.39924137931033
center_z = 9.465137931034487
size_x = 22
size_y = 22
size_z = 22
energy_range = 9
exhaustiveness = 32
num_modes = 10