center_x = 31.52219327731093
center_y = -46.81195798319328
center_z = -20.9531344537815
size_x = 22
size_y = 22
size_z = 22
energy_range = 9
exhaustiveness = 32
num_modes = 10