center_x = 23.716447999999996
center_y = -45.70396800000003
center_z = 5.979048
size_x = 22
size_y = 22
size_z = 22
energy_range = 9
exhaustiveness = 32
num_modes = 10