center_x = 19.67330857142857
center_y = -33.93525142857143
center_z = 12.153034285714275
size_x = 22
size_y = 22
size_z = 22
energy_range = 9
exhaustiveness = 32
num_modes = 10