center_x = 56.982666666666645
center_y = -47.443984126984105
center_z = 5.124380952380951
size_x = 22
size_y = 22
size_z = 22
energy_range = 9
exhaustiveness = 32
num_modes = 10