center_x = 35.68972455089819
center_y = -51.31452095808382
center_z = 8.341550898203595
size_x = 22
size_y = 22
size_z = 22
energy_range = 9
exhaustiveness = 32
num_modes = 10