center_x = 23.826615384615387
center_y = -50.89591715976332
center_z = -9.10943786982249
size_x = 22
size_y = 22
size_z = 22
energy_range = 9
exhaustiveness = 32
num_modes = 10