center_x = 43.13978716216214
center_y = -34.88210472972971
center_z = 11.311959459459452
size_x = 22
size_y = 22
size_z = 22
energy_range = 9
exhaustiveness = 32
num_modes = 10