center_x = 48.848012987013
center_y = -31.73167532467532
center_z = 2.315064935064935
size_x = 22
size_y = 22
size_z = 22
energy_range = 9
exhaustiveness = 32
num_modes = 10