center_x = 41.01336178861786
center_y = -43.21541056910571
center_z = -14.559686991869926
size_x = 22
size_y = 22
size_z = 22
energy_range = 9
exhaustiveness = 32
num_modes = 10