center_x = 26.89105691056911
center_y = -21.501723577235776
center_z = 1.172756097560976
size_x = 22
size_y = 22
size_z = 22
energy_range = 9
exhaustiveness = 32
num_modes = 10