center_x = 33.0958163265306
center_y = -27.815639455782296
center_z = 11.39728571428572
size_x = 22
size_y = 22
size_z = 22
energy_range = 9
exhaustiveness = 32
num_modes = 10