center_x = 55.51819626168224
center_y = -61.61966355140191
center_z = 14.20252336448598
size_x = 22
size_y = 22
size_z = 22
energy_range = 9
exhaustiveness = 32
num_modes = 10