center_x = 53.081111111111085
center_y = -43.42668376068375
center_z = 10.520034188034192
size_x = 22
size_y = 22
size_z = 22
energy_range = 9
exhaustiveness = 32
num_modes = 10