center_x = 19.127697916666666
center_y = -41.23363020833333
center_z = -16.458046875
size_x = 22
size_y = 22
size_z = 22
energy_range = 9
exhaustiveness = 32
num_modes = 10