center_x = 47.63243749999997
center_y = -32.995031250000004
center_z = -3.0001328125
size_x = 22
size_y = 22
size_z = 22
energy_range = 9
exhaustiveness = 32
num_modes = 10