center_x = 59.12251190476191
center_y = -52.13609523809525
center_z = 15.183261904761908
size_x = 22
size_y = 22
size_z = 22
energy_range = 9
exhaustiveness = 32
num_modes = 10