center_x = 30.6652614379085
center_y = -6.178764705882352
center_z = 15.738464052287584
size_x = 22
size_y = 22
size_z = 22
energy_range = 9
exhaustiveness = 32
num_modes = 10