center_x = 29.00516161616161
center_y = -9.289626262626266
center_z = 8.4960101010101
size_x = 22
size_y = 22
size_z = 22
energy_range = 9
exhaustiveness = 32
num_modes = 10