center_x = 20.46050777202073
center_y = -21.174435233160622
center_z = 35.53114507772021
size_x = 22
size_y = 22
size_z = 22
energy_range = 9
exhaustiveness = 32
num_modes = 10