center_x = 27.461951456310675
center_y = -8.875388349514568
center_z = 2.583106796116504
size_x = 22
size_y = 22
size_z = 22
energy_range = 9
exhaustiveness = 32
num_modes = 10