center_x = 12.544318965517244
center_y = 6.131956896551725
center_z = 26.3425775862069
size_x = 22
size_y = 22
size_z = 22
energy_range = 9
exhaustiveness = 32
num_modes = 10