center_x = 29.2386269430052
center_y = -2.792896373056996
center_z = 22.68449222797929
size_x = 22
size_y = 22
size_z = 22
energy_range = 9
exhaustiveness = 32
num_modes = 10