center_x = 29.602253424657533
center_y = -3.997643835616437
center_z = 35.19284931506847
size_x = 22
size_y = 22
size_z = 22
energy_range = 9
exhaustiveness = 32
num_modes = 10