center_x = 28.28866871165646
center_y = -23.281809815950915
center_z = 28.77757668711656
size_x = 22
size_y = 22
size_z = 22
energy_range = 9
exhaustiveness = 32
num_modes = 10