center_x = 19.46457676348545
center_y = -5.820441908713698
center_z = 15.331593360995845
size_x = 22
size_y = 22
size_z = 22
energy_range = 9
exhaustiveness = 32
num_modes = 10