center_x = 27.9211935483871
center_y = -13.41946774193548
center_z = 41.23301612903226
size_x = 22
size_y = 22
size_z = 22
energy_range = 9
exhaustiveness = 32
num_modes = 10