center_x = 19.07034677419356
center_y = 6.708693548387097
center_z = 25.73379032258063
size_x = 22
size_y = 22
size_z = 22
energy_range = 9
exhaustiveness = 32
num_modes = 10