center_x = 16.545765517241374
center_y = -13.99595862068966
center_z = 25.279055172413795
size_x = 22
size_y = 22
size_z = 22
energy_range = 9
exhaustiveness = 32
num_modes = 10