center_x = 19.91123021582734
center_y = -32.56226618705037
center_z = 13.71953237410072
size_x = 22
size_y = 22
size_z = 22
energy_range = 9
exhaustiveness = 32
num_modes = 10