center_x = 26.12009009009009
center_y = -20.828504504504508
center_z = 1.808378378378378
size_x = 22
size_y = 22
size_z = 22
energy_range = 9
exhaustiveness = 32
num_modes = 10