center_x = 21.876257936507947
center_y = -47.42294444444445
center_z = -8.66414682539683
size_x = 22
size_y = 22
size_z = 22
energy_range = 9
exhaustiveness = 32
num_modes = 10