center_x = 40.14498717948718
center_y = -43.12662820512822
center_z = -14.120611111111108
size_x = 22
size_y = 22
size_z = 22
energy_range = 9
exhaustiveness = 32
num_modes = 10