center_x = 58.41911904761906
center_y = -51.45715476190478
center_z = 14.99339285714286
size_x = 22
size_y = 22
size_z = 22
energy_range = 9
exhaustiveness = 32
num_modes = 10