center_x = 56.86177678571429
center_y = -47.40907142857144
center_z = 5.547321428571428
size_x = 22
size_y = 22
size_z = 22
energy_range = 9
exhaustiveness = 32
num_modes = 10