center_x = 47.07752343750003
center_y = -32.6205
center_z = -2.917945312500001
size_x = 22
size_y = 22
size_z = 22
energy_range = 9
exhaustiveness = 32
num_modes = 10