center_x = 43.40998818897638
center_y = -35.492751968503946
center_z = 10.40221653543307
size_x = 22
size_y = 22
size_z = 22
energy_range = 9
exhaustiveness = 32
num_modes = 10