center_x = 38.16683486238532
center_y = -51.38018348623854
center_z = 7.290724770642202
size_x = 22
size_y = 22
size_z = 22
energy_range = 9
exhaustiveness = 32
num_modes = 10