center_x = 54.68997999999998
center_y = -60.81359999999999
center_z = 13.250690000000002
size_x = 22
size_y = 22
size_z = 22
energy_range = 9
exhaustiveness = 32
num_modes = 10