center_x = 15.99342735042735
center_y = -40.45764957264955
center_z = -13.894153846153838
size_x = 22
size_y = 22
size_z = 22
energy_range = 9
exhaustiveness = 32
num_modes = 10