center_x = 35.46907382550336
center_y = -39.53285234899328
center_z = 27.614221476510075
size_x = 22
size_y = 22
size_z = 22
energy_range = 9
exhaustiveness = 32
num_modes = 10