center_x = 43.23922058823529
center_y = -38.62065441176471
center_z = -5.076338235294119
size_x = 22
size_y = 22
size_z = 22
energy_range = 9
exhaustiveness = 32
num_modes = 10