center_x = 40.43200694444448
center_y = -20.14996527777778
center_z = 5.006138888888888
size_x = 22
size_y = 22
size_z = 22
energy_range = 9
exhaustiveness = 32
num_modes = 10