center_x = 47.06631858407079
center_y = -21.583353982300878
center_z = -16.279203539823005
size_x = 22
size_y = 22
size_z = 22
energy_range = 9
exhaustiveness = 32
num_modes = 10