center_x = 24.33574766355141
center_y = -52.07341121495327
center_z = 0.1763644859813067
size_x = 22
size_y = 22
size_z = 22
energy_range = 9
exhaustiveness = 32
num_modes = 10