center_x = 32.76271
center_y = -49.22354
center_z = -20.29264
size_x = 22
size_y = 22
size_z = 22
energy_range = 9
exhaustiveness = 32
num_modes = 10