receptor = data/6hzc/6hzc_ligand.pdbqt
ligand = data/6hzc/6hzc_protein.pdbqt
center_x = 43.40998818897638
center_y = -35.492751968503946
center_z = 10.40221653543307
size_x = 25.225976377952755
size_y = 19.05950393700789
size_z = 17.603566929133862
energy_range = 9
exhaustiveness = 32
num_modes = 10