center_x = 48.75867741935485
center_y = -30.98812903225806
center_z = 0.969064516129032
size_x = 22
size_y = 22
size_z = 22
energy_range = 9
exhaustiveness = 32
num_modes = 10