center_x = 44.13826966292137
center_y = -50.75239325842696
center_z = 0.6182247191011236
size_x = 22
size_y = 22
size_z = 22
energy_range = 9
exhaustiveness = 32
num_modes = 10