center_x = 35.28181355932203
center_y = -51.99713559322035
center_z = -11.105084745762715
size_x = 22
size_y = 22
size_z = 22
energy_range = 9
exhaustiveness = 32
num_modes = 10