center_x = 52.44894871794872
center_y = -42.884
center_z = 10.415820512820511
size_x = 22
size_y = 22
size_z = 22
energy_range = 9
exhaustiveness = 32
num_modes = 10