center_x = 54.81384126984128
center_y = -50.53409523809524
center_z = 0.8434126984126986
size_x = 22
size_y = 22
size_z = 22
energy_range = 9
exhaustiveness = 32
num_modes = 10