center_x = 41.58955844155842
center_y = -27.403948051948067
center_z = -25.752935064935077
size_x = 22
size_y = 22
size_z = 22
energy_range = 9
exhaustiveness = 32
num_modes = 10