center_x = 19.170866071428577
center_y = -43.147642857142834
center_z = 13.874000000000004
size_x = 22
size_y = 22
size_z = 22
energy_range = 9
exhaustiveness = 32
num_modes = 10