center_x = -2.1193838383838384
center_y = 10.78920202020202
center_z = 6.655131313131314
size_x = 22
size_y = 22
size_z = 22
energy_range = 9
exhaustiveness = 32
num_modes = 10