center_x = 42.88647413793105
center_y = 9.732706896551722
center_z = 18.636603448275864
size_x = 22
size_y = 22
size_z = 22
energy_range = 9
exhaustiveness = 32
num_modes = 10