center_x = 21.681666666666665
center_y = 2.5370357142857136
center_z = 43.84199999999999
size_x = 22
size_y = 22
size_z = 22
energy_range = 9
exhaustiveness = 32
num_modes = 10