center_x = 2.701640552995391
center_y = 19.08519354838711
center_z = 20.91775115207372
size_x = 22
size_y = 22
size_z = 22
energy_range = 9
exhaustiveness = 32
num_modes = 10