center_x = 24.201542857142854
center_y = 34.271485714285724
center_z = 25.18192380952381
size_x = 22
size_y = 22
size_z = 22
energy_range = 9
exhaustiveness = 32
num_modes = 10