center_x = 35.79289051094889
center_y = 14.654014598540147
center_z = 10.820970802919703
size_x = 22
size_y = 22
size_z = 22
energy_range = 9
exhaustiveness = 32
num_modes = 10