center_x = 8.127889473684208
center_y = 4.920215789473686
center_z = 38.751357894736834
size_x = 22
size_y = 22
size_z = 22
energy_range = 9
exhaustiveness = 32
num_modes = 10