center_x = 15.448849999999991
center_y = 25.94418888888888
center_z = 21.500288888888893
size_x = 22
size_y = 22
size_z = 22
energy_range = 9
exhaustiveness = 32
num_modes = 10