center_x = 16.670010695187166
center_y = 9.21722459893048
center_z = 20.14036898395721
size_x = 22
size_y = 22
size_z = 22
energy_range = 9
exhaustiveness = 32
num_modes = 10