center_x = 26.636722689075636
center_y = -3.378210084033612
center_z = 34.377235294117646
size_x = 22
size_y = 22
size_z = 22
energy_range = 9
exhaustiveness = 32
num_modes = 10