center_x = -0.3588793859649105
center_y = 11.076142543859644
center_z = 40.27667982456142
size_x = 22
size_y = 22
size_z = 22
energy_range = 9
exhaustiveness = 32
num_modes = 10