center_x = 44.07302631578951
center_y = 16.96857894736842
center_z = 15.902017543859648
size_x = 22
size_y = 22
size_z = 22
energy_range = 9
exhaustiveness = 32
num_modes = 10