center_x = 20.25393571428572
center_y = 9.122164285714282
center_z = 28.09584285714285
size_x = 22
size_y = 22
size_z = 22
energy_range = 9
exhaustiveness = 32
num_modes = 10