center_x = -11.028716666666664
center_y = 11.23302222222223
center_z = 13.635533333333337
size_x = 22
size_y = 22
size_z = 22
energy_range = 9
exhaustiveness = 32
num_modes = 10