center_x = 20.466083333333334
center_y = -4.978774999999997
center_z = 27.939116666666667
size_x = 22
size_y = 22
size_z = 22
energy_range = 9
exhaustiveness = 32
num_modes = 10