center_x = 12.971931034482765
center_y = 13.023453201970447
center_z = 43.943295566502464
size_x = 22
size_y = 22
size_z = 22
energy_range = 9
exhaustiveness = 32
num_modes = 10