center_x = 2.4729181818181813
center_y = 37.179936363636365
center_z = 33.93951818181819
size_x = 22
size_y = 22
size_z = 22
energy_range = 9
exhaustiveness = 32
num_modes = 10