center_x = 39.58084671532848
center_y = -3.7017299270073
center_z = 16.010948905109483
size_x = 22
size_y = 22
size_z = 22
energy_range = 9
exhaustiveness = 32
num_modes = 10