center_x = -9.159402173913042
center_y = 14.044902173913044
center_z = 52.89993478260868
size_x = 22
size_y = 22
size_z = 22
energy_range = 9
exhaustiveness = 32
num_modes = 10