center_x = 9.928061224489795
center_y = 31.289867346938777
center_z = 17.674551020408167
size_x = 22
size_y = 22
size_z = 22
energy_range = 9
exhaustiveness = 32
num_modes = 10