center_x = -4.593553846153846
center_y = 35.28224615384614
center_z = 50.23063076923077
size_x = 22
size_y = 22
size_z = 22
energy_range = 9
exhaustiveness = 32
num_modes = 10