center_x = 7.409982142857141
center_y = 0.2832589285714285
center_z = 42.08846428571428
size_x = 22
size_y = 22
size_z = 22
energy_range = 9
exhaustiveness = 32
num_modes = 10