center_x = -7.408868852459016
center_y = 8.18103278688525
center_z = 48.400688524590166
size_x = 22
size_y = 22
size_z = 22
energy_range = 9
exhaustiveness = 32
num_modes = 10