center_x = 17.27300775193798
center_y = 9.50433139534884
center_z = 10.607709302325592
size_x = 22
size_y = 22
size_z = 22
energy_range = 9
exhaustiveness = 32
num_modes = 10