center_x = 14.10396951219512
center_y = 0.3595792682926827
center_z = 18.52251829268293
size_x = 22
size_y = 22
size_z = 22
energy_range = 9
exhaustiveness = 32
num_modes = 10