center_x = 21.303979591836736
center_y = 13.77204761904762
center_z = 40.77172789115647
size_x = 22
size_y = 22
size_z = 22
energy_range = 9
exhaustiveness = 32
num_modes = 10