center_x = 11.097415549597857
center_y = 2.310868632707772
center_z = 11.551938337801598
size_x = 22
size_y = 22
size_z = 22
energy_range = 9
exhaustiveness = 32
num_modes = 10