center_x = -0.1156694915254242
center_y = 9.569652542372884
center_z = 51.10094067796609
size_x = 22
size_y = 22
size_z = 22
energy_range = 9
exhaustiveness = 32
num_modes = 10