center_x = 29.08853237410071
center_y = 17.85658633093526
center_z = 6.781226618705031
size_x = 22
size_y = 22
size_z = 22
energy_range = 9
exhaustiveness = 32
num_modes = 10