center_x = 26.233550239234457
center_y = 9.587167464114833
center_z = 39.03925837320573
size_x = 22
size_y = 22
size_z = 22
energy_range = 9
exhaustiveness = 32
num_modes = 10