center_x = -7.596621621621624
center_y = 30.837441441441435
center_z = 31.888621621621628
size_x = 22
size_y = 22
size_z = 22
energy_range = 9
exhaustiveness = 32
num_modes = 10