center_x = 14.640831417624526
center_y = 19.47647892720306
center_z = 13.520946360153252
size_x = 22
size_y = 22
size_z = 22
energy_range = 9
exhaustiveness = 32
num_modes = 10