center_x = 20.368532846715325
center_y = -1.0719854014598538
center_z = 9.3177299270073
size_x = 22
size_y = 22
size_z = 22
energy_range = 9
exhaustiveness = 32
num_modes = 10