center_x = 10.657839662447255
center_y = 35.398818565400866
center_z = 33.830810126582286
size_x = 22
size_y = 22
size_z = 22
energy_range = 9
exhaustiveness = 32
num_modes = 10