center_x = 8.228867816091961
center_y = 14.088586206896556
center_z = 50.163879310344846
size_x = 22
size_y = 22
size_z = 22
energy_range = 9
exhaustiveness = 32
num_modes = 10