center_x = 4.947348314606741
center_y = 27.45065168539325
center_z = 48.59752808988767
size_x = 22
size_y = 22
size_z = 22
energy_range = 9
exhaustiveness = 32
num_modes = 10