center_x = 1.3653669724770647
center_y = -6.05363302752294
center_z = 19.657697247706423
size_x = 22
size_y = 22
size_z = 22
energy_range = 9
exhaustiveness = 32
num_modes = 10