center_x = -6.998232323232326
center_y = -3.9789999999999983
center_z = 15.519555555555552
size_x = 22
size_y = 22
size_z = 22
energy_range = 9
exhaustiveness = 32
num_modes = 10