center_x = -19.328321052631587
center_y = 15.449336842105264
center_z = -21.303184210526307
size_x = 22
size_y = 22
size_z = 22
energy_range = 9
exhaustiveness = 32
num_modes = 10