center_x = -25.87509392265194
center_y = 18.3970773480663
center_z = -26.203314917127063
size_x = 22
size_y = 22
size_z = 22
energy_range = 9
exhaustiveness = 32
num_modes = 10