center_x = -12.722807692307692
center_y = 12.549119658119658
center_z = -15.378346153846165
size_x = 22
size_y = 22
size_z = 22
energy_range = 9
exhaustiveness = 32
num_modes = 10