center_x = -13.107906849315077
center_y = 12.853961643835616
center_z = -15.221383561643831
size_x = 22
size_y = 22
size_z = 22
energy_range = 9
exhaustiveness = 32
num_modes = 10