center_x = -26.017181132075475
center_y = 16.363803773584912
center_z = -26.63498867924527
size_x = 22
size_y = 22
size_z = 22
energy_range = 9
exhaustiveness = 32
num_modes = 10