center_x = -14.654348837209298
center_y = 13.252767441860463
center_z = -16.96388372093023
size_x = 22
size_y = 22
size_z = 22
energy_range = 9
exhaustiveness = 32
num_modes = 10