center_x = -25.94169696969697
center_y = 14.477189393939398
center_z = -26.114541666666646
size_x = 22
size_y = 22
size_z = 22
energy_range = 9
exhaustiveness = 32
num_modes = 10