center_x = -20.481800925925928
center_y = 16.01241666666667
center_z = -21.95760185185184
size_x = 22
size_y = 22
size_z = 22
energy_range = 9
exhaustiveness = 32
num_modes = 10