center_x = -16.823430769230765
center_y = 14.241424291497982
center_z = -19.04898542510121
size_x = 22
size_y = 22
size_z = 22
energy_range = 9
exhaustiveness = 32
num_modes = 10