center_x = -24.37939845758356
center_y = 16.642987146529553
center_z = -25.759254498714643
size_x = 22
size_y = 22
size_z = 22
energy_range = 9
exhaustiveness = 32
num_modes = 10