center_x = -13.104815789473683
center_y = 12.686098684210531
center_z = -15.570032894736842
size_x = 22
size_y = 22
size_z = 22
energy_range = 9
exhaustiveness = 32
num_modes = 10