center_x = -26.30322727272726
center_y = 18.41660454545455
center_z = -27.34824545454545
size_x = 22
size_y = 22
size_z = 22
energy_range = 9
exhaustiveness = 32
num_modes = 10