center_x = -8.688689393939395
center_y = 10.820693181818184
center_z = -11.66066287878787
size_x = 22
size_y = 22
size_z = 22
energy_range = 9
exhaustiveness = 32
num_modes = 10