center_x = -11.34092081031307
center_y = 11.831434622467764
center_z = -13.854476979742172
size_x = 22
size_y = 22
size_z = 22
energy_range = 9
exhaustiveness = 32
num_modes = 10