center_x = -22.21154922279792
center_y = 14.889466321243525
center_z = -23.18443005181348
size_x = 22
size_y = 22
size_z = 22
energy_range = 9
exhaustiveness = 32
num_modes = 10