center_x = -21.11313000000002
center_y = 16.229420000000005
center_z = -22.913265
size_x = 22
size_y = 22
size_z = 22
energy_range = 9
exhaustiveness = 32
num_modes = 10