center_x = -26.323583629893243
center_y = 18.58768327402136
center_z = -26.949597864768684
size_x = 22
size_y = 22
size_z = 22
energy_range = 9
exhaustiveness = 32
num_modes = 10