center_x = -11.07819407894736
center_y = 12.028250000000003
center_z = -13.682355263157888
size_x = 22
size_y = 22
size_z = 22
energy_range = 9
exhaustiveness = 32
num_modes = 10