center_x = -11.007691876750693
center_y = 12.16264705882353
center_z = -13.705011204481794
size_x = 22
size_y = 22
size_z = 22
energy_range = 9
exhaustiveness = 32
num_modes = 10