center_x = -10.89729891304348
center_y = 11.940711956521744
center_z = -13.746880434782604
size_x = 22
size_y = 22
size_z = 22
energy_range = 9
exhaustiveness = 32
num_modes = 10