center_x = -13.135517241379306
center_y = 12.666572413793114
center_z = -15.55688620689655
size_x = 22
size_y = 22
size_z = 22
energy_range = 9
exhaustiveness = 32
num_modes = 10