center_x = -25.45877981651376
center_y = 16.243509174311924
center_z = -25.74788990825688
size_x = 22
size_y = 22
size_z = 22
energy_range = 9
exhaustiveness = 32
num_modes = 10