center_x = -19.55338461538462
center_y = 15.584012820512823
center_z = -21.135478632478627
size_x = 22
size_y = 22
size_z = 22
energy_range = 9
exhaustiveness = 32
num_modes = 10