center_x = -12.87129199999999
center_y = 12.620748000000004
center_z = -15.411656000000006
size_x = 22
size_y = 22
size_z = 22
energy_range = 9
exhaustiveness = 32
num_modes = 10