center_x = -15.495288108539503
center_y = 13.702320031923373
center_z = -17.83694493216283
size_x = 22
size_y = 22
size_z = 22
energy_range = 9
exhaustiveness = 32
num_modes = 10