center_x = -10.251362637362645
center_y = 11.490865384615372
center_z = -13.06997802197803
size_x = 22
size_y = 22
size_z = 22
energy_range = 9
exhaustiveness = 32
num_modes = 10