center_x = 17.314182499999998
center_y = -11.363745000000002
center_z = -35.96399000000001
size_x = 22
size_y = 22
size_z = 22
energy_range = 9
exhaustiveness = 32
num_modes = 10