center_x = 4.23297345132743
center_y = -11.561024336283191
center_z = -36.309902654867294
size_x = 22
size_y = 22
size_z = 22
energy_range = 9
exhaustiveness = 32
num_modes = 10