center_x = 18.111137339055794
center_y = -12.536218884120167
center_z = -34.34225321888411
size_x = 22
size_y = 22
size_z = 22
energy_range = 9
exhaustiveness = 32
num_modes = 10