center_x = -7.373991803278689
center_y = -11.828836065573777
center_z = -35.400741803278684
size_x = 22
size_y = 22
size_z = 22
energy_range = 9
exhaustiveness = 32
num_modes = 10