center_x = 3.77756036036036
center_y = -12.342046846846843
center_z = -35.597524324324326
size_x = 22
size_y = 22
size_z = 22
energy_range = 9
exhaustiveness = 32
num_modes = 10