center_x = 9.797999999999991
center_y = -12.117715133531158
center_z = -35.62199703264093
size_x = 22
size_y = 22
size_z = 22
energy_range = 9
exhaustiveness = 32
num_modes = 10