center_x = -2.8618727272727247
center_y = -12.110850000000005
center_z = -36.02465
size_x = 22
size_y = 22
size_z = 22
energy_range = 9
exhaustiveness = 32
num_modes = 10