center_x = 5.966781818181826
center_y = -11.896392727272728
center_z = -35.63763272727273
size_x = 22
size_y = 22
size_z = 22
energy_range = 9
exhaustiveness = 32
num_modes = 10