center_x = 1.2740797101449268
center_y = -11.068637681159425
center_z = -34.80447463768116
size_x = 22
size_y = 22
size_z = 22
energy_range = 9
exhaustiveness = 32
num_modes = 10