center_x = -0.3160146520146519
center_y = -12.213340659340664
center_z = -35.378510989011055
size_x = 22
size_y = 22
size_z = 22
energy_range = 9
exhaustiveness = 32
num_modes = 10