center_x = 17.500334128878272
center_y = -11.37907637231504
center_z = -36.2161646778043
size_x = 22
size_y = 22
size_z = 22
energy_range = 9
exhaustiveness = 32
num_modes = 10