center_x = 15.767488706365496
center_y = -11.34211498973305
center_z = -35.691868583162204
size_x = 22
size_y = 22
size_z = 22
energy_range = 9
exhaustiveness = 32
num_modes = 10