center_x = 5.285958158995818
center_y = -11.969966527196654
center_z = -35.63653138075313
size_x = 22
size_y = 22
size_z = 22
energy_range = 9
exhaustiveness = 32
num_modes = 10