center_x = 2.332674603174603
center_y = -12.416015873015876
center_z = -35.42305555555555
size_x = 22
size_y = 22
size_z = 22
energy_range = 9
exhaustiveness = 32
num_modes = 10