center_x = 11.047060606060604
center_y = -11.697186868686856
center_z = -34.69631313131312
size_x = 22
size_y = 22
size_z = 22
energy_range = 9
exhaustiveness = 32
num_modes = 10