center_x = -1.588809523809524
center_y = -11.1366761904762
center_z = -35.86852857142858
size_x = 22
size_y = 22
size_z = 22
energy_range = 9
exhaustiveness = 32
num_modes = 10