center_x = 11.903807947019866
center_y = -12.174794701986755
center_z = -36.037033112582776
size_x = 22
size_y = 22
size_z = 22
energy_range = 9
exhaustiveness = 32
num_modes = 10