center_x = 9.177347972972967
center_y = -11.194452702702703
center_z = -36.13200675675674
size_x = 22
size_y = 22
size_z = 22
energy_range = 9
exhaustiveness = 32
num_modes = 10