center_x = 10.121666666666664
center_y = -11.895850746268652
center_z = -36.18491044776119
size_x = 22
size_y = 22
size_z = 22
energy_range = 9
exhaustiveness = 32
num_modes = 10