center_x = -0.2899324324324322
center_y = -12.289162162162157
center_z = -35.16822972972972
size_x = 22
size_y = 22
size_z = 22
energy_range = 9
exhaustiveness = 32
num_modes = 10