center_x = 1.2978113207547184
center_y = -11.049798742138368
center_z = -34.79746540880504
size_x = 22
size_y = 22
size_z = 22
energy_range = 9
exhaustiveness = 32
num_modes = 10