center_x = 9.303752212389384
center_y = -11.60816371681416
center_z = -36.42673893805311
size_x = 22
size_y = 22
size_z = 22
energy_range = 9
exhaustiveness = 32
num_modes = 10