center_x = -1.579454545454544
center_y = -11.816396103896109
center_z = -34.62639610389612
size_x = 22
size_y = 22
size_z = 22
energy_range = 9
exhaustiveness = 32
num_modes = 10