center_x = 14.261216129032263
center_y = -11.173180645161292
center_z = -35.46885161290322
size_x = 22
size_y = 22
size_z = 22
energy_range = 9
exhaustiveness = 32
num_modes = 10