center_x = -3.0278252788104085
center_y = 3.955211895910781
center_z = -31.90101486988848
size_x = 22
size_y = 22
size_z = 22
energy_range = 9
exhaustiveness = 32
num_modes = 10