center_x = -26.535287234042556
center_y = -6.0337872340425545
center_z = -9.792000000000002
size_x = 22
size_y = 22
size_z = 22
energy_range = 9
exhaustiveness = 32
num_modes = 10