center_x = -16.195364406779657
center_y = -9.92619491525424
center_z = -8.83808474576271
size_x = 22
size_y = 22
size_z = 22
energy_range = 9
exhaustiveness = 32
num_modes = 10