center_x = -13.019041916167664
center_y = 22.804580838323343
center_z = -13.672640718562873
size_x = 22
size_y = 22
size_z = 22
energy_range = 9
exhaustiveness = 32
num_modes = 10