center_x = -9.021917525773196
center_y = 7.345567010309281
center_z = -2.014865979381443
size_x = 22
size_y = 22
size_z = 22
energy_range = 9
exhaustiveness = 32
num_modes = 10