center_x = 0.6780170940170941
center_y = -4.654102564102565
center_z = -28.37873504273505
size_x = 22
size_y = 22
size_z = 22
energy_range = 9
exhaustiveness = 32
num_modes = 10