center_x = -4.745333333333332
center_y = 25.823590909090907
center_z = -18.388757575757573
size_x = 22
size_y = 22
size_z = 22
energy_range = 9
exhaustiveness = 32
num_modes = 10