center_x = -1.2734571428571433
center_y = 2.5187428571428567
center_z = -3.971704761904762
size_x = 22
size_y = 22
size_z = 22
energy_range = 9
exhaustiveness = 32
num_modes = 10