center_x = -34.49760714285715
center_y = 14.71130357142857
center_z = -19.138660714285724
size_x = 22
size_y = 22
size_z = 22
energy_range = 9
exhaustiveness = 32
num_modes = 10