center_x = 0.4958253968253962
center_y = 10.378706349206356
center_z = -35.62946031746031
size_x = 22
size_y = 22
size_z = 22
energy_range = 9
exhaustiveness = 32
num_modes = 10