center_x = -1.7014420289855072
center_y = 0.1400144927536224
center_z = -11.650775362318845
size_x = 22
size_y = 22
size_z = 22
energy_range = 9
exhaustiveness = 32
num_modes = 10