center_x = -30.22659677419355
center_y = 18.903354838709674
center_z = -4.722475806451614
size_x = 22
size_y = 22
size_z = 22
energy_range = 9
exhaustiveness = 32
num_modes = 10