center_x = 13.60621951219512
center_y = 9.351731707317075
center_z = -31.38986585365853
size_x = 22
size_y = 22
size_z = 22
energy_range = 9
exhaustiveness = 32
num_modes = 10