center_x = 9.613898148148149
center_y = 23.574296296296296
center_z = -12.616768518518525
size_x = 22
size_y = 22
size_z = 22
energy_range = 9
exhaustiveness = 32
num_modes = 10