center_x = -21.503749185667747
center_y = 9.011136807817598
center_z = -20.87785342019544
size_x = 22
size_y = 22
size_z = 22
energy_range = 9
exhaustiveness = 32
num_modes = 10