center_x = 11.094727722772278
center_y = 14.575257425742576
center_z = -17.64262376237624
size_x = 22
size_y = 22
size_z = 22
energy_range = 9
exhaustiveness = 32
num_modes = 10