center_x = 11.623650943396225
center_y = 9.731405660377352
center_z = -25.87066981132075
size_x = 22
size_y = 22
size_z = 22
energy_range = 9
exhaustiveness = 32
num_modes = 10