center_x = -39.581472222222224
center_y = 7.007902777777776
center_z = -19.009097222222227
size_x = 22
size_y = 22
size_z = 22
energy_range = 9
exhaustiveness = 32
num_modes = 10