center_x = 5.761386554621849
center_y = -0.8202605042016806
center_z = -31.77553781512605
size_x = 22
size_y = 22
size_z = 22
energy_range = 9
exhaustiveness = 32
num_modes = 10