center_x = -35.50289763779527
center_y = 13.106929133858268
center_z = -12.43625196850394
size_x = 22
size_y = 22
size_z = 22
energy_range = 9
exhaustiveness = 32
num_modes = 10