center_x = 1.0694782608695648
center_y = 0.1867681159420288
center_z = -7.772681159420289
size_x = 22
size_y = 22
size_z = 22
energy_range = 9
exhaustiveness = 32
num_modes = 10