center_x = -38.30632786885245
center_y = 19.055426229508203
center_z = -2.2949016393442627
size_x = 22
size_y = 22
size_z = 22
energy_range = 9
exhaustiveness = 32
num_modes = 10