center_x = -23.609274509803928
center_y = 17.903106442577037
center_z = -13.825644257703086
size_x = 22
size_y = 22
size_z = 22
energy_range = 9
exhaustiveness = 32
num_modes = 10