center_x = -29.49275968992248
center_y = 2.4399689922480645
center_z = -7.2518682170542625
size_x = 22
size_y = 22
size_z = 22
energy_range = 9
exhaustiveness = 32
num_modes = 10