center_x = 8.010628930817608
center_y = 3.43716352201258
center_z = -21.160955974842768
size_x = 22
size_y = 22
size_z = 22
energy_range = 9
exhaustiveness = 32
num_modes = 10