center_x = 4.862146341463417
center_y = 24.1114756097561
center_z = -20.0872012195122
size_x = 22
size_y = 22
size_z = 22
energy_range = 9
exhaustiveness = 32
num_modes = 10