center_x = -18.690778688524578
center_y = 1.3077295081967204
center_z = -21.580368852459003
size_x = 22
size_y = 22
size_z = 22
energy_range = 9
exhaustiveness = 32
num_modes = 10