center_x = -9.730645161290322
center_y = 17.880187096774186
center_z = -20.809187096774195
size_x = 22
size_y = 22
size_z = 22
energy_range = 9
exhaustiveness = 32
num_modes = 10