center_x = -16.393007936507942
center_y = 5.982079365079365
center_z = -25.244309523809527
size_x = 22
size_y = 22
size_z = 22
energy_range = 9
exhaustiveness = 32
num_modes = 10