center_x = -5.247166666666669
center_y = 17.039013888888896
center_z = 1.254069444444445
size_x = 22
size_y = 22
size_z = 22
energy_range = 9
exhaustiveness = 32
num_modes = 10