center_x = -3.447662857142855
center_y = 26.44719428571429
center_z = 62.95087428571426
size_x = 22
size_y = 22
size_z = 22
energy_range = 9
exhaustiveness = 32
num_modes = 10