center_x = -19.259701754385976
center_y = 39.69035087719298
center_z = 49.63807017543861
size_x = 22
size_y = 22
size_z = 22
energy_range = 9
exhaustiveness = 32
num_modes = 10