center_x = 17.150687116564416
center_y = 34.13323312883437
center_z = 49.28729447852762
size_x = 22
size_y = 22
size_z = 22
energy_range = 9
exhaustiveness = 32
num_modes = 10