center_x = 35.89748245614034
center_y = 27.5555350877193
center_z = 29.55248245614036
size_x = 22
size_y = 22
size_z = 22
energy_range = 9
exhaustiveness = 32
num_modes = 10