center_x = 36.369165680473365
center_y = 6.728846153846159
center_z = 29.96419526627218
size_x = 22
size_y = 22
size_z = 22
energy_range = 9
exhaustiveness = 32
num_modes = 10