center_x = 1.218044444444444
center_y = 37.05369999999999
center_z = 64.33509999999998
size_x = 22
size_y = 22
size_z = 22
energy_range = 9
exhaustiveness = 32
num_modes = 10