center_x = 1.5227749999999998
center_y = 18.663450000000005
center_z = 30.406266666666667
size_x = 22
size_y = 22
size_z = 22
energy_range = 9
exhaustiveness = 32
num_modes = 10