center_x = 22.42870476190477
center_y = 11.24489523809524
center_z = 10.233742857142856
size_x = 22
size_y = 22
size_z = 22
energy_range = 9
exhaustiveness = 32
num_modes = 10