center_x = 14.266316239316234
center_y = 20.130905982905983
center_z = 38.54396581196582
size_x = 22
size_y = 22
size_z = 22
energy_range = 9
exhaustiveness = 32
num_modes = 10