center_x = -8.556657657657658
center_y = 48.75373873873875
center_z = 55.02509009009011
size_x = 22
size_y = 22
size_z = 22
energy_range = 9
exhaustiveness = 32
num_modes = 10