center_x = -5.519448598130839
center_y = 23.439962616822434
center_z = 41.09857009345794
size_x = 22
size_y = 22
size_z = 22
energy_range = 9
exhaustiveness = 32
num_modes = 10