center_x = 31.213514925373133
center_y = 17.7870671641791
center_z = 13.220402985074625
size_x = 22
size_y = 22
size_z = 22
energy_range = 9
exhaustiveness = 32
num_modes = 10