center_x = 24.993279329608946
center_y = 25.649918994413405
center_z = 36.9784441340782
size_x = 22
size_y = 22
size_z = 22
energy_range = 9
exhaustiveness = 32
num_modes = 10