center_x = 11.091198581560276
center_y = 19.73210638297872
center_z = 15.494418439716313
size_x = 22
size_y = 22
size_z = 22
energy_range = 9
exhaustiveness = 32
num_modes = 10