center_x = 13.056818713450305
center_y = 35.99694736842105
center_z = 26.398233918128653
size_x = 22
size_y = 22
size_z = 22
energy_range = 9
exhaustiveness = 32
num_modes = 10