center_x = 25.22214018691589
center_y = 27.89481308411216
center_z = 54.24207476635512
size_x = 22
size_y = 22
size_z = 22
energy_range = 9
exhaustiveness = 32
num_modes = 10