center_x = 26.370216049382723
center_y = 22.16895679012347
center_z = 42.8718024691358
size_x = 22
size_y = 22
size_z = 22
energy_range = 9
exhaustiveness = 32
num_modes = 10