center_x = 9.710208333333332
center_y = 37.81517361111111
center_z = 59.730236111111104
size_x = 22
size_y = 22
size_z = 22
energy_range = 9
exhaustiveness = 32
num_modes = 10