center_x = 18.40765294117647
center_y = 1.5601411764705886
center_z = 23.65522941176472
size_x = 22
size_y = 22
size_z = 22
energy_range = 9
exhaustiveness = 32
num_modes = 10