center_x = 24.25235789473684
center_y = 6.1340631578947376
center_z = 2.608252631578947
size_x = 22
size_y = 22
size_z = 22
energy_range = 9
exhaustiveness = 32
num_modes = 10