center_x = -13.086274725274716
center_y = 34.89238461538462
center_z = 55.06552747252743
size_x = 22
size_y = 22
size_z = 22
energy_range = 9
exhaustiveness = 32
num_modes = 10