center_x = 9.510624338624336
center_y = 20.827296296296296
center_z = 35.96211111111113
size_x = 22
size_y = 22
size_z = 22
energy_range = 9
exhaustiveness = 32
num_modes = 10