center_x = 41.59223255813953
center_y = 26.969069767441862
center_z = 24.5319534883721
size_x = 22
size_y = 22
size_z = 22
energy_range = 9
exhaustiveness = 32
num_modes = 10