center_x = 16.57459064327485
center_y = -14.401263157894732
center_z = 2.30804678362573
size_x = 22
size_y = 22
size_z = 22
energy_range = 9
exhaustiveness = 32
num_modes = 10