center_x = 3.838229965156796
center_y = -16.15269337979095
center_z = 5.888452961672473
size_x = 22
size_y = 22
size_z = 22
energy_range = 9
exhaustiveness = 32
num_modes = 10