center_x = 4.170619402985074
center_y = -28.69994029850745
center_z = 2.289305970149254
size_x = 22
size_y = 22
size_z = 22
energy_range = 9
exhaustiveness = 32
num_modes = 10