center_x = 19.89551824817519
center_y = 8.398729927007297
center_z = -1.2644014598540148
size_x = 22
size_y = 22
size_z = 22
energy_range = 9
exhaustiveness = 32
num_modes = 10