center_x = 4.804296296296294
center_y = 6.804864197530862
center_z = 20.004401234567908
size_x = 22
size_y = 22
size_z = 22
energy_range = 9
exhaustiveness = 32
num_modes = 10