center_x = 14.406830985915498
center_y = -11.293847887323942
center_z = 10.626346478873236
size_x = 22
size_y = 22
size_z = 22
energy_range = 9
exhaustiveness = 32
num_modes = 10