center_x = 7.305388349514566
center_y = -25.008495145631063
center_z = 12.925592233009704
size_x = 22
size_y = 22
size_z = 22
energy_range = 9
exhaustiveness = 32
num_modes = 10