center_x = -6.989674999999996
center_y = -11.696933333333332
center_z = 9.813108333333332
size_x = 22
size_y = 22
size_z = 22
energy_range = 9
exhaustiveness = 32
num_modes = 10