center_x = 10.452327433628316
center_y = -12.09623008849557
center_z = -6.722938053097349
size_x = 22
size_y = 22
size_z = 22
energy_range = 9
exhaustiveness = 32
num_modes = 10