center_x = 17.11366371681416
center_y = 9.585274336283188
center_z = 9.598185840707966
size_x = 22
size_y = 22
size_z = 22
energy_range = 9
exhaustiveness = 32
num_modes = 10