center_x = -5.260674418604652
center_y = -2.1191860465116283
center_z = 13.50867441860465
size_x = 22
size_y = 22
size_z = 22
energy_range = 9
exhaustiveness = 32
num_modes = 10