center_x = 2.7072129629629638
center_y = -30.503500000000013
center_z = 8.270194444444442
size_x = 22
size_y = 22
size_z = 22
energy_range = 9
exhaustiveness = 32
num_modes = 10