center_x = -0.4305567010309278
center_y = -19.699422680412376
center_z = -3.999731958762887
size_x = 22
size_y = 22
size_z = 22
energy_range = 9
exhaustiveness = 32
num_modes = 10