center_x = 7.879507936507939
center_y = -19.864645502645494
center_z = -5.036687830687834
size_x = 22
size_y = 22
size_z = 22
energy_range = 9
exhaustiveness = 32
num_modes = 10