center_x = 5.103859459459458
center_y = 4.943275675675676
center_z = 6.26394594594595
size_x = 22
size_y = 22
size_z = 22
energy_range = 9
exhaustiveness = 32
num_modes = 10