center_x = 13.054513513513516
center_y = 8.529864864864862
center_z = -1.708141891891892
size_x = 22
size_y = 22
size_z = 22
energy_range = 9
exhaustiveness = 32
num_modes = 10