center_x = 118.25414563106796
center_y = -2.937504854368932
center_z = 260.6240388349513
size_x = 22
size_y = 22
size_z = 22
energy_range = 9
exhaustiveness = 32
num_modes = 10