center_x = 146.89193577981655
center_y = -45.68738532110091
center_z = 242.776495412844
size_x = 22
size_y = 22
size_z = 22
energy_range = 9
exhaustiveness = 32
num_modes = 10