center_x = 156.80895305164316
center_y = -39.44769483568073
center_z = 251.0927136150236
size_x = 22
size_y = 22
size_z = 22
energy_range = 9
exhaustiveness = 32
num_modes = 10