center_x = 119.196106741573
center_y = -17.256516853932585
center_z = 255.55303932584272
size_x = 22
size_y = 22
size_z = 22
energy_range = 9
exhaustiveness = 32
num_modes = 10