center_x = 115.89661206896548
center_y = -25.071793103448275
center_z = 255.6889137931034
size_x = 22
size_y = 22
size_z = 22
energy_range = 9
exhaustiveness = 32
num_modes = 10