center_x = 151.6677777777778
center_y = -47.861128205128175
center_z = 261.6765213675214
size_x = 22
size_y = 22
size_z = 22
energy_range = 9
exhaustiveness = 32
num_modes = 10