center_x = 153.49499404761906
center_y = -23.14643452380952
center_z = 246.4761309523811
size_x = 22
size_y = 22
size_z = 22
energy_range = 9
exhaustiveness = 32
num_modes = 10