center_x = 134.7901309523809
center_y = -25.434023809523804
center_z = 274.8004523809525
size_x = 22
size_y = 22
size_z = 22
energy_range = 9
exhaustiveness = 32
num_modes = 10