center_x = 113.53555813953491
center_y = -19.23877906976745
center_z = 252.5144418604652
size_x = 22
size_y = 22
size_z = 22
energy_range = 9
exhaustiveness = 32
num_modes = 10