center_x = 122.94783333333336
center_y = -32.014815789473694
center_z = 282.8499912280701
size_x = 22
size_y = 22
size_z = 22
energy_range = 9
exhaustiveness = 32
num_modes = 10