center_x = 156.55292975206612
center_y = -21.207028925619827
center_z = 258.5275165289257
size_x = 22
size_y = 22
size_z = 22
energy_range = 9
exhaustiveness = 32
num_modes = 10