center_x = 112.2514411764706
center_y = -13.778764705882354
center_z = 251.6134117647059
size_x = 22
size_y = 22
size_z = 22
energy_range = 9
exhaustiveness = 32
num_modes = 10