center_x = 140.19748093841648
center_y = -38.65912903225809
center_z = 265.4568856304987
size_x = 22
size_y = 22
size_z = 22
energy_range = 9
exhaustiveness = 32
num_modes = 10