center_x = 110.11820987654323
center_y = -27.12698765432098
center_z = 263.0831111111109
size_x = 22
size_y = 22
size_z = 22
energy_range = 9
exhaustiveness = 32
num_modes = 10