center_x = 114.84912037037036
center_y = -16.611777777777778
center_z = 273.07438888888896
size_x = 22
size_y = 22
size_z = 22
energy_range = 9
exhaustiveness = 32
num_modes = 10