center_x = 127.7738424242424
center_y = -25.080315151515148
center_z = 259.90735151515145
size_x = 22
size_y = 22
size_z = 22
energy_range = 9
exhaustiveness = 32
num_modes = 10