center_x = 157.00965536723166
center_y = -34.42899435028251
center_z = 245.03898870056483
size_x = 22
size_y = 22
size_z = 22
energy_range = 9
exhaustiveness = 32
num_modes = 10