center_x = 163.66679452054794
center_y = -24.95816438356164
center_z = 265.0512328767122
size_x = 22
size_y = 22
size_z = 22
energy_range = 9
exhaustiveness = 32
num_modes = 10