center_x = 149.57497101449283
center_y = -42.37601449275364
center_z = 270.3106086956521
size_x = 22
size_y = 22
size_z = 22
energy_range = 9
exhaustiveness = 32
num_modes = 10