center_x = 148.32332
center_y = -35.06761
center_z = 241.27872
size_x = 22
size_y = 22
size_z = 22
energy_range = 9
exhaustiveness = 32
num_modes = 10