center_x = 153.33921929824572
center_y = -41.80729824561402
center_z = 263.389403508772
size_x = 22
size_y = 22
size_z = 22
energy_range = 9
exhaustiveness = 32
num_modes = 10