center_x = 142.06749027237356
center_y = -41.25252918287939
center_z = 252.84904669260695
size_x = 22
size_y = 22
size_z = 22
energy_range = 9
exhaustiveness = 32
num_modes = 10