center_x = 143.01242528735636
center_y = -35.68313793103448
center_z = 244.569356321839
size_x = 22
size_y = 22
size_z = 22
energy_range = 9
exhaustiveness = 32
num_modes = 10