center_x = 148.8106533742329
center_y = -40.568487730061314
center_z = 251.5854171779139
size_x = 22
size_y = 22
size_z = 22
energy_range = 9
exhaustiveness = 32
num_modes = 10