center_x = 120.71777678571434
center_y = -16.751964285714287
center_z = 274.0012946428572
size_x = 22
size_y = 22
size_z = 22
energy_range = 9
exhaustiveness = 32
num_modes = 10