center_x = 108.17632615384608
center_y = -21.49012000000001
center_z = 267.99171692307704
size_x = 22
size_y = 22
size_z = 22
energy_range = 9
exhaustiveness = 32
num_modes = 10