center_x = 113.02906896551724
center_y = -16.65446059113299
center_z = 261.9452610837438
size_x = 22
size_y = 22
size_z = 22
energy_range = 9
exhaustiveness = 32
num_modes = 10