center_x = 130.25198230088495
center_y = -36.82196460176991
center_z = 279.473424778761
size_x = 22
size_y = 22
size_z = 22
energy_range = 9
exhaustiveness = 32
num_modes = 10