center_x = 161.30085039370078
center_y = -28.20844881889763
center_z = 258.4449055118109
size_x = 22
size_y = 22
size_z = 22
energy_range = 9
exhaustiveness = 32
num_modes = 10