center_x = 139.72812173913044
center_y = -20.017930434782613
center_z = 265.3994434782608
size_x = 22
size_y = 22
size_z = 22
energy_range = 9
exhaustiveness = 32
num_modes = 10