center_x = 3.732809523809524
center_y = 57.71029761904761
center_z = 100.6120595238095
size_x = 22
size_y = 22
size_z = 22
energy_range = 9
exhaustiveness = 32
num_modes = 10