center_x = 14.260801886792455
center_y = 69.08973584905658
center_z = 116.65528301886792
size_x = 22
size_y = 22
size_z = 22
energy_range = 9
exhaustiveness = 32
num_modes = 10