center_x = 3.1856666666666675
center_y = 65.68995238095238
center_z = 101.3495476190476
size_x = 22
size_y = 22
size_z = 22
energy_range = 9
exhaustiveness = 32
num_modes = 10