center_x = 14.875370689655172
center_y = 68.43084482758623
center_z = 109.72552586206892
size_x = 22
size_y = 22
size_z = 22
energy_range = 9
exhaustiveness = 32
num_modes = 10