center_x = 5.9503970037453175
center_y = 65.21828464419474
center_z = 109.44020224719117
size_x = 22
size_y = 22
size_z = 22
energy_range = 9
exhaustiveness = 32
num_modes = 10