center_x = 21.04594805194805
center_y = 54.769701298701335
center_z = 142.1690909090909
size_x = 22
size_y = 22
size_z = 22
energy_range = 9
exhaustiveness = 32
num_modes = 10