center_x = 15.984582278481009
center_y = 56.138708860759486
center_z = 142.34158227848098
size_x = 22
size_y = 22
size_z = 22
energy_range = 9
exhaustiveness = 32
num_modes = 10