center_x = 9.557872727272729
center_y = 70.73925454545457
center_z = 134.10405454545457
size_x = 22
size_y = 22
size_z = 22
energy_range = 9
exhaustiveness = 32
num_modes = 10