center_x = 18.31769072164949
center_y = 32.39043298969071
center_z = 3.4129793814432983
size_x = 22
size_y = 22
size_z = 22
energy_range = 9
exhaustiveness = 32
num_modes = 10