center_x = 6.384463636363634
center_y = 30.37054545454546
center_z = -4.918472727272727
size_x = 22
size_y = 22
size_z = 22
energy_range = 9
exhaustiveness = 32
num_modes = 10