center_x = 12.65165340909092
center_y = 37.36641477272728
center_z = 8.426465909090906
size_x = 22
size_y = 22
size_z = 22
energy_range = 9
exhaustiveness = 32
num_modes = 10