center_x = 5.852821989528798
center_y = 36.95405235602095
center_z = 11.9985445026178
size_x = 22
size_y = 22
size_z = 22
energy_range = 9
exhaustiveness = 32
num_modes = 10