center_x = 19.55256140350877
center_y = 31.73887719298246
center_z = 17.773508771929823
size_x = 22
size_y = 22
size_z = 22
energy_range = 9
exhaustiveness = 32
num_modes = 10