center_x = 1.176104166666666
center_y = 31.721138888888884
center_z = -1.641416666666666
size_x = 22
size_y = 22
size_z = 22
energy_range = 9
exhaustiveness = 32
num_modes = 10