center_x = 17.582345959595948
center_y = 2.942141414141416
center_z = 11.844404040404044
size_x = 22
size_y = 22
size_z = 22
energy_range = 9
exhaustiveness = 32
num_modes = 10