center_x = 15.080716494845356
center_y = 2.235659793814433
center_z = 11.990757731958768
size_x = 22
size_y = 22
size_z = 22
energy_range = 9
exhaustiveness = 32
num_modes = 10