center_x = 18.02011656441716
center_y = 2.8258619631901856
center_z = 11.996791411042942
size_x = 22
size_y = 22
size_z = 22
energy_range = 9
exhaustiveness = 32
num_modes = 10