center_x = 27.66633529411765
center_y = 5.822388235294118
center_z = 10.831341176470586
size_x = 22
size_y = 22
size_z = 22
energy_range = 9
exhaustiveness = 32
num_modes = 10