center_x = 16.92710505836576
center_y = 2.495186770428016
center_z = 11.53463813229572
size_x = 22
size_y = 22
size_z = 22
energy_range = 9
exhaustiveness = 32
num_modes = 10