center_x = 10.799526259378352
center_y = 1.0736816720257234
center_z = 12.243658092175757
size_x = 22
size_y = 22
size_z = 22
energy_range = 9
exhaustiveness = 32
num_modes = 10