center_x = 1.5254401408450704
center_y = -1.5178204225352108
center_z = 13.36650704225352
size_x = 22
size_y = 22
size_z = 22
energy_range = 9
exhaustiveness = 32
num_modes = 10