center_x = 20.60368513853905
center_y = 3.489551637279599
center_z = 11.36055415617129
size_x = 22
size_y = 22
size_z = 22
energy_range = 9
exhaustiveness = 32
num_modes = 10