center_x = 19.90385680190932
center_y = 3.255835322195705
center_z = 11.668174224343684
size_x = 22
size_y = 22
size_z = 22
energy_range = 9
exhaustiveness = 32
num_modes = 10