center_x = 23.37536090225564
center_y = 4.563744360902255
center_z = 11.232789473684212
size_x = 22
size_y = 22
size_z = 22
energy_range = 9
exhaustiveness = 32
num_modes = 10