center_x = 25.630589353612176
center_y = 4.705581749049427
center_z = 10.302589353612165
size_x = 22
size_y = 22
size_z = 22
energy_range = 9
exhaustiveness = 32
num_modes = 10