center_x = 5.447100000000004
center_y = 0.2053236842105272
center_z = 12.479892105263154
size_x = 22
size_y = 22
size_z = 22
energy_range = 9
exhaustiveness = 32
num_modes = 10