center_x = 1.106165584415584
center_y = -1.6290941558441558
center_z = 12.939016233766242
size_x = 22
size_y = 22
size_z = 22
energy_range = 9
exhaustiveness = 32
num_modes = 10