center_x = 5.4471000000000025
center_y = 0.205323684210527
center_z = 12.47989210526316
size_x = 22
size_y = 22
size_z = 22
energy_range = 9
exhaustiveness = 32
num_modes = 10