center_x = 11.457964249233902
center_y = 1.2725474974463735
center_z = 12.185815117466776
size_x = 22
size_y = 22
size_z = 22
energy_range = 9
exhaustiveness = 32
num_modes = 10