center_x = 15.15329496402878
center_y = 2.2371762589928053
center_z = 11.986834532374097
size_x = 22
size_y = 22
size_z = 22
energy_range = 9
exhaustiveness = 32
num_modes = 10