center_x = 14.462087248322147
center_y = 2.0572651006711404
center_z = 12.052681208053688
size_x = 22
size_y = 22
size_z = 22
energy_range = 9
exhaustiveness = 32
num_modes = 10