center_x = 11.505151648351646
center_y = 0.7707186813186818
center_z = 12.805391208791198
size_x = 22
size_y = 22
size_z = 22
energy_range = 9
exhaustiveness = 32
num_modes = 10