center_x = 1.0987810457516334
center_y = -1.657647058823528
center_z = 13.38782679738561
size_x = 22
size_y = 22
size_z = 22
energy_range = 9
exhaustiveness = 32
num_modes = 10