center_x = 17.46539207048459
center_y = 3.3649669603524237
center_z = 11.912973568281943
size_x = 22
size_y = 22
size_z = 22
energy_range = 9
exhaustiveness = 32
num_modes = 10