center_x = -0.8139170506912443
center_y = -3.0037603686635914
center_z = 12.956175115207383
size_x = 22
size_y = 22
size_z = 22
energy_range = 9
exhaustiveness = 32
num_modes = 10