center_x = 8.29331768953068
center_y = 2.430075812274368
center_z = 12.186714801444042
size_x = 22
size_y = 22
size_z = 22
energy_range = 9
exhaustiveness = 32
num_modes = 10