center_x = 21.053850678733053
center_y = 3.933545248868777
center_z = 11.438671945701367
size_x = 22
size_y = 22
size_z = 22
energy_range = 9
exhaustiveness = 32
num_modes = 10