center_x = 25.630589353612184
center_y = 4.705581749049429
center_z = 10.302589353612174
size_x = 22
size_y = 22
size_z = 22
energy_range = 9
exhaustiveness = 32
num_modes = 10