center_x = 20.712465648854955
center_y = 35.31564885496183
center_z = 82.96554961832061
size_x = 22
size_y = 22
size_z = 22
energy_range = 9
exhaustiveness = 32
num_modes = 10