center_x = 34.320386138613884
center_y = 65.07000000000002
center_z = 113.2888118811881
size_x = 22
size_y = 22
size_z = 22
energy_range = 9
exhaustiveness = 32
num_modes = 10