center_x = 11.70869473684211
center_y = 55.87722105263156
center_z = 76.46578947368418
size_x = 22
size_y = 22
size_z = 22
energy_range = 9
exhaustiveness = 32
num_modes = 10