center_x = 46.17976530612245
center_y = 57.27824489795918
center_z = 91.46075510204078
size_x = 22
size_y = 22
size_z = 22
energy_range = 9
exhaustiveness = 32
num_modes = 10