center_x = 7.249676923076924
center_y = 47.72611538461538
center_z = 81.35306153846157
size_x = 22
size_y = 22
size_z = 22
energy_range = 9
exhaustiveness = 32
num_modes = 10