center_x = 18.11875247524752
center_y = 62.567029702970274
center_z = 109.56740594059404
size_x = 22
size_y = 22
size_z = 22
energy_range = 9
exhaustiveness = 32
num_modes = 10