center_x = 35.06431875000003
center_y = 69.6963875
center_z = 104.52327500000004
size_x = 22
size_y = 22
size_z = 22
energy_range = 9
exhaustiveness = 32
num_modes = 10