center_x = 33.61578523489929
center_y = 39.56654362416107
center_z = 83.18959731543626
size_x = 22
size_y = 22
size_z = 22
energy_range = 9
exhaustiveness = 32
num_modes = 10