center_x = 41.11725704225353
center_y = 53.951359154929605
center_z = 91.45825
size_x = 22
size_y = 22
size_z = 22
energy_range = 9
exhaustiveness = 32
num_modes = 10