center_x = 5.509725000000001
center_y = 49.294375
center_z = 74.26536249999998
size_x = 22
size_y = 22
size_z = 22
energy_range = 9
exhaustiveness = 32
num_modes = 10