center_x = 26.34015126050421
center_y = 39.8782100840336
center_z = 111.37437815126052
size_x = 22
size_y = 22
size_z = 22
energy_range = 9
exhaustiveness = 32
num_modes = 10