center_x = 30.074126666666658
center_y = 53.96446000000002
center_z = 86.42771333333336
size_x = 22
size_y = 22
size_z = 22
energy_range = 9
exhaustiveness = 32
num_modes = 10