center_x = 20.609950413223142
center_y = 56.16695041322314
center_z = 72.84080165289257
size_x = 22
size_y = 22
size_z = 22
energy_range = 9
exhaustiveness = 32
num_modes = 10