center_x = 39.63790400000002
center_y = 55.24184
center_z = 81.90992
size_x = 22
size_y = 22
size_z = 22
energy_range = 9
exhaustiveness = 32
num_modes = 10