center_x = 13.656589552238808
center_y = 53.36186567164178
center_z = 104.32176865671636
size_x = 22
size_y = 22
size_z = 22
energy_range = 9
exhaustiveness = 32
num_modes = 10