center_x = 28.86044210526316
center_y = 50.11253684210528
center_z = 117.92578947368412
size_x = 22
size_y = 22
size_z = 22
energy_range = 9
exhaustiveness = 32
num_modes = 10