center_x = 44.852746666666654
center_y = 49.68800000000001
center_z = 84.54033333333332
size_x = 22
size_y = 22
size_z = 22
energy_range = 9
exhaustiveness = 32
num_modes = 10