center_x = 22.21504511278196
center_y = 65.79537593984962
center_z = 104.69907518796992
size_x = 22
size_y = 22
size_z = 22
energy_range = 9
exhaustiveness = 32
num_modes = 10