center_x = 36.49954464285714
center_y = 51.10554464285713
center_z = 111.92705357142862
size_x = 22
size_y = 22
size_z = 22
energy_range = 9
exhaustiveness = 32
num_modes = 10