center_x = 16.357144385026746
center_y = 53.33359358288774
center_z = 87.11256149732624
size_x = 22
size_y = 22
size_z = 22
energy_range = 9
exhaustiveness = 32
num_modes = 10