center_x = 50.81060377358492
center_y = 54.77700000000004
center_z = 103.314820754717
size_x = 22
size_y = 22
size_z = 22
energy_range = 9
exhaustiveness = 32
num_modes = 10