center_x = 15.955266666666663
center_y = 60.00574166666665
center_z = 77.90957499999996
size_x = 22
size_y = 22
size_z = 22
energy_range = 9
exhaustiveness = 32
num_modes = 10