center_x = 42.77713333333333
center_y = 69.83074814814816
center_z = 104.89977777777774
size_x = 22
size_y = 22
size_z = 22
energy_range = 9
exhaustiveness = 32
num_modes = 10