center_x = 25.23251612903225
center_y = 32.367008064516135
center_z = 82.17582258064519
size_x = 22
size_y = 22
size_z = 22
energy_range = 9
exhaustiveness = 32
num_modes = 10