center_x = 19.92342068965517
center_y = 45.79807586206895
center_z = 115.76129655172409
size_x = 22
size_y = 22
size_z = 22
energy_range = 9
exhaustiveness = 32
num_modes = 10