center_x = 20.34714444444444
center_y = 35.18522222222224
center_z = 74.31863333333334
size_x = 22
size_y = 22
size_z = 22
energy_range = 9
exhaustiveness = 32
num_modes = 10