center_x = -20.886412587412583
center_y = 2.813594405594406
center_z = 10.448104895104894
size_x = 22
size_y = 22
size_z = 22
energy_range = 9
exhaustiveness = 32
num_modes = 10