center_x = 11.211396226415102
center_y = 0.5086226415094345
center_z = 19.64300943396226
size_x = 22
size_y = 22
size_z = 22
energy_range = 9
exhaustiveness = 32
num_modes = 10