center_x = 5.924063636363639
center_y = -14.375763636363638
center_z = 17.847818181818187
size_x = 22
size_y = 22
size_z = 22
energy_range = 9
exhaustiveness = 32
num_modes = 10