center_x = 11.279896103896103
center_y = 13.685987012987017
center_z = 24.52828571428572
size_x = 22
size_y = 22
size_z = 22
energy_range = 9
exhaustiveness = 32
num_modes = 10