center_x = -0.2431368421052635
center_y = 6.776031578947371
center_z = 22.38672105263158
size_x = 22
size_y = 22
size_z = 22
energy_range = 9
exhaustiveness = 32
num_modes = 10