center_x = -8.859291291291289
center_y = 11.915555555555551
center_z = 20.176891891891884
size_x = 22
size_y = 22
size_z = 22
energy_range = 9
exhaustiveness = 32
num_modes = 10