center_x = 3.761902097902098
center_y = 8.496055944055945
center_z = 4.056510489510489
size_x = 22
size_y = 22
size_z = 22
energy_range = 9
exhaustiveness = 32
num_modes = 10