center_x = -3.0627373737373733
center_y = 6.39732323232323
center_z = -5.684656565656566
size_x = 22
size_y = 22
size_z = 22
energy_range = 9
exhaustiveness = 32
num_modes = 10