center_x = -13.112728395061726
center_y = 10.36938271604938
center_z = 3.783265432098765
size_x = 22
size_y = 22
size_z = 22
energy_range = 9
exhaustiveness = 32
num_modes = 10