center_x = -9.02043005181347
center_y = 31.66306735751293
center_z = 23.239383419689123
size_x = 22
size_y = 22
size_z = 22
energy_range = 9
exhaustiveness = 32
num_modes = 10