center_x = 5.972103004291847
center_y = 12.107025751072968
center_z = 13.572484978540777
size_x = 22
size_y = 22
size_z = 22
energy_range = 9
exhaustiveness = 32
num_modes = 10