center_x = -2.071587786259541
center_y = 16.35579389312978
center_z = 31.22959541984733
size_x = 22
size_y = 22
size_z = 22
energy_range = 9
exhaustiveness = 32
num_modes = 10