center_x = -10.541192592592587
center_y = -7.097822222222222
center_z = 10.30785185185186
size_x = 22
size_y = 22
size_z = 22
energy_range = 9
exhaustiveness = 32
num_modes = 10