center_x = 12.719329113924047
center_y = 0.9782658227848104
center_z = 6.363607594936709
size_x = 22
size_y = 22
size_z = 22
energy_range = 9
exhaustiveness = 32
num_modes = 10