center_x = 5.469218487394955
center_y = -9.241470588235288
center_z = 5.704563025210086
size_x = 22
size_y = 22
size_z = 22
energy_range = 9
exhaustiveness = 32
num_modes = 10