center_x = -9.615101694915255
center_y = -27.77233898305085
center_z = 15.214720338983042
size_x = 22
size_y = 22
size_z = 22
energy_range = 9
exhaustiveness = 32
num_modes = 10