center_x = -17.47859090909093
center_y = -17.4838914141414
center_z = -17.001967171717183
size_x = 22
size_y = 22
size_z = 22
energy_range = 9
exhaustiveness = 32
num_modes = 10