center_x = -13.507188888888892
center_y = -9.11092222222222
center_z = 5.072188888888888
size_x = 22
size_y = 22
size_z = 22
energy_range = 9
exhaustiveness = 32
num_modes = 10