center_x = -22.68482677165356
center_y = 28.30700000000001
center_z = -67.33925984251968
size_x = 22
size_y = 22
size_z = 22
energy_range = 9
exhaustiveness = 32
num_modes = 10