center_x = -26.97903141361255
center_y = 6.3969005235602046
center_z = -63.802696335078544
size_x = 22
size_y = 22
size_z = 22
energy_range = 9
exhaustiveness = 32
num_modes = 10