center_x = -17.557837499999994
center_y = -20.85388750000001
center_z = 10.018312500000002
size_x = 22
size_y = 22
size_z = 22
energy_range = 9
exhaustiveness = 32
num_modes = 10