center_x = -18.6414183006536
center_y = 47.54316993464054
center_z = -45.04592156862748
size_x = 22
size_y = 22
size_z = 22
energy_range = 9
exhaustiveness = 32
num_modes = 10