center_x = -15.849036231884057
center_y = 51.84857971014493
center_z = -52.52981884057968
size_x = 22
size_y = 22
size_z = 22
energy_range = 9
exhaustiveness = 32
num_modes = 10