center_x = -9.239394117647056
center_y = 21.248217647058823
center_z = -28.7898588235294
size_x = 22
size_y = 22
size_z = 22
energy_range = 9
exhaustiveness = 32
num_modes = 10