center_x = -7.024879765395893
center_y = 9.276114369501467
center_z = -44.84515542521995
size_x = 22
size_y = 22
size_z = 22
energy_range = 9
exhaustiveness = 32
num_modes = 10