center_x = -24.582634999999986
center_y = 17.790195000000004
center_z = -49.347930000000034
size_x = 22
size_y = 22
size_z = 22
energy_range = 9
exhaustiveness = 32
num_modes = 10