center_x = -19.69681034482758
center_y = -27.095000000000013
center_z = 29.22984482758621
size_x = 22
size_y = 22
size_z = 22
energy_range = 9
exhaustiveness = 32
num_modes = 10