center_x = -17.79508520179372
center_y = -0.1283677130044841
center_z = -58.9178340807175
size_x = 22
size_y = 22
size_z = 22
energy_range = 9
exhaustiveness = 32
num_modes = 10