center_x = -9.944525925925936
center_y = -7.273103703703703
center_z = -49.72901481481482
size_x = 22
size_y = 22
size_z = 22
energy_range = 9
exhaustiveness = 32
num_modes = 10