center_x = -13.623787009063443
center_y = -8.049365558912386
center_z = -25.19650604229606
size_x = 22
size_y = 22
size_z = 22
energy_range = 9
exhaustiveness = 32
num_modes = 10