center_x = -24.906410112359563
center_y = 25.637449438202253
center_z = -28.241387640449425
size_x = 22
size_y = 22
size_z = 22
energy_range = 9
exhaustiveness = 32
num_modes = 10