center_x = -29.19407643312102
center_y = -18.942999999999994
center_z = 13.318222929936308
size_x = 22
size_y = 22
size_z = 22
energy_range = 9
exhaustiveness = 32
num_modes = 10