center_x = -14.775664215686271
center_y = -12.392877450980391
center_z = 17.459237745098058
size_x = 22
size_y = 22
size_z = 22
energy_range = 9
exhaustiveness = 32
num_modes = 10