center_x = -19.47887500000001
center_y = 44.41285576923077
center_z = -59.87094711538461
size_x = 22
size_y = 22
size_z = 22
energy_range = 9
exhaustiveness = 32
num_modes = 10