center_x = -10.530116788321171
center_y = 44.49835036496352
center_z = -42.48211678832119
size_x = 22
size_y = 22
size_z = 22
energy_range = 9
exhaustiveness = 32
num_modes = 10