center_x = -21.566857142857145
center_y = -9.322642857142856
center_z = -23.848669642857157
size_x = 22
size_y = 22
size_z = 22
energy_range = 9
exhaustiveness = 32
num_modes = 10