center_x = -22.78674566473989
center_y = -21.544549132947974
center_z = 15.15245664739884
size_x = 22
size_y = 22
size_z = 22
energy_range = 9
exhaustiveness = 32
num_modes = 10