center_x = -13.105044444444442
center_y = 32.9582977777778
center_z = -63.70061333333329
size_x = 22
size_y = 22
size_z = 22
energy_range = 9
exhaustiveness = 32
num_modes = 10