center_x = -21.83267407407408
center_y = 25.406377777777777
center_z = -51.8210888888889
size_x = 22
size_y = 22
size_z = 22
energy_range = 9
exhaustiveness = 32
num_modes = 10