center_x = -21.943033980582527
center_y = 2.845087378640777
center_z = -30.9770291262136
size_x = 22
size_y = 22
size_z = 22
energy_range = 9
exhaustiveness = 32
num_modes = 10