center_x = -1.4395847457627122
center_y = -15.188754237288135
center_z = -23.691483050847484
size_x = 22
size_y = 22
size_z = 22
energy_range = 9
exhaustiveness = 32
num_modes = 10