center_x = -21.148085106382982
center_y = -30.988755319148943
center_z = -16.013553191489365
size_x = 22
size_y = 22
size_z = 22
energy_range = 9
exhaustiveness = 32
num_modes = 10