center_x = -15.20932926829268
center_y = 6.573861788617884
center_z = -23.2140081300813
size_x = 22
size_y = 22
size_z = 22
energy_range = 9
exhaustiveness = 32
num_modes = 10