center_x = -9.561188405797102
center_y = 38.5004734299517
center_z = -54.18442028985506
size_x = 22
size_y = 22
size_z = 22
energy_range = 9
exhaustiveness = 32
num_modes = 10