center_x = -27.5162450980392
center_y = 40.87072549019607
center_z = -48.11725490196077
size_x = 22
size_y = 22
size_z = 22
energy_range = 9
exhaustiveness = 32
num_modes = 10