center_x = -4.040907284768212
center_y = 3.724231788079471
center_z = -56.99878145695362
size_x = 22
size_y = 22
size_z = 22
energy_range = 9
exhaustiveness = 32
num_modes = 10