center_x = -0.2183260869565216
center_y = 23.26261413043478
center_z = -48.37849456521736
size_x = 22
size_y = 22
size_z = 22
energy_range = 9
exhaustiveness = 32
num_modes = 10