center_x = -9.514532710280374
center_y = 24.86140186915888
center_z = -60.87699999999998
size_x = 22
size_y = 22
size_z = 22
energy_range = 9
exhaustiveness = 32
num_modes = 10