center_x = -25.056396825396817
center_y = 39.08253174603175
center_z = -40.323007936507935
size_x = 22
size_y = 22
size_z = 22
energy_range = 9
exhaustiveness = 32
num_modes = 10