center_x = -14.967817204301076
center_y = -29.3944193548387
center_z = -20.36338709677419
size_x = 22
size_y = 22
size_z = 22
energy_range = 9
exhaustiveness = 32
num_modes = 10