center_x = -15.666811594202896
center_y = -4.54258695652174
center_z = -7.903644927536237
size_x = 22
size_y = 22
size_z = 22
energy_range = 9
exhaustiveness = 32
num_modes = 10