center_x = -5.302310924369747
center_y = 45.153109243697486
center_z = -49.59213445378151
size_x = 22
size_y = 22
size_z = 22
energy_range = 9
exhaustiveness = 32
num_modes = 10