center_x = 4.449604166666667
center_y = 26.50665625
center_z = 23.82774999999999
size_x = 22
size_y = 22
size_z = 22
energy_range = 9
exhaustiveness = 32
num_modes = 10