center_x = 26.673743589743594
center_y = 45.54202564102564
center_z = -3.499623931623932
size_x = 22
size_y = 22
size_z = 22
energy_range = 9
exhaustiveness = 32
num_modes = 10