center_x = 15.545897637795273
center_y = 30.025283464566936
center_z = -17.000637795275587
size_x = 22
size_y = 22
size_z = 22
energy_range = 9
exhaustiveness = 32
num_modes = 10