center_x = 3.1744214285714274
center_y = 27.80464285714285
center_z = 19.27195
size_x = 22
size_y = 22
size_z = 22
energy_range = 9
exhaustiveness = 32
num_modes = 10