center_x = 8.105656000000002
center_y = 33.35847519999997
center_z = 2.9886608
size_x = 22
size_y = 22
size_z = 22
energy_range = 9
exhaustiveness = 32
num_modes = 10