center_x = -2.268852348993289
center_y = 31.594536912751696
center_z = 5.446087248322147
size_x = 22
size_y = 22
size_z = 22
energy_range = 9
exhaustiveness = 32
num_modes = 10