center_x = 22.07949152542373
center_y = 44.83911016949152
center_z = 4.251245762711865
size_x = 22
size_y = 22
size_z = 22
energy_range = 9
exhaustiveness = 32
num_modes = 10