center_x = 22.29337662337662
center_y = 16.98518181818182
center_z = 20.03814285714285
size_x = 22
size_y = 22
size_z = 22
energy_range = 9
exhaustiveness = 32
num_modes = 10