center_x = 16.425702970297028
center_y = 46.03970297029702
center_z = -8.081871287128712
size_x = 22
size_y = 22
size_z = 22
energy_range = 9
exhaustiveness = 32
num_modes = 10