center_x = 7.092509259259257
center_y = 27.943324074074077
center_z = -12.144916666666663
size_x = 22
size_y = 22
size_z = 22
energy_range = 9
exhaustiveness = 32
num_modes = 10