center_x = 26.613626760563378
center_y = 21.76714084507043
center_z = -5.762661971830985
size_x = 22
size_y = 22
size_z = 22
energy_range = 9
exhaustiveness = 32
num_modes = 10