center_x = 15.354258333333332
center_y = 22.238658333333333
center_z = -16.56924166666667
size_x = 22
size_y = 22
size_z = 22
energy_range = 9
exhaustiveness = 32
num_modes = 10