center_x = -1.6816283783783783
center_y = 25.336081081081083
center_z = -5.912925675675674
size_x = 22
size_y = 22
size_z = 22
energy_range = 9
exhaustiveness = 32
num_modes = 10