center_x = 9.090134020618557
center_y = 13.272505154639171
center_z = -7.932402061855669
size_x = 22
size_y = 22
size_z = 22
energy_range = 9
exhaustiveness = 32
num_modes = 10