center_x = 31.506929824561425
center_y = 27.451228070175446
center_z = 3.5225087719298243
size_x = 22
size_y = 22
size_z = 22
energy_range = 9
exhaustiveness = 32
num_modes = 10