center_x = 22.58852592592592
center_y = 27.23233333333332
center_z = 17.5650074074074
size_x = 22
size_y = 22
size_z = 22
energy_range = 9
exhaustiveness = 32
num_modes = 10