center_x = 32.626209790209785
center_y = 42.138433566433534
center_z = 7.305503496503496
size_x = 22
size_y = 22
size_z = 22
energy_range = 9
exhaustiveness = 32
num_modes = 10