center_x = 7.952154205607476
center_y = 35.46835514018691
center_z = 24.302453271028032
size_x = 22
size_y = 22
size_z = 22
energy_range = 9
exhaustiveness = 32
num_modes = 10