center_x = 27.82240869565218
center_y = 24.20313913043478
center_z = 15.40348695652174
size_x = 22
size_y = 22
size_z = 22
energy_range = 9
exhaustiveness = 32
num_modes = 10