center_x = 30.26832307692308
center_y = 32.1838153846154
center_z = -5.062230769230768
size_x = 22
size_y = 22
size_z = 22
energy_range = 9
exhaustiveness = 32
num_modes = 10