center_x = 24.17153956834531
center_y = 35.700014388489215
center_z = -11.403050359712228
size_x = 22
size_y = 22
size_z = 22
energy_range = 9
exhaustiveness = 32
num_modes = 10