center_x = -1.731406015037594
center_y = 16.646977443609025
center_z = 20.543293233082707
size_x = 22
size_y = 22
size_z = 22
energy_range = 9
exhaustiveness = 32
num_modes = 10