center_x = 7.079586206896548
center_y = 35.27982327586204
center_z = 18.218883620689653
size_x = 22
size_y = 22
size_z = 22
energy_range = 9
exhaustiveness = 32
num_modes = 10