center_x = 5.870436507936509
center_y = 40.95773015873015
center_z = 23.785174603174585
size_x = 22
size_y = 22
size_z = 22
energy_range = 9
exhaustiveness = 32
num_modes = 10