center_x = -3.729280701754386
center_y = 29.5797192982456
center_z = 22.89118713450292
size_x = 22
size_y = 22
size_z = 22
energy_range = 9
exhaustiveness = 32
num_modes = 10