center_x = 42.59084677419354
center_y = 70.03491129032255
center_z = 104.68865322580643
size_x = 22
size_y = 22
size_z = 22
energy_range = 9
exhaustiveness = 32
num_modes = 10