center_x = 18.13230927835052
center_y = 53.71924484536085
center_z = 86.24369329896908
size_x = 22
size_y = 22
size_z = 22
energy_range = 9
exhaustiveness = 32
num_modes = 10