center_x = 34.286683168316834
center_y = 64.95211881188118
center_z = 113.33699999999996
size_x = 22
size_y = 22
size_z = 22
energy_range = 9
exhaustiveness = 32
num_modes = 10