center_x = 50.49771717171716
center_y = 54.38663636363636
center_z = 103.8112828282828
size_x = 22
size_y = 22
size_z = 22
energy_range = 9
exhaustiveness = 32
num_modes = 10