center_x = 32.59833333333333
center_y = 51.55554938271606
center_z = 74.90722839506167
size_x = 22
size_y = 22
size_z = 22
energy_range = 9
exhaustiveness = 32
num_modes = 10