center_x = 44.6627142857143
center_y = 54.69838961038961
center_z = 83.65174025974027
size_x = 22
size_y = 22
size_z = 22
energy_range = 9
exhaustiveness = 32
num_modes = 10