center_x = 26.24199159663866
center_y = 39.751890756302494
center_z = 111.38308403361344
size_x = 22
size_y = 22
size_z = 22
energy_range = 9
exhaustiveness = 32
num_modes = 10