center_x = 5.512637500000002
center_y = 48.64272500000002
center_z = 74.02271250000001
size_x = 22
size_y = 22
size_z = 22
energy_range = 9
exhaustiveness = 32
num_modes = 10