center_x = 26.72963461538461
center_y = 56.38121153846157
center_z = 115.20568269230776
size_x = 22
size_y = 22
size_z = 22
energy_range = 9
exhaustiveness = 32
num_modes = 10