center_x = 19.95143262411348
center_y = 45.083595744680856
center_z = 115.6358439716312
size_x = 22
size_y = 22
size_z = 22
energy_range = 9
exhaustiveness = 32
num_modes = 10