center_x = 13.53801492537313
center_y = 53.19401492537313
center_z = 104.35697014925375
size_x = 22
size_y = 22
size_z = 22
energy_range = 9
exhaustiveness = 32
num_modes = 10