center_x = 35.70954736842104
center_y = 41.99588947368422
center_z = 82.29283684210527
size_x = 22
size_y = 22
size_z = 22
energy_range = 9
exhaustiveness = 32
num_modes = 10