center_x = 29.92147333333336
center_y = 53.91096
center_z = 86.43150666666662
size_x = 22
size_y = 22
size_z = 22
energy_range = 9
exhaustiveness = 32
num_modes = 10