center_x = 20.475958677685934
center_y = 55.98871074380163
center_z = 73.01247107438019
size_x = 22
size_y = 22
size_z = 22
energy_range = 9
exhaustiveness = 32
num_modes = 10