center_x = 41.46290833333333
center_y = 66.146425
center_z = 89.56629166666666
size_x = 22
size_y = 22
size_z = 22
energy_range = 9
exhaustiveness = 32
num_modes = 10