center_x = 20.26778888888889
center_y = 34.9789111111111
center_z = 74.27512222222221
size_x = 22
size_y = 22
size_z = 22
energy_range = 9
exhaustiveness = 32
num_modes = 10