center_x = 16.91718032786885
center_y = 48.8829508196721
center_z = 109.08444262295086
size_x = 22
size_y = 22
size_z = 22
energy_range = 9
exhaustiveness = 32
num_modes = 10