center_x = 34.618186666666666
center_y = 69.68167333333336
center_z = 104.12957333333335
size_x = 22
size_y = 22
size_z = 22
energy_range = 9
exhaustiveness = 32
num_modes = 10