center_x = 36.44247321428572
center_y = 50.995098214285726
center_z = 111.89120535714288
size_x = 22
size_y = 22
size_z = 22
energy_range = 9
exhaustiveness = 32
num_modes = 10