center_x = 40.11850000000002
center_y = 44.29091447368419
center_z = 104.53803289473684
size_x = 22
size_y = 22
size_z = 22
energy_range = 9
exhaustiveness = 32
num_modes = 10