center_x = 34.43997457627119
center_y = 29.762144067796623
center_z = 98.57906779661016
size_x = 22
size_y = 22
size_z = 22
energy_range = 9
exhaustiveness = 32
num_modes = 10