center_x = 28.828031578947364
center_y = 49.96190526315789
center_z = 117.90044210526317
size_x = 22
size_y = 22
size_z = 22
energy_range = 9
exhaustiveness = 32
num_modes = 10