center_x = 41.16731086142323
center_y = 54.39269288389511
center_z = 91.57782022471912
size_x = 22
size_y = 22
size_z = 22
energy_range = 9
exhaustiveness = 32
num_modes = 10