center_x = 11.713484210526316
center_y = 55.400052631578966
center_z = 76.68598947368422
size_x = 22
size_y = 22
size_z = 22
energy_range = 9
exhaustiveness = 32
num_modes = 10