center_x = -12.310704761904764
center_y = -47.21514285714285
center_z = -27.505704761904767
size_x = 22
size_y = 22
size_z = 22
energy_range = 9
exhaustiveness = 32
num_modes = 10