center_x = -27.17300628930816
center_y = -36.54269811320755
center_z = -7.677943396226414
size_x = 22
size_y = 22
size_z = 22
energy_range = 9
exhaustiveness = 32
num_modes = 10