center_x = -18.014938144329896
center_y = -28.294061855670115
center_z = -6.681185567010312
size_x = 22
size_y = 22
size_z = 22
energy_range = 9
exhaustiveness = 32
num_modes = 10