center_x = -8.514423423423425
center_y = -51.58463063063061
center_z = -6.555936936936934
size_x = 22
size_y = 22
size_z = 22
energy_range = 9
exhaustiveness = 32
num_modes = 10