center_x = -8.118088235294117
center_y = -30.83586764705883
center_z = 2.8646029411764697
size_x = 22
size_y = 22
size_z = 22
energy_range = 9
exhaustiveness = 32
num_modes = 10