center_x = -4.940198347107438
center_y = -47.49540495867768
center_z = -17.63513223140496
size_x = 22
size_y = 22
size_z = 22
energy_range = 9
exhaustiveness = 32
num_modes = 10