center_x = -12.177779874213838
center_y = -25.078220125786164
center_z = -19.04964779874213
size_x = 22
size_y = 22
size_z = 22
energy_range = 9
exhaustiveness = 32
num_modes = 10