center_x = 10.95551388888888
center_y = -36.29786111111111
center_z = 5.591993055555556
size_x = 22
size_y = 22
size_z = 22
energy_range = 9
exhaustiveness = 32
num_modes = 10