center_x = 1.0545680000000002
center_y = -31.800615999999994
center_z = -19.256616000000005
size_x = 22
size_y = 22
size_z = 22
energy_range = 9
exhaustiveness = 32
num_modes = 10