center_x = -15.10042735042735
center_y = -19.543555555555557
center_z = -7.064384615384617
size_x = 22
size_y = 22
size_z = 22
energy_range = 9
exhaustiveness = 32
num_modes = 10