center_x = 0.1735062500000005
center_y = -48.22975625000002
center_z = -7.375331249999998
size_x = 22
size_y = 22
size_z = 22
energy_range = 9
exhaustiveness = 32
num_modes = 10