center_x = -22.597033149171267
center_y = -45.143176795580096
center_z = -10.3535635359116
size_x = 22
size_y = 22
size_z = 22
energy_range = 9
exhaustiveness = 32
num_modes = 10