center_x = 18.525115702479336
center_y = -24.78962809917354
center_z = -4.810520661157024
size_x = 22
size_y = 22
size_z = 22
energy_range = 9
exhaustiveness = 32
num_modes = 10