center_x = -6.671878571428572
center_y = -34.00232619047618
center_z = -14.69541190476191
size_x = 22
size_y = 22
size_z = 22
energy_range = 9
exhaustiveness = 32
num_modes = 10