center_x = -21.587530534351146
center_y = -22.442404580152665
center_z = -13.8127786259542
size_x = 22
size_y = 22
size_z = 22
energy_range = 9
exhaustiveness = 32
num_modes = 10