center_x = -15.24948717948718
center_y = -30.75296153846153
center_z = -32.61562820512821
size_x = 22
size_y = 22
size_z = 22
energy_range = 9
exhaustiveness = 32
num_modes = 10