center_x = -18.68589162561575
center_y = -11.531724137931034
center_z = -10.790793103448276
size_x = 22
size_y = 22
size_z = 22
energy_range = 9
exhaustiveness = 32
num_modes = 10