center_x = 1.9797372262773731
center_y = -40.83986861313867
center_z = 0.2217372262773717
size_x = 22
size_y = 22
size_z = 22
energy_range = 9
exhaustiveness = 32
num_modes = 10