center_x = -24.943232
center_y = -25.24303200000001
center_z = -18.57291200000001
size_x = 22
size_y = 22
size_z = 22
energy_range = 9
exhaustiveness = 32
num_modes = 10