center_x = 10.295043478260872
center_y = -18.97388198757764
center_z = -2.842024844720497
size_x = 22
size_y = 22
size_z = 22
energy_range = 9
exhaustiveness = 32
num_modes = 10