center_x = -22.70245000000001
center_y = -50.64981250000002
center_z = -31.4584125
size_x = 22
size_y = 22
size_z = 22
energy_range = 9
exhaustiveness = 32
num_modes = 10