center_x = -15.929315789473684
center_y = -51.304877192982445
center_z = -16.027807017543857
size_x = 22
size_y = 22
size_z = 22
energy_range = 9
exhaustiveness = 32
num_modes = 10