center_x = 1.1926642335766422
center_y = -29.38471532846715
center_z = 4.490153284671534
size_x = 22
size_y = 22
size_z = 22
energy_range = 9
exhaustiveness = 32
num_modes = 10