center_x = -17.33423809523809
center_y = -53.05776190476192
center_z = -28.89951428571428
size_x = 22
size_y = 22
size_z = 22
energy_range = 9
exhaustiveness = 32
num_modes = 10