center_x = 15.365316901408455
center_y = -32.710859154929594
center_z = -13.251781690140849
size_x = 22
size_y = 22
size_z = 22
energy_range = 9
exhaustiveness = 32
num_modes = 10