center_x = 10.049457142857143
center_y = -18.221847619047622
center_z = -12.781971428571424
size_x = 22
size_y = 22
size_z = 22
energy_range = 9
exhaustiveness = 32
num_modes = 10