center_x = 10.306814285714282
center_y = -30.469228571428577
center_z = 7.415971428571429
size_x = 22
size_y = 22
size_z = 22
energy_range = 9
exhaustiveness = 32
num_modes = 10