center_x = -15.852596638655468
center_y = -3.266445378151261
center_z = -16.897000000000006
size_x = 22
size_y = 22
size_z = 22
energy_range = 9
exhaustiveness = 32
num_modes = 10