center_x = -2.183087866108788
center_y = 9.353573221757324
center_z = -18.54208786610879
size_x = 22
size_y = 22
size_z = 22
energy_range = 9
exhaustiveness = 32
num_modes = 10