center_x = 7.100045871559633
center_y = -1.9146697247706423
center_z = -3.490495412844035
size_x = 22
size_y = 22
size_z = 22
energy_range = 9
exhaustiveness = 32
num_modes = 10