center_x = -11.618999999999993
center_y = 16.2920796460177
center_z = -22.430849557522127
size_x = 22
size_y = 22
size_z = 22
energy_range = 9
exhaustiveness = 32
num_modes = 10