center_x = -12.921159090909098
center_y = 12.880130681818184
center_z = -5.160988636363635
size_x = 22
size_y = 22
size_z = 22
energy_range = 9
exhaustiveness = 32
num_modes = 10