center_x = 4.316719512195119
center_y = 1.739512195121952
center_z = -10.845426829268298
size_x = 22
size_y = 22
size_z = 22
energy_range = 9
exhaustiveness = 32
num_modes = 10