center_x = -7.47818897637795
center_y = 16.69011023622047
center_z = -15.40170078740158
size_x = 22
size_y = 22
size_z = 22
energy_range = 9
exhaustiveness = 32
num_modes = 10