center_x = -19.1763937007874
center_y = -9.166543307086611
center_z = -4.8061811023622045
size_x = 22
size_y = 22
size_z = 22
energy_range = 9
exhaustiveness = 32
num_modes = 10