center_x = -5.332849557522124
center_y = -13.805176991150438
center_z = 5.144973451327435
size_x = 22
size_y = 22
size_z = 22
energy_range = 9
exhaustiveness = 32
num_modes = 10