center_x = -13.941917910447762
center_y = -7.956097014925376
center_z = 14.584350746268656
size_x = 22
size_y = 22
size_z = 22
energy_range = 9
exhaustiveness = 32
num_modes = 10