center_x = -22.37351612903225
center_y = -0.7071854838709674
center_z = 8.56066935483871
size_x = 22
size_y = 22
size_z = 22
energy_range = 9
exhaustiveness = 32
num_modes = 10