center_x = -23.1058515625
center_y = 11.349875000000004
center_z = 10.890148437499994
size_x = 22
size_y = 22
size_z = 22
energy_range = 9
exhaustiveness = 32
num_modes = 10