center_x = -5.541992700729926
center_y = 0.6308686131386866
center_z = 0.1581532846715329
size_x = 22
size_y = 22
size_z = 22
energy_range = 9
exhaustiveness = 32
num_modes = 10