center_x = -12.932262295081962
center_y = -15.4452868852459
center_z = 10.074311475409836
size_x = 22
size_y = 22
size_z = 22
energy_range = 9
exhaustiveness = 32
num_modes = 10