center_x = -15.908323529411762
center_y = 7.349852941176467
center_z = 3.413066176470587
size_x = 22
size_y = 22
size_z = 22
energy_range = 9
exhaustiveness = 32
num_modes = 10