receptor = data/6qsz/6qsz_ligand.pdbqt
ligand = data/6qsz/6qsz_protein.pdbqt
center_x = 3.936903614457832
center_y = -8.3445421686747
center_z = -6.899253012048192
size_x = 9.075807228915664
size_y = 15.5750843373494
size_z = 10.932506024096384
energy_range = 9
exhaustiveness = 32
num_modes = 10