center_x = 5.422255319148936
center_y = -13.117567375886525
center_z = 12.9744609929078
size_x = 22
size_y = 22
size_z = 22
energy_range = 9
exhaustiveness = 32
num_modes = 10