center_x = 3.936903614457832
center_y = -8.3445421686747
center_z = -6.899253012048192
size_x = 22
size_y = 22
size_z = 22
energy_range = 9
exhaustiveness = 32
num_modes = 10