center_x = 10.776666666666674
center_y = -15.341972222222228
center_z = 7.890620370370369
size_x = 22
size_y = 22
size_z = 22
energy_range = 9
exhaustiveness = 32
num_modes = 10