center_x = 3.1716095890410942
center_y = -17.395321917808218
center_z = 6.040006849315069
size_x = 22
size_y = 22
size_z = 22
energy_range = 9
exhaustiveness = 32
num_modes = 10