center_x = 14.180008333333337
center_y = 0.2800999999999999
center_z = 0.9350583333333324
size_x = 22
size_y = 22
size_z = 22
energy_range = 9
exhaustiveness = 32
num_modes = 10