center_x = -9.677920289855075
center_y = 7.020210144927537
center_z = 3.36072463768116
size_x = 22
size_y = 22
size_z = 22
energy_range = 9
exhaustiveness = 32
num_modes = 10