center_x = -20.388932203389828
center_y = 4.498025423728814
center_z = 1.5174830508474575
size_x = 22
size_y = 22
size_z = 22
energy_range = 9
exhaustiveness = 32
num_modes = 10