center_x = -19.54845454545454
center_y = -13.34764646464646
center_z = 2.4904545454545457
size_x = 22
size_y = 22
size_z = 22
energy_range = 9
exhaustiveness = 32
num_modes = 10