center_x = -16.456009523809517
center_y = 12.037028571428571
center_z = 6.215361904761906
size_x = 22
size_y = 22
size_z = 22
energy_range = 9
exhaustiveness = 32
num_modes = 10