center_x = -23.07520312500001
center_y = 11.106164062499998
center_z = 11.00403125
size_x = 22
size_y = 22
size_z = 22
energy_range = 9
exhaustiveness = 32
num_modes = 10