center_x = -12.956388888888885
center_y = -6.961458333333334
center_z = -7.966875
size_x = 22
size_y = 22
size_z = 22
energy_range = 9
exhaustiveness = 32
num_modes = 10