center_x = -5.402094890510948
center_y = 0.7771532846715328
center_z = 0.3077007299270068
size_x = 22
size_y = 22
size_z = 22
energy_range = 9
exhaustiveness = 32
num_modes = 10