center_x = -22.20562903225805
center_y = -0.8458225806451611
center_z = 8.597387096774192
size_x = 22
size_y = 22
size_z = 22
energy_range = 9
exhaustiveness = 32
num_modes = 10