center_x = -18.892141732283463
center_y = -9.219944881889765
center_z = -4.719866141732282
size_x = 22
size_y = 22
size_z = 22
energy_range = 9
exhaustiveness = 32
num_modes = 10