center_x = -0.0099579831932775
center_y = 36.81211764705883
center_z = 5.553294117647059
size_x = 22
size_y = 22
size_z = 22
energy_range = 9
exhaustiveness = 32
num_modes = 10