center_x = 3.8789827586206895
center_y = 46.40770689655174
center_z = -3.0942183908045977
size_x = 22
size_y = 22
size_z = 22
energy_range = 9
exhaustiveness = 32
num_modes = 10