center_x = -25.0548148148148
center_y = 50.37217037037038
center_z = 7.602459259259256
size_x = 22
size_y = 22
size_z = 22
energy_range = 9
exhaustiveness = 32
num_modes = 10