center_x = -22.031330677290835
center_y = 45.78636653386453
center_z = 10.01502788844621
size_x = 22
size_y = 22
size_z = 22
energy_range = 9
exhaustiveness = 32
num_modes = 10