center_x = -18.168159999999997
center_y = 34.34007
center_z = 7.956249999999999
size_x = 22
size_y = 22
size_z = 22
energy_range = 9
exhaustiveness = 32
num_modes = 10