center_x = -20.002932330827072
center_y = 33.456451127819534
center_z = -1.3949624060150378
size_x = 22
size_y = 22
size_z = 22
energy_range = 9
exhaustiveness = 32
num_modes = 10