center_x = 11.110272277227724
center_y = 13.887272277227725
center_z = -17.586282178217818
size_x = 22
size_y = 22
size_z = 22
energy_range = 9
exhaustiveness = 32
num_modes = 10