center_x = 12.610548387096774
center_y = 4.834666666666667
center_z = -31.156075268817197
size_x = 22
size_y = 22
size_z = 22
energy_range = 9
exhaustiveness = 32
num_modes = 10