center_x = 13.672731707317068
center_y = 8.75870731707317
center_z = -31.31551219512194
size_x = 22
size_y = 22
size_z = 22
energy_range = 9
exhaustiveness = 32
num_modes = 10