center_x = 0.6091825396825398
center_y = 9.79871428571428
center_z = -35.57403968253968
size_x = 22
size_y = 22
size_z = 22
energy_range = 9
exhaustiveness = 32
num_modes = 10