center_x = -14.183308641975303
center_y = 5.903882716049383
center_z = -25.91454320987655
size_x = 22
size_y = 22
size_z = 22
energy_range = 9
exhaustiveness = 32
num_modes = 10