center_x = -24.15654573170734
center_y = 18.165670731707326
center_z = -11.955490853658535
size_x = 22
size_y = 22
size_z = 22
energy_range = 9
exhaustiveness = 32
num_modes = 10