center_x = 9.856582417582414
center_y = 21.690912087912093
center_z = -12.473582417582415
size_x = 22
size_y = 22
size_z = 22
energy_range = 9
exhaustiveness = 32
num_modes = 10