center_x = 5.429074829931973
center_y = -2.0485918367346945
center_z = -32.21162585034013
size_x = 22
size_y = 22
size_z = 22
energy_range = 9
exhaustiveness = 32
num_modes = 10