center_x = -35.92577477477477
center_y = 12.542504504504503
center_z = -12.958981981981983
size_x = 22
size_y = 22
size_z = 22
energy_range = 9
exhaustiveness = 32
num_modes = 10