center_x = -17.68985942492013
center_y = -0.6892332268370602
center_z = -21.706482428115
size_x = 22
size_y = 22
size_z = 22
energy_range = 9
exhaustiveness = 32
num_modes = 10