center_x = -1.0413901098901102
center_y = -6.235829670329667
center_z = -26.621670329670327
size_x = 22
size_y = 22
size_z = 22
energy_range = 9
exhaustiveness = 32
num_modes = 10