center_x = -18.72594512195122
center_y = -7.017932926829271
center_z = -15.366646341463415
size_x = 22
size_y = 22
size_z = 22
energy_range = 9
exhaustiveness = 32
num_modes = 10