center_x = -5.947416666666667
center_y = 17.499797619047616
center_z = 0.910190476190476
size_x = 22
size_y = 22
size_z = 22
energy_range = 9
exhaustiveness = 32
num_modes = 10