center_x = -11.932634146341464
center_y = 27.951475609756105
center_z = -11.025121951219512
size_x = 22
size_y = 22
size_z = 22
energy_range = 9
exhaustiveness = 32
num_modes = 10