center_x = 7.966150943396218
center_y = 2.788471698113206
center_z = -21.149000000000008
size_x = 22
size_y = 22
size_z = 22
energy_range = 9
exhaustiveness = 32
num_modes = 10