center_x = -35.70250833333332
center_y = 2.7889999999999984
center_z = -17.77978333333333
size_x = 22
size_y = 22
size_z = 22
energy_range = 9
exhaustiveness = 32
num_modes = 10