center_x = -13.195244565217395
center_y = 21.80279891304348
center_z = -13.478114130434772
size_x = 22
size_y = 22
size_z = 22
energy_range = 9
exhaustiveness = 32
num_modes = 10