receptor = data/6hop/6hop_ligand.pdbqt
ligand = data/6hop/6hop_protein.pdbqt
center_x = -1.7003333333333326
center_y = -0.432409420289855
center_z = -11.665213768115946
size_x = 16.975333333333335
size_y = 28.04518115942029
size_z = 18.92642753623189
energy_range = 9
exhaustiveness = 32
num_modes = 10