center_x = -26.807055555555557
center_y = -7.02603174603175
center_z = -9.342357142857145
size_x = 22
size_y = 22
size_z = 22
energy_range = 9
exhaustiveness = 32
num_modes = 10