center_x = -5.105385869565216
center_y = -16.136820652173917
center_z = 15.84177717391304
size_x = 22
size_y = 22
size_z = 22
energy_range = 9
exhaustiveness = 32
num_modes = 10