center_x = -12.744809210526322
center_y = -10.81465131578947
center_z = 5.361026315789473
size_x = 22
size_y = 22
size_z = 22
energy_range = 9
exhaustiveness = 32
num_modes = 10