center_x = -13.22914285714286
center_y = -16.581428571428575
center_z = 22.50231632653061
size_x = 22
size_y = 22
size_z = 22
energy_range = 9
exhaustiveness = 32
num_modes = 10