center_x = -2.858916129032256
center_y = -10.166767741935486
center_z = 19.010864516129026
size_x = 22
size_y = 22
size_z = 22
energy_range = 9
exhaustiveness = 32
num_modes = 10