center_x = -17.103271028037394
center_y = -15.15314953271028
center_z = 26.000663551401868
size_x = 22
size_y = 22
size_z = 22
energy_range = 9
exhaustiveness = 32
num_modes = 10