center_x = 2.876580645161292
center_y = -9.024088709677423
center_z = 5.828516129032257
size_x = 22
size_y = 22
size_z = 22
energy_range = 9
exhaustiveness = 32
num_modes = 10