center_x = -14.95356962025317
center_y = -23.93930379746835
center_z = 8.172898734177213
size_x = 22
size_y = 22
size_z = 22
energy_range = 9
exhaustiveness = 32
num_modes = 10