center_x = -3.284466666666667
center_y = -10.480792592592593
center_z = 1.1926296296296297
size_x = 22
size_y = 22
size_z = 22
energy_range = 9
exhaustiveness = 32
num_modes = 10