center_x = 110.25468149882904
center_y = 240.507292740047
center_z = 320.8857400468382
size_x = 22
size_y = 22
size_z = 22
energy_range = 9
exhaustiveness = 32
num_modes = 10