center_x = 89.01605115089514
center_y = 226.87045268542187
center_z = 323.8715549872124
size_x = 22
size_y = 22
size_z = 22
energy_range = 9
exhaustiveness = 32
num_modes = 10