center_x = 88.72314878048779
center_y = 221.53289024390264
center_z = 322.8068902439023
size_x = 22
size_y = 22
size_z = 22
energy_range = 9
exhaustiveness = 32
num_modes = 10