center_x = 89.10308664259928
center_y = 224.66361913357412
center_z = 317.8278682310469
size_x = 22
size_y = 22
size_z = 22
energy_range = 9
exhaustiveness = 32
num_modes = 10