center_x = 88.9769577464789
center_y = 226.7021302816901
center_z = 321.15830281690165
size_x = 22
size_y = 22
size_z = 22
energy_range = 9
exhaustiveness = 32
num_modes = 10