center_x = 113.8992613168724
center_y = 235.7013209876544
center_z = 323.2002674897122
size_x = 22
size_y = 22
size_z = 22
energy_range = 9
exhaustiveness = 32
num_modes = 10