center_x = 117.30370496083546
center_y = 243.0250626631852
center_z = 317.1514099216711
size_x = 22
size_y = 22
size_z = 22
energy_range = 9
exhaustiveness = 32
num_modes = 10