center_x = 85.70783577712612
center_y = 224.2819120234605
center_z = 322.3275703812323
size_x = 22
size_y = 22
size_z = 22
energy_range = 9
exhaustiveness = 32
num_modes = 10