center_x = 90.06430158730161
center_y = 228.80794660894665
center_z = 324.1506782106778
size_x = 22
size_y = 22
size_z = 22
energy_range = 9
exhaustiveness = 32
num_modes = 10