center_x = 117.54321794871792
center_y = 241.2981128205127
center_z = 317.30214615384625
size_x = 22
size_y = 22
size_z = 22
energy_range = 9
exhaustiveness = 32
num_modes = 10