center_x = 89.09455172413799
center_y = 219.4565908045977
center_z = 325.2885724137931
size_x = 22
size_y = 22
size_z = 22
energy_range = 9
exhaustiveness = 32
num_modes = 10