center_x = 89.63864345403903
center_y = 221.5999247910865
center_z = 322.6275027855157
size_x = 22
size_y = 22
size_z = 22
energy_range = 9
exhaustiveness = 32
num_modes = 10