center_x = 117.09206907894736
center_y = 236.4650032894737
center_z = 324.8204013157897
size_x = 22
size_y = 22
size_z = 22
energy_range = 9
exhaustiveness = 32
num_modes = 10