center_x = 102.77895031055904
center_y = 233.1684689440994
center_z = 321.90072360248485
size_x = 22
size_y = 22
size_z = 22
energy_range = 9
exhaustiveness = 32
num_modes = 10