center_x = 89.82637320574162
center_y = 225.0117488038276
center_z = 319.1605191387558
size_x = 22
size_y = 22
size_z = 22
energy_range = 9
exhaustiveness = 32
num_modes = 10