center_x = 113.56129571984432
center_y = 240.5774630350195
center_z = 313.9165680933853
size_x = 22
size_y = 22
size_z = 22
energy_range = 9
exhaustiveness = 32
num_modes = 10