center_x = 113.43499844961232
center_y = 244.2600093023255
center_z = 323.55813953488376
size_x = 22
size_y = 22
size_z = 22
energy_range = 9
exhaustiveness = 32
num_modes = 10