center_x = 90.16629816513765
center_y = 226.36457339449544
center_z = 324.241247706422
size_x = 22
size_y = 22
size_z = 22
energy_range = 9
exhaustiveness = 32
num_modes = 10