center_x = 113.67495588235292
center_y = 243.3729227941178
center_z = 320.7194301470589
size_x = 22
size_y = 22
size_z = 22
energy_range = 9
exhaustiveness = 32
num_modes = 10