center_x = 87.25454219948845
center_y = 223.5652455242967
center_z = 325.0254808184143
size_x = 22
size_y = 22
size_z = 22
energy_range = 9
exhaustiveness = 32
num_modes = 10