center_x = 87.3250979955457
center_y = 222.92494209354143
center_z = 322.81279287305114
size_x = 22
size_y = 22
size_z = 22
energy_range = 9
exhaustiveness = 32
num_modes = 10