center_x = 111.615705794948
center_y = 236.9761783060922
center_z = 322.1218826151558
size_x = 22
size_y = 22
size_z = 22
energy_range = 9
exhaustiveness = 32
num_modes = 10