center_x = 104.902669865643
center_y = 236.94999424184255
center_z = 321.38526871401166
size_x = 22
size_y = 22
size_z = 22
energy_range = 9
exhaustiveness = 32
num_modes = 10