center_x = 86.62854216867471
center_y = 220.2116957831328
center_z = 323.05132680722886
size_x = 22
size_y = 22
size_z = 22
energy_range = 9
exhaustiveness = 32
num_modes = 10