center_x = 110.12975150602408
center_y = 237.09403012048188
center_z = 322.7586506024093
size_x = 22
size_y = 22
size_z = 22
energy_range = 9
exhaustiveness = 32
num_modes = 10