center_x = 86.86791089108912
center_y = 227.7061617161717
center_z = 324.10801980197994
size_x = 22
size_y = 22
size_z = 22
energy_range = 9
exhaustiveness = 32
num_modes = 10