center_x = 88.74636065573769
center_y = 224.58076639344245
center_z = 321.2218217213114
size_x = 22
size_y = 22
size_z = 22
energy_range = 9
exhaustiveness = 32
num_modes = 10