center_x = 89.80709285051063
center_y = 228.7783528319408
center_z = 324.7702219127208
size_x = 22
size_y = 22
size_z = 22
energy_range = 9
exhaustiveness = 32
num_modes = 10