center_x = 92.43972897196262
center_y = 227.1126985981308
center_z = 321.70104205607464
size_x = 22
size_y = 22
size_z = 22
energy_range = 9
exhaustiveness = 32
num_modes = 10