center_x = 89.75150489236798
center_y = 227.94631115459867
center_z = 318.08516829745605
size_x = 22
size_y = 22
size_z = 22
energy_range = 9
exhaustiveness = 32
num_modes = 10