center_x = 92.26925522041762
center_y = 227.5559907192577
center_z = 322.68622273781875
size_x = 22
size_y = 22
size_z = 22
energy_range = 9
exhaustiveness = 32
num_modes = 10