center_x = 76.44252272727276
center_y = 209.3599454545456
center_z = 319.748809090909
size_x = 22
size_y = 22
size_z = 22
energy_range = 9
exhaustiveness = 32
num_modes = 10