center_x = 82.65294267515921
center_y = 222.72255414012747
center_z = 310.6690636942675
size_x = 22
size_y = 22
size_z = 22
energy_range = 9
exhaustiveness = 32
num_modes = 10