center_x = 102.7542994011976
center_y = 236.42349500997997
center_z = 323.6320718562873
size_x = 22
size_y = 22
size_z = 22
energy_range = 9
exhaustiveness = 32
num_modes = 10