center_x = 115.07039639639638
center_y = 245.85790765765785
center_z = 323.91796171171154
size_x = 22
size_y = 22
size_z = 22
energy_range = 9
exhaustiveness = 32
num_modes = 10