center_x = 103.5122695652174
center_y = 226.32754086956533
center_z = 323.60044173913053
size_x = 22
size_y = 22
size_z = 22
energy_range = 9
exhaustiveness = 32
num_modes = 10