center_x = 113.98737554585148
center_y = 244.20113100436683
center_z = 319.89338427947587
size_x = 22
size_y = 22
size_z = 22
energy_range = 9
exhaustiveness = 32
num_modes = 10