center_x = 95.21464220472456
center_y = 229.32316377952705
center_z = 321.5188018897632
size_x = 22
size_y = 22
size_z = 22
energy_range = 9
exhaustiveness = 32
num_modes = 10