center_x = 90.4578515769944
center_y = 229.8285565862708
center_z = 323.677289424861
size_x = 22
size_y = 22
size_z = 22
energy_range = 9
exhaustiveness = 32
num_modes = 10