center_x = 96.490626062323
center_y = 224.3398611898016
center_z = 322.8929943342775
size_x = 22
size_y = 22
size_z = 22
energy_range = 9
exhaustiveness = 32
num_modes = 10