center_x = 88.33908101851854
center_y = 227.30063888888887
center_z = 321.91192592592574
size_x = 22
size_y = 22
size_z = 22
energy_range = 9
exhaustiveness = 32
num_modes = 10