center_x = 110.73618627450976
center_y = 241.9469738562093
center_z = 322.6364346405228
size_x = 22
size_y = 22
size_z = 22
energy_range = 9
exhaustiveness = 32
num_modes = 10