center_x = 107.51895533980576
center_y = 240.76295339805824
center_z = 326.65033009708776
size_x = 22
size_y = 22
size_z = 22
energy_range = 9
exhaustiveness = 32
num_modes = 10