center_x = 82.90825725338487
center_y = 221.86253384912987
center_z = 318.1402920696327
size_x = 22
size_y = 22
size_z = 22
energy_range = 9
exhaustiveness = 32
num_modes = 10