center_x = 95.48229973474798
center_y = 234.87698408488075
center_z = 322.72502652519904
size_x = 22
size_y = 22
size_z = 22
energy_range = 9
exhaustiveness = 32
num_modes = 10