center_x = 73.2127393617021
center_y = 213.6175159574467
center_z = 313.47835106382973
size_x = 22
size_y = 22
size_z = 22
energy_range = 9
exhaustiveness = 32
num_modes = 10