center_x = 100.59173214285714
center_y = 221.84573571428567
center_z = 325.6116535714285
size_x = 22
size_y = 22
size_z = 22
energy_range = 9
exhaustiveness = 32
num_modes = 10