center_x = 104.78386827956984
center_y = 238.4822338709678
center_z = 324.0428655913979
size_x = 22
size_y = 22
size_z = 22
energy_range = 9
exhaustiveness = 32
num_modes = 10