center_x = 82.85468561872915
center_y = 221.3009464882942
center_z = 320.4602508361204
size_x = 22
size_y = 22
size_z = 22
energy_range = 9
exhaustiveness = 32
num_modes = 10