center_x = 84.31502391304349
center_y = 217.5098586956522
center_z = 326.34616739130433
size_x = 22
size_y = 22
size_z = 22
energy_range = 9
exhaustiveness = 32
num_modes = 10