center_x = 89.6182963671128
center_y = 227.2184818355639
center_z = 321.13053154875706
size_x = 22
size_y = 22
size_z = 22
energy_range = 9
exhaustiveness = 32
num_modes = 10