center_x = 84.51580685358253
center_y = 221.76494392523352
center_z = 326.9341183800624
size_x = 22
size_y = 22
size_z = 22
energy_range = 9
exhaustiveness = 32
num_modes = 10