center_x = 93.51699047619044
center_y = 231.11694285714287
center_z = 322.24573523809545
size_x = 22
size_y = 22
size_z = 22
energy_range = 9
exhaustiveness = 32
num_modes = 10