center_x = -2.689870689655174
center_y = -12.491663793103438
center_z = -11.958172413793104
size_x = 22
size_y = 22
size_z = 22
energy_range = 9
exhaustiveness = 32
num_modes = 10