center_x = -20.824559322033902
center_y = -2.560550847457628
center_z = -11.213305084745755
size_x = 22
size_y = 22
size_z = 22
energy_range = 9
exhaustiveness = 32
num_modes = 10