center_x = -19.16377419354838
center_y = -16.1615376344086
center_z = -27.1109247311828
size_x = 22
size_y = 22
size_z = 22
energy_range = 9
exhaustiveness = 32
num_modes = 10