center_x = -17.3125035971223
center_y = -6.824992805755395
center_z = -23.553374100719417
size_x = 22
size_y = 22
size_z = 22
energy_range = 9
exhaustiveness = 32
num_modes = 10