center_x = -9.249066115702473
center_y = -13.439355371900826
center_z = -22.29845454545454
size_x = 22
size_y = 22
size_z = 22
energy_range = 9
exhaustiveness = 32
num_modes = 10