center_x = -11.64986363636364
center_y = -24.15144696969696
center_z = -20.761454545454548
size_x = 22
size_y = 22
size_z = 22
energy_range = 9
exhaustiveness = 32
num_modes = 10