center_x = -20.99457692307693
center_y = -21.681376923076925
center_z = -15.421692307692306
size_x = 22
size_y = 22
size_z = 22
energy_range = 9
exhaustiveness = 32
num_modes = 10