center_x = -22.958429999999996
center_y = -6.864134999999999
center_z = -16.574385000000003
size_x = 22
size_y = 22
size_z = 22
energy_range = 9
exhaustiveness = 32
num_modes = 10