center_x = -22.445215686274494
center_y = -26.50687254901962
center_z = -7.641676470588234
size_x = 22
size_y = 22
size_z = 22
energy_range = 9
exhaustiveness = 32
num_modes = 10