center_x = 70.87585714285714
center_y = 56.01488704318937
center_z = 15.807744186046516
size_x = 22
size_y = 22
size_z = 22
energy_range = 9
exhaustiveness = 32
num_modes = 10