center_x = 72.94487640449441
center_y = 58.55124157303369
center_z = 13.497162921348306
size_x = 22
size_y = 22
size_z = 22
energy_range = 9
exhaustiveness = 32
num_modes = 10