center_x = 70.24455474452557
center_y = 50.72110218978099
center_z = 22.48823357664234
size_x = 22
size_y = 22
size_z = 22
energy_range = 9
exhaustiveness = 32
num_modes = 10