center_x = 71.3851512605042
center_y = 62.059142857142845
center_z = 8.264050420168072
size_x = 22
size_y = 22
size_z = 22
energy_range = 9
exhaustiveness = 32
num_modes = 10