center_x = 71.33524626865669
center_y = 53.74208955223882
center_z = 19.407940298507445
size_x = 22
size_y = 22
size_z = 22
energy_range = 9
exhaustiveness = 32
num_modes = 10