center_x = 71.0506222222222
center_y = 58.32109259259262
center_z = 13.18811111111112
size_x = 22
size_y = 22
size_z = 22
energy_range = 9
exhaustiveness = 32
num_modes = 10