center_x = 71.42806542056078
center_y = 62.66188785046726
center_z = 7.189710280373833
size_x = 22
size_y = 22
size_z = 22
energy_range = 9
exhaustiveness = 32
num_modes = 10