center_x = 70.98923741690399
center_y = 56.357396011396006
center_z = 16.039006647673297
size_x = 22
size_y = 22
size_z = 22
energy_range = 9
exhaustiveness = 32
num_modes = 10