center_x = 72.60391044776121
center_y = 62.766791044776106
center_z = 7.472746268656717
size_x = 22
size_y = 22
size_z = 22
energy_range = 9
exhaustiveness = 32
num_modes = 10