center_x = 71.59200970873788
center_y = 65.52338349514561
center_z = 3.723242718446602
size_x = 22
size_y = 22
size_z = 22
energy_range = 9
exhaustiveness = 32
num_modes = 10