center_x = 70.35677777777781
center_y = 54.70238562091503
center_z = 16.44130065359478
size_x = 22
size_y = 22
size_z = 22
energy_range = 9
exhaustiveness = 32
num_modes = 10