center_x = -8.108938053097345
center_y = -10.99278761061948
center_z = 11.238761061946908
size_x = 22
size_y = 22
size_z = 22
energy_range = 9
exhaustiveness = 32
num_modes = 10