center_x = -18.602903614457837
center_y = -15.2617108433735
center_z = 20.94231927710843
size_x = 22
size_y = 22
size_z = 22
energy_range = 9
exhaustiveness = 32
num_modes = 10