center_x = -25.67146181818181
center_y = -17.891552727272735
center_z = 27.074269090909095
size_x = 22
size_y = 22
size_z = 22
energy_range = 9
exhaustiveness = 32
num_modes = 10