center_x = -13.050850931677006
center_y = -12.88920186335403
center_z = 15.638111801242225
size_x = 22
size_y = 22
size_z = 22
energy_range = 9
exhaustiveness = 32
num_modes = 10