center_x = -10.677490196078429
center_y = -12.178975490196086
center_z = 13.515460784313715
size_x = 22
size_y = 22
size_z = 22
energy_range = 9
exhaustiveness = 32
num_modes = 10