center_x = -19.191344221105545
center_y = -15.658464824120594
center_z = 21.54798492462313
size_x = 22
size_y = 22
size_z = 22
energy_range = 9
exhaustiveness = 32
num_modes = 10