center_x = -24.449106557377032
center_y = -17.590565573770498
center_z = 26.24015573770491
size_x = 22
size_y = 22
size_z = 22
energy_range = 9
exhaustiveness = 32
num_modes = 10