center_x = -13.350036734693868
center_y = -13.056193877551006
center_z = 15.875957142857148
size_x = 22
size_y = 22
size_z = 22
energy_range = 9
exhaustiveness = 32
num_modes = 10