center_x = -14.9046852103121
center_y = -13.717312754409804
center_z = 17.355685210312096
size_x = 22
size_y = 22
size_z = 22
energy_range = 9
exhaustiveness = 32
num_modes = 10