center_x = -10.13746327683616
center_y = -11.751581920903954
center_z = 13.026680790960452
size_x = 22
size_y = 22
size_z = 22
energy_range = 9
exhaustiveness = 32
num_modes = 10