center_x = -24.133208695652183
center_y = -16.691473913043467
center_z = 25.17196956521741
size_x = 22
size_y = 22
size_z = 22
energy_range = 9
exhaustiveness = 32
num_modes = 10