center_x = -13.05085093167701
center_y = -12.88920186335403
center_z = 15.638111801242236
size_x = 22
size_y = 22
size_z = 22
energy_range = 9
exhaustiveness = 32
num_modes = 10