center_x = -13.97715979381443
center_y = -13.169530927835048
center_z = 16.476340206185565
size_x = 22
size_y = 22
size_z = 22
energy_range = 9
exhaustiveness = 32
num_modes = 10