center_x = -20.678261627906963
center_y = -15.969191860465116
center_z = 22.536575581395343
size_x = 22
size_y = 22
size_z = 22
energy_range = 9
exhaustiveness = 32
num_modes = 10