center_x = -22.700863970588227
center_y = -13.825235294117649
center_z = 24.39535661764704
size_x = 22
size_y = 22
size_z = 22
energy_range = 9
exhaustiveness = 32
num_modes = 10