center_x = -25.98125874125874
center_y = -18.23755594405594
center_z = 27.555174825174817
size_x = 22
size_y = 22
size_z = 22
energy_range = 9
exhaustiveness = 32
num_modes = 10