center_x = -11.029364640883983
center_y = -11.956406998158371
center_z = 13.709744014732948
size_x = 22
size_y = 22
size_z = 22
energy_range = 9
exhaustiveness = 32
num_modes = 10