center_x = -16.571288187372726
center_y = -14.357322810590633
center_z = 18.86516496945012
size_x = 22
size_y = 22
size_z = 22
energy_range = 9
exhaustiveness = 32
num_modes = 10