center_x = -24.80536666666665
center_y = -17.52513333333334
center_z = 26.31663958333333
size_x = 22
size_y = 22
size_z = 22
energy_range = 9
exhaustiveness = 32
num_modes = 10