center_x = -25.060383886255902
center_y = -15.358445497630326
center_z = 25.590791469194308
size_x = 22
size_y = 22
size_z = 22
energy_range = 9
exhaustiveness = 32
num_modes = 10