center_x = 70.77950741839764
center_y = 51.83586943620176
center_z = 22.05176557863501
size_x = 22
size_y = 22
size_z = 22
energy_range = 9
exhaustiveness = 32
num_modes = 10