center_x = 71.06585674157304
center_y = 56.2887303370787
center_z = 16.858713483146055
size_x = 22
size_y = 22
size_z = 22
energy_range = 9
exhaustiveness = 32
num_modes = 10