center_x = 71.22478545454545
center_y = 64.09205454545459
center_z = 6.746112727272726
size_x = 22
size_y = 22
size_z = 22
energy_range = 9
exhaustiveness = 32
num_modes = 10