center_x = 71.42583582089551
center_y = 53.89600746268658
center_z = 19.476589552238803
size_x = 22
size_y = 22
size_z = 22
energy_range = 9
exhaustiveness = 32
num_modes = 10