center_x = 71.02051755379388
center_y = 56.30746432616071
center_z = 16.380456398641
size_x = 22
size_y = 22
size_z = 22
energy_range = 9
exhaustiveness = 32
num_modes = 10