center_x = 71.24932558139534
center_y = 62.58438139534883
center_z = 7.707041860465113
size_x = 22
size_y = 22
size_z = 22
energy_range = 9
exhaustiveness = 32
num_modes = 10