center_x = 70.79488142292493
center_y = 54.86508300395255
center_z = 17.611956521739142
size_x = 22
size_y = 22
size_z = 22
energy_range = 9
exhaustiveness = 32
num_modes = 10