center_x = 71.31839920948617
center_y = 62.53358102766799
center_z = 7.684715415019759
size_x = 22
size_y = 22
size_z = 22
energy_range = 9
exhaustiveness = 32
num_modes = 10