center_x = 71.37999065420561
center_y = 62.70478037383175
center_z = 7.229537383177568
size_x = 22
size_y = 22
size_z = 22
energy_range = 9
exhaustiveness = 32
num_modes = 10