center_x = 71.53683980582525
center_y = 65.52027669902907
center_z = 3.775456310679615
size_x = 22
size_y = 22
size_z = 22
energy_range = 9
exhaustiveness = 32
num_modes = 10