center_x = 70.90613913043477
center_y = 57.658569565217405
center_z = 14.647626086956524
size_x = 22
size_y = 22
size_z = 22
energy_range = 9
exhaustiveness = 32
num_modes = 10