center_x = -18.951291338582674
center_y = -9.407031496062988
center_z = -4.800047244094488
size_x = 22
size_y = 22
size_z = 22
energy_range = 9
exhaustiveness = 32
num_modes = 10