center_x = -17.952999999999996
center_y = 15.004125
center_z = 12.10056944444444
size_x = 22
size_y = 22
size_z = 22
energy_range = 9
exhaustiveness = 32
num_modes = 10