center_x = -23.100359375000014
center_y = 11.5015390625
center_z = 10.540750000000006
size_x = 22
size_y = 22
size_z = 22
energy_range = 9
exhaustiveness = 32
num_modes = 10