center_x = -12.608852459016392
center_y = -15.435196721311474
center_z = 10.149008196721311
size_x = 22
size_y = 22
size_z = 22
energy_range = 9
exhaustiveness = 32
num_modes = 10