center_x = -5.464788321167885
center_y = 0.7677153284671532
center_z = -0.0498759124087589
size_x = 22
size_y = 22
size_z = 22
energy_range = 9
exhaustiveness = 32
num_modes = 10