center_x = -22.246499999999997
center_y = -0.8703870967741937
center_z = 8.44893548387097
size_x = 22
size_y = 22
size_z = 22
energy_range = 9
exhaustiveness = 32
num_modes = 10