center_x = -16.27124074074075
center_y = 7.508922222222221
center_z = 3.6046518518518536
size_x = 22
size_y = 22
size_z = 22
energy_range = 9
exhaustiveness = 32
num_modes = 10