center_x = 108.5104351851851
center_y = -26.95687962962963
center_z = 13.054379629629636
size_x = 22
size_y = 22
size_z = 22
energy_range = 9
exhaustiveness = 32
num_modes = 10