center_x = 111.8812708333333
center_y = -21.339791666666667
center_z = -14.385020833333334
size_x = 22
size_y = 22
size_z = 22
energy_range = 9
exhaustiveness = 32
num_modes = 10