center_x = 117.60021495327106
center_y = -35.875485981308415
center_z = -1.5609719626168237
size_x = 22
size_y = 22
size_z = 22
energy_range = 9
exhaustiveness = 32
num_modes = 10