center_x = 104.52072173913044
center_y = -6.1839130434782605
center_z = -1.4583304347826085
size_x = 22
size_y = 22
size_z = 22
energy_range = 9
exhaustiveness = 32
num_modes = 10