center_x = 113.671
center_y = -33.856750000000005
center_z = -5.309166666666666
size_x = 22
size_y = 22
size_z = 22
energy_range = 9
exhaustiveness = 32
num_modes = 10