center_x = 93.40556730769232
center_y = -14.616548076923078
center_z = 6.005951923076927
size_x = 22
size_y = 22
size_z = 22
energy_range = 9
exhaustiveness = 32
num_modes = 10