center_x = 115.59100735294112
center_y = -18.54473529411765
center_z = 16.894242647058814
size_x = 22
size_y = 22
size_z = 22
energy_range = 9
exhaustiveness = 32
num_modes = 10