center_x = 121.95432500000008
center_y = -31.10243333333333
center_z = -12.066783333333335
size_x = 22
size_y = 22
size_z = 22
energy_range = 9
exhaustiveness = 32
num_modes = 10