center_x = 106.28832835820896
center_y = -34.65813432835821
center_z = 11.690029850746267
size_x = 22
size_y = 22
size_z = 22
energy_range = 9
exhaustiveness = 32
num_modes = 10