center_x = 111.0655087719298
center_y = 0.911210526315789
center_z = -2.069780701754386
size_x = 22
size_y = 22
size_z = 22
energy_range = 9
exhaustiveness = 32
num_modes = 10