center_x = 99.45055813953488
center_y = -27.75640697674418
center_z = 14.36286046511628
size_x = 22
size_y = 22
size_z = 22
energy_range = 9
exhaustiveness = 32
num_modes = 10