center_x = 108.11134345351044
center_y = -12.428984819734335
center_z = -2.7854364326375696
size_x = 22
size_y = 22
size_z = 22
energy_range = 9
exhaustiveness = 32
num_modes = 10