center_x = 109.45748958333331
center_y = -23.60761458333333
center_z = -10.829739583333328
size_x = 22
size_y = 22
size_z = 22
energy_range = 9
exhaustiveness = 32
num_modes = 10