center_x = 113.39396
center_y = -3.30704
center_z = 7.777168000000003
size_x = 22
size_y = 22
size_z = 22
energy_range = 9
exhaustiveness = 32
num_modes = 10