center_x = 99.17699999999996
center_y = -27.955859813084125
center_z = 8.816373831775701
size_x = 22
size_y = 22
size_z = 22
energy_range = 9
exhaustiveness = 32
num_modes = 10