center_x = 103.33276363636368
center_y = -11.026054545454544
center_z = 19.238481818181825
size_x = 22
size_y = 22
size_z = 22
energy_range = 9
exhaustiveness = 32
num_modes = 10