center_x = 121.7511293103448
center_y = -24.649258620689658
center_z = 5.259844827586209
size_x = 22
size_y = 22
size_z = 22
energy_range = 9
exhaustiveness = 32
num_modes = 10