center_x = 120.68608571428568
center_y = -18.521171428571435
center_z = -4.993428571428571
size_x = 22
size_y = 22
size_z = 22
energy_range = 9
exhaustiveness = 32
num_modes = 10