center_x = 99.26456521739136
center_y = -25.55856521739131
center_z = 5.296902173913042
size_x = 22
size_y = 22
size_z = 22
energy_range = 9
exhaustiveness = 32
num_modes = 10