center_x = 106.63392500000002
center_y = -27.27785833333335
center_z = 4.077208333333332
size_x = 22
size_y = 22
size_z = 22
energy_range = 9
exhaustiveness = 32
num_modes = 10