center_x = 106.12941358024688
center_y = 9.635006172839509
center_z = 28.23603086419753
size_x = 22
size_y = 22
size_z = 22
energy_range = 9
exhaustiveness = 32
num_modes = 10