center_x = 85.81273949579834
center_y = 6.880873949579833
center_z = 46.03374789915965
size_x = 22
size_y = 22
size_z = 22
energy_range = 9
exhaustiveness = 32
num_modes = 10