center_x = 92.42733333333332
center_y = 3.4305151515151517
center_z = 51.73007575757575
size_x = 22
size_y = 22
size_z = 22
energy_range = 9
exhaustiveness = 32
num_modes = 10