center_x = 93.63240647482016
center_y = 8.372834532374103
center_z = 41.63258633093526
size_x = 22
size_y = 22
size_z = 22
energy_range = 9
exhaustiveness = 32
num_modes = 10