center_x = 104.65442512077291
center_y = 0.6304202898550728
center_z = 22.61241545893721
size_x = 22
size_y = 22
size_z = 22
energy_range = 9
exhaustiveness = 32
num_modes = 10