center_x = 98.23642028985508
center_y = 8.43976811594203
center_z = 44.82712318840576
size_x = 22
size_y = 22
size_z = 22
energy_range = 9
exhaustiveness = 32
num_modes = 10