center_x = 88.52390425531918
center_y = 13.587457446808507
center_z = 29.44832978723404
size_x = 22
size_y = 22
size_z = 22
energy_range = 9
exhaustiveness = 32
num_modes = 10