center_x = -13.24386021505376
center_y = -18.775150537634417
center_z = -10.00431182795699
size_x = 22
size_y = 22
size_z = 22
energy_range = 9
exhaustiveness = 32
num_modes = 10