center_x = -8.71556097560976
center_y = -2.800097560975608
center_z = -6.289219512195125
size_x = 22
size_y = 22
size_z = 22
energy_range = 9
exhaustiveness = 32
num_modes = 10