center_x = -8.234695238095243
center_y = -31.10988571428572
center_z = -15.172990476190485
size_x = 22
size_y = 22
size_z = 22
energy_range = 9
exhaustiveness = 32
num_modes = 10