center_x = -14.74423333333333
center_y = -26.28571111111111
center_z = -7.879222222222222
size_x = 22
size_y = 22
size_z = 22
energy_range = 9
exhaustiveness = 32
num_modes = 10