center_x = -9.9795985915493
center_y = -13.049169014084502
center_z = -6.912063380281694
size_x = 22
size_y = 22
size_z = 22
energy_range = 9
exhaustiveness = 32
num_modes = 10