center_x = -29.216124223602478
center_y = -3.782919254658386
center_z = -23.62434782608696
size_x = 22
size_y = 22
size_z = 22
energy_range = 9
exhaustiveness = 32
num_modes = 10