center_x = -28.49257462686566
center_y = -6.043171641791044
center_z = -30.192679104477616
size_x = 22
size_y = 22
size_z = 22
energy_range = 9
exhaustiveness = 32
num_modes = 10