center_x = -20.43570588235293
center_y = -6.427781512605038
center_z = -39.17428571428571
size_x = 22
size_y = 22
size_z = 22
energy_range = 9
exhaustiveness = 32
num_modes = 10