center_x = 0.7757934782608696
center_y = -10.872478260869563
center_z = -38.75354347826086
size_x = 22
size_y = 22
size_z = 22
energy_range = 9
exhaustiveness = 32
num_modes = 10