center_x = -2.6402727272727287
center_y = 4.935409090909091
center_z = -22.80290151515151
size_x = 22
size_y = 22
size_z = 22
energy_range = 9
exhaustiveness = 32
num_modes = 10