center_x = -13.473071240105543
center_y = -14.337583113456446
center_z = -25.46621635883907
size_x = 22
size_y = 22
size_z = 22
energy_range = 9
exhaustiveness = 32
num_modes = 10