center_x = 9.085548672566372
center_y = -19.70709734513273
center_z = -34.607070796460185
size_x = 22
size_y = 22
size_z = 22
energy_range = 9
exhaustiveness = 32
num_modes = 10