center_x = -20.30338144329896
center_y = 0.5291752577319587
center_z = -37.25476288659796
size_x = 22
size_y = 22
size_z = 22
energy_range = 9
exhaustiveness = 32
num_modes = 10