center_x = -12.527681415929203
center_y = -10.002353982300882
center_z = -40.3120796460177
size_x = 22
size_y = 22
size_z = 22
energy_range = 9
exhaustiveness = 32
num_modes = 10