center_x = -6.849243243243243
center_y = -13.40285585585586
center_z = -14.680423423423424
size_x = 22
size_y = 22
size_z = 22
energy_range = 9
exhaustiveness = 32
num_modes = 10