center_x = 3.687915789473689
center_y = -4.773389473684206
center_z = -28.16064736842106
size_x = 22
size_y = 22
size_z = 22
energy_range = 9
exhaustiveness = 32
num_modes = 10