center_x = 2.319081632653061
center_y = -18.590714285714288
center_z = -38.0454761904762
size_x = 22
size_y = 22
size_z = 22
energy_range = 9
exhaustiveness = 32
num_modes = 10