center_x = 9.131659793814432
center_y = -17.67475257731959
center_z = -24.917701030927837
size_x = 22
size_y = 22
size_z = 22
energy_range = 9
exhaustiveness = 32
num_modes = 10