center_x = -15.95148148148148
center_y = -4.142407407407406
center_z = -26.947967078189297
size_x = 22
size_y = 22
size_z = 22
energy_range = 9
exhaustiveness = 32
num_modes = 10