center_x = -25.13035135135136
center_y = 4.415695945945946
center_z = -28.35926351351352
size_x = 22
size_y = 22
size_z = 22
energy_range = 9
exhaustiveness = 32
num_modes = 10