center_x = 6.226753086419754
center_y = -4.785820987654321
center_z = -13.538086419753082
size_x = 22
size_y = 22
size_z = 22
energy_range = 9
exhaustiveness = 32
num_modes = 10