center_x = 5.408751824817516
center_y = -0.216131386861314
center_z = -19.39101459854014
size_x = 22
size_y = 22
size_z = 22
energy_range = 9
exhaustiveness = 32
num_modes = 10