center_x = -18.98653932584269
center_y = -17.01510112359551
center_z = -21.46376404494382
size_x = 22
size_y = 22
size_z = 22
energy_range = 9
exhaustiveness = 32
num_modes = 10