center_x = 54.806859756097566
center_y = 28.26786890243902
center_z = 23.329231707317074
size_x = 22
size_y = 22
size_z = 22
energy_range = 9
exhaustiveness = 32
num_modes = 10