center_x = 56.44827131782944
center_y = 27.267162790697675
center_z = 34.82623255813952
size_x = 22
size_y = 22
size_z = 22
energy_range = 9
exhaustiveness = 32
num_modes = 10