center_x = 59.21361794871792
center_y = 16.438994871794886
center_z = 20.283789743589736
size_x = 22
size_y = 22
size_z = 22
energy_range = 9
exhaustiveness = 32
num_modes = 10