center_x = 66.51743189368769
center_y = 13.67623920265781
center_z = 12.249654485049849
size_x = 22
size_y = 22
size_z = 22
energy_range = 9
exhaustiveness = 32
num_modes = 10