center_x = 58.25859036144578
center_y = 16.39080321285141
center_z = 31.300827309236958
size_x = 22
size_y = 22
size_z = 22
energy_range = 9
exhaustiveness = 32
num_modes = 10