center_x = 36.88592307692308
center_y = 24.11875000000001
center_z = 21.86522115384616
size_x = 22
size_y = 22
size_z = 22
energy_range = 9
exhaustiveness = 32
num_modes = 10