center_x = 58.79571264367817
center_y = 11.733850574712635
center_z = 17.477224137931035
size_x = 22
size_y = 22
size_z = 22
energy_range = 9
exhaustiveness = 32
num_modes = 10