center_x = 58.32520930232557
center_y = -7.566941860465114
center_z = 32.77243023255812
size_x = 22
size_y = 22
size_z = 22
energy_range = 9
exhaustiveness = 32
num_modes = 10