center_x = 70.66690196078434
center_y = 20.721514705882345
center_z = 25.58683333333333
size_x = 22
size_y = 22
size_z = 22
energy_range = 9
exhaustiveness = 32
num_modes = 10