center_x = 66.63739885496184
center_y = 17.847679389312983
center_z = 16.556320610687024
size_x = 22
size_y = 22
size_z = 22
energy_range = 9
exhaustiveness = 32
num_modes = 10