center_x = 66.83240000000002
center_y = 26.41881690140844
center_z = 17.50100845070422
size_x = 22
size_y = 22
size_z = 22
energy_range = 9
exhaustiveness = 32
num_modes = 10