center_x = 31.620152777777783
center_y = 21.24631944444444
center_z = 17.63451388888889
size_x = 22
size_y = 22
size_z = 22
energy_range = 9
exhaustiveness = 32
num_modes = 10