center_x = 71.30353750000003
center_y = 23.079349999999994
center_z = 21.172243750000007
size_x = 22
size_y = 22
size_z = 22
energy_range = 9
exhaustiveness = 32
num_modes = 10