center_x = 68.25566346153843
center_y = 23.786339743589743
center_z = 19.96671153846154
size_x = 22
size_y = 22
size_z = 22
energy_range = 9
exhaustiveness = 32
num_modes = 10