center_x = 53.27068835616439
center_y = 23.35414383561645
center_z = 20.192202054794503
size_x = 22
size_y = 22
size_z = 22
energy_range = 9
exhaustiveness = 32
num_modes = 10