center_x = 57.23103409090909
center_y = 26.45212500000001
center_z = 17.913039772727277
size_x = 22
size_y = 22
size_z = 22
energy_range = 9
exhaustiveness = 32
num_modes = 10