center_x = 61.90703333333331
center_y = 22.59016666666664
center_z = 19.49239166666668
size_x = 22
size_y = 22
size_z = 22
energy_range = 9
exhaustiveness = 32
num_modes = 10