center_x = 57.30293650793649
center_y = 8.165534391534393
center_z = 17.825264550264553
size_x = 22
size_y = 22
size_z = 22
energy_range = 9
exhaustiveness = 32
num_modes = 10