center_x = 52.5906447368421
center_y = 22.431888157894743
center_z = 20.616940789473684
size_x = 22
size_y = 22
size_z = 22
energy_range = 9
exhaustiveness = 32
num_modes = 10