center_x = 59.284559808612485
center_y = 12.832746411483257
center_z = 13.220311004784689
size_x = 22
size_y = 22
size_z = 22
energy_range = 9
exhaustiveness = 32
num_modes = 10