center_x = 62.68688888888886
center_y = 18.65763218390805
center_z = 16.65106513409961
size_x = 22
size_y = 22
size_z = 22
energy_range = 9
exhaustiveness = 32
num_modes = 10