center_x = 66.74242585551333
center_y = 20.26123954372623
center_z = 21.99930038022814
size_x = 22
size_y = 22
size_z = 22
energy_range = 9
exhaustiveness = 32
num_modes = 10