center_x = 64.29834955752213
center_y = 6.289176991150444
center_z = 22.692871681415948
size_x = 22
size_y = 22
size_z = 22
energy_range = 9
exhaustiveness = 32
num_modes = 10