center_x = 68.0153319327731
center_y = 17.21521848739496
center_z = 24.12913865546217
size_x = 22
size_y = 22
size_z = 22
energy_range = 9
exhaustiveness = 32
num_modes = 10