center_x = 51.998143589743606
center_y = 20.827643589743584
center_z = 32.93535641025642
size_x = 22
size_y = 22
size_z = 22
energy_range = 9
exhaustiveness = 32
num_modes = 10