center_x = 67.64239500000002
center_y = 15.142920000000002
center_z = 31.797104999999988
size_x = 22
size_y = 22
size_z = 22
energy_range = 9
exhaustiveness = 32
num_modes = 10