center_x = 60.11563128491621
center_y = 21.13946089385474
center_z = 22.81141061452516
size_x = 22
size_y = 22
size_z = 22
energy_range = 9
exhaustiveness = 32
num_modes = 10