center_x = 69.43310617283962
center_y = 18.657022222222228
center_z = 18.142750617283955
size_x = 22
size_y = 22
size_z = 22
energy_range = 9
exhaustiveness = 32
num_modes = 10