center_x = 55.91270270270269
center_y = 29.716558558558557
center_z = 30.14383783783785
size_x = 22
size_y = 22
size_z = 22
energy_range = 9
exhaustiveness = 32
num_modes = 10