center_x = 59.84746907216495
center_y = 17.353670103092792
center_z = 22.298886597938147
size_x = 22
size_y = 22
size_z = 22
energy_range = 9
exhaustiveness = 32
num_modes = 10