center_x = 6.842671428571422
center_y = 69.83290357142856
center_z = -3.7635785714285737
size_x = 22
size_y = 22
size_z = 22
energy_range = 9
exhaustiveness = 32
num_modes = 10