center_x = 0.5490740740740742
center_y = 73.88472839506173
center_z = -6.6987530864197495
size_x = 22
size_y = 22
size_z = 22
energy_range = 9
exhaustiveness = 32
num_modes = 10