center_x = 3.5314
center_y = 67.49905555555553
center_z = -2.38681111111111
size_x = 22
size_y = 22
size_z = 22
energy_range = 9
exhaustiveness = 32
num_modes = 10