center_x = 12.147790476190474
center_y = 58.64250476190479
center_z = 3.092304761904762
size_x = 22
size_y = 22
size_z = 22
energy_range = 9
exhaustiveness = 32
num_modes = 10