center_x = -9.078905511811024
center_y = 60.64119685039373
center_z = 13.434795275590549
size_x = 22
size_y = 22
size_z = 22
energy_range = 9
exhaustiveness = 32
num_modes = 10