center_x = 11.70329535864979
center_y = 14.621202531645578
center_z = 15.033008438818564
size_x = 22
size_y = 22
size_z = 22
energy_range = 9
exhaustiveness = 32
num_modes = 10