center_x = 64.83995294117646
center_y = 215.66877647058828
center_z = 36.93532941176469
size_x = 22
size_y = 22
size_z = 22
energy_range = 9
exhaustiveness = 32
num_modes = 10