center_x = 77.52194680851066
center_y = 215.76955319148936
center_z = 63.08350000000002
size_x = 22
size_y = 22
size_z = 22
energy_range = 9
exhaustiveness = 32
num_modes = 10