center_x = 63.75615254237288
center_y = 200.09229661016957
center_z = 60.15493220338983
size_x = 22
size_y = 22
size_z = 22
energy_range = 9
exhaustiveness = 32
num_modes = 10