center_x = 78.99026119402986
center_y = 210.34952985074628
center_z = 34.56373134328358
size_x = 22
size_y = 22
size_z = 22
energy_range = 9
exhaustiveness = 32
num_modes = 10