center_x = 75.16621505376345
center_y = 202.68587096774183
center_z = 27.944451612903222
size_x = 22
size_y = 22
size_z = 22
energy_range = 9
exhaustiveness = 32
num_modes = 10