center_x = 53.67498113207546
center_y = 201.31381132075475
center_z = 41.7545754716981
size_x = 22
size_y = 22
size_z = 22
energy_range = 9
exhaustiveness = 32
num_modes = 10