center_x = 70.04526717557252
center_y = 194.1880381679389
center_z = 37.92777862595421
size_x = 22
size_y = 22
size_z = 22
energy_range = 9
exhaustiveness = 32
num_modes = 10