center_x = 68.49459259259254
center_y = 210.58544444444453
center_z = 49.314976851851846
size_x = 22
size_y = 22
size_z = 22
energy_range = 9
exhaustiveness = 32
num_modes = 10