center_x = 79.80170247933883
center_y = 198.5181157024793
center_z = 36.70577685950414
size_x = 22
size_y = 22
size_z = 22
energy_range = 9
exhaustiveness = 32
num_modes = 10