center_x = 53.54154304635761
center_y = 210.239119205298
center_z = 31.924827814569525
size_x = 22
size_y = 22
size_z = 22
energy_range = 9
exhaustiveness = 32
num_modes = 10