center_x = -21.12132222222221
center_y = 33.15336666666664
center_z = -11.093062962962954
size_x = 22
size_y = 22
size_z = 22
energy_range = 9
exhaustiveness = 32
num_modes = 10