center_x = -14.434036363636372
center_y = 33.29268727272725
center_z = -7.949178181818178
size_x = 22
size_y = 22
size_z = 22
energy_range = 9
exhaustiveness = 32
num_modes = 10