center_x = -4.4939793814433004
center_y = 11.808298969072164
center_z = -65.63919587628867
size_x = 22
size_y = 22
size_z = 22
energy_range = 9
exhaustiveness = 32
num_modes = 10