center_x = 2.7916206896551725
center_y = -8.18080459770115
center_z = -40.33696551724139
size_x = 22
size_y = 22
size_z = 22
energy_range = 9
exhaustiveness = 32
num_modes = 10