center_x = -6.528108108108109
center_y = 10.216337837837838
center_z = -45.66045945945944
size_x = 22
size_y = 22
size_z = 22
energy_range = 9
exhaustiveness = 32
num_modes = 10