center_x = 0.8038507462686564
center_y = 16.481328358208955
center_z = -15.57110447761194
size_x = 22
size_y = 22
size_z = 22
energy_range = 9
exhaustiveness = 32
num_modes = 10