center_x = 5.045117647058823
center_y = 5.51801680672269
center_z = -29.125285714285727
size_x = 22
size_y = 22
size_z = 22
energy_range = 9
exhaustiveness = 32
num_modes = 10