center_x = -12.286543307086616
center_y = 15.185007874015744
center_z = -10.538165354330712
size_x = 22
size_y = 22
size_z = 22
energy_range = 9
exhaustiveness = 32
num_modes = 10