center_x = -5.973025641025642
center_y = -3.715717948717951
center_z = -10.36691025641026
size_x = 22
size_y = 22
size_z = 22
energy_range = 9
exhaustiveness = 32
num_modes = 10