center_x = -6.393414634146341
center_y = 8.401048780487798
center_z = -59.39057723577237
size_x = 22
size_y = 22
size_z = 22
energy_range = 9
exhaustiveness = 32
num_modes = 10