center_x = 9.094258823529406
center_y = 8.327600000000002
center_z = -52.88125882352941
size_x = 22
size_y = 22
size_z = 22
energy_range = 9
exhaustiveness = 32
num_modes = 10