center_x = -3.773423529411763
center_y = 4.834705882352941
center_z = -55.53934117647056
size_x = 22
size_y = 22
size_z = 22
energy_range = 9
exhaustiveness = 32
num_modes = 10