center_x = 2.9157669902912606
center_y = 3.741126213592232
center_z = -13.349223300970872
size_x = 22
size_y = 22
size_z = 22
energy_range = 9
exhaustiveness = 32
num_modes = 10