center_x = -15.494881873727095
center_y = -0.7921221995926696
center_z = -13.18210590631366
size_x = 22
size_y = 22
size_z = 22
energy_range = 9
exhaustiveness = 32
num_modes = 10