center_x = -14.349087837837835
center_y = 11.074385135135136
center_z = -27.10843243243243
size_x = 22
size_y = 22
size_z = 22
energy_range = 9
exhaustiveness = 32
num_modes = 10