center_x = -7.3499230769230754
center_y = -9.871384615384615
center_z = -9.859346153846152
size_x = 22
size_y = 22
size_z = 22
energy_range = 9
exhaustiveness = 32
num_modes = 10