center_x = -19.51749645390071
center_y = 10.58250354609929
center_z = -20.90424113475177
size_x = 22
size_y = 22
size_z = 22
energy_range = 9
exhaustiveness = 32
num_modes = 10