center_x = -11.34011475409836
center_y = 17.886475409836066
center_z = -23.13245901639344
size_x = 22
size_y = 22
size_z = 22
energy_range = 9
exhaustiveness = 32
num_modes = 10