center_x = -0.953653846153846
center_y = 11.771071428571432
center_z = -29.29660439560439
size_x = 22
size_y = 22
size_z = 22
energy_range = 9
exhaustiveness = 32
num_modes = 10