center_x = 2.197944915254238
center_y = 0.7463855932203386
center_z = -46.808283898305056
size_x = 22
size_y = 22
size_z = 22
energy_range = 9
exhaustiveness = 32
num_modes = 10