center_x = -14.292320754716986
center_y = 9.881141509433968
center_z = -52.58964150943396
size_x = 22
size_y = 22
size_z = 22
energy_range = 9
exhaustiveness = 32
num_modes = 10