center_x = 4.797250000000001
center_y = -5.842425925925926
center_z = -34.18017592592592
size_x = 22
size_y = 22
size_z = 22
energy_range = 9
exhaustiveness = 32
num_modes = 10