center_x = -26.959923913043465
center_y = 3.6147826086956494
center_z = 3.301891304347827
size_x = 22
size_y = 22
size_z = 22
energy_range = 9
exhaustiveness = 32
num_modes = 10