center_x = -42.69163888888887
center_y = -28.794020833333345
center_z = 10.893177083333343
size_x = 22
size_y = 22
size_z = 22
energy_range = 9
exhaustiveness = 32
num_modes = 10