center_x = -38.14970270270271
center_y = -35.604090090090075
center_z = 12.919171171171175
size_x = 22
size_y = 22
size_z = 22
energy_range = 9
exhaustiveness = 32
num_modes = 10