center_x = -59.59618652849742
center_y = -29.338383419689137
center_z = -6.7217616580310935
size_x = 22
size_y = 22
size_z = 22
energy_range = 9
exhaustiveness = 32
num_modes = 10