center_x = -33.96503125
center_y = -17.5088984375
center_z = 1.8293906249999996
size_x = 22
size_y = 22
size_z = 22
energy_range = 9
exhaustiveness = 32
num_modes = 10