center_x = -43.065528634361264
center_y = -15.96462995594714
center_z = 9.509982378854628
size_x = 22
size_y = 22
size_z = 22
energy_range = 9
exhaustiveness = 32
num_modes = 10