center_x = -33.61657317073171
center_y = -25.89518292682926
center_z = 12.884750000000006
size_x = 22
size_y = 22
size_z = 22
energy_range = 9
exhaustiveness = 32
num_modes = 10