center_x = -37.16698019801979
center_y = -29.84246534653465
center_z = 20.402158415841587
size_x = 22
size_y = 22
size_z = 22
energy_range = 9
exhaustiveness = 32
num_modes = 10