center_x = -48.67802145922743
center_y = -23.246446351931333
center_z = 9.972326180257504
size_x = 22
size_y = 22
size_z = 22
energy_range = 9
exhaustiveness = 32
num_modes = 10