center_x = -49.18330188679244
center_y = -17.34578301886792
center_z = -16.213245283018868
size_x = 22
size_y = 22
size_z = 22
energy_range = 9
exhaustiveness = 32
num_modes = 10