center_x = -57.31891477272727
center_y = -24.103704545454526
center_z = 1.5409715909090913
size_x = 22
size_y = 22
size_z = 22
energy_range = 9
exhaustiveness = 32
num_modes = 10