center_x = -43.78591608391607
center_y = -34.442685314685306
center_z = -9.1850979020979
size_x = 22
size_y = 22
size_z = 22
energy_range = 9
exhaustiveness = 32
num_modes = 10