center_x = -9.620383333333336
center_y = 14.123433333333333
center_z = 4.542958333333333
size_x = 22
size_y = 22
size_z = 22
energy_range = 9
exhaustiveness = 32
num_modes = 10