center_x = -3.816530516431926
center_y = 10.86998122065728
center_z = 28.03760093896713
size_x = 22
size_y = 22
size_z = 22
energy_range = 9
exhaustiveness = 32
num_modes = 10