center_x = -0.9300223880597012
center_y = 18.039470149253734
center_z = 21.28724626865672
size_x = 22
size_y = 22
size_z = 22
energy_range = 9
exhaustiveness = 32
num_modes = 10