center_x = -19.546518518518525
center_y = 20.254222222222232
center_z = 19.33960185185186
size_x = 22
size_y = 22
size_z = 22
energy_range = 9
exhaustiveness = 32
num_modes = 10