center_x = -4.750091603053436
center_y = 12.055083969465652
center_z = 9.080732824427477
size_x = 22
size_y = 22
size_z = 22
energy_range = 9
exhaustiveness = 32
num_modes = 10