center_x = -7.475629629629633
center_y = -5.97124074074074
center_z = 16.23600925925926
size_x = 22
size_y = 22
size_z = 22
energy_range = 9
exhaustiveness = 32
num_modes = 10