center_x = -19.505959183673472
center_y = 22.25939795918368
center_z = 23.92114285714286
size_x = 22
size_y = 22
size_z = 22
energy_range = 9
exhaustiveness = 32
num_modes = 10