center_x = -8.231392857142856
center_y = 0.576375
center_z = 33.41253571428572
size_x = 22
size_y = 22
size_z = 22
energy_range = 9
exhaustiveness = 32
num_modes = 10