center_x = -2.4494965986394552
center_y = -6.62320408163265
center_z = 26.361761904761902
size_x = 22
size_y = 22
size_z = 22
energy_range = 9
exhaustiveness = 32
num_modes = 10