center_x = 28.99150925925926
center_y = 24.330240740740745
center_z = 26.9505462962963
size_x = 22
size_y = 22
size_z = 22
energy_range = 9
exhaustiveness = 32
num_modes = 10