center_x = 22.72750806451612
center_y = 3.0959838709677423
center_z = 3.653145161290322
size_x = 22
size_y = 22
size_z = 22
energy_range = 9
exhaustiveness = 32
num_modes = 10