center_x = 22.645414285714285
center_y = 28.41907142857144
center_z = 21.844700000000007
size_x = 22
size_y = 22
size_z = 22
energy_range = 9
exhaustiveness = 32
num_modes = 10