center_x = 16.073600000000006
center_y = 29.831820000000008
center_z = -6.4887000000000015
size_x = 22
size_y = 22
size_z = 22
energy_range = 9
exhaustiveness = 32
num_modes = 10