center_x = -10.41415942028986
center_y = 9.793036231884052
center_z = 16.72873188405797
size_x = 22
size_y = 22
size_z = 22
energy_range = 9
exhaustiveness = 32
num_modes = 10