center_x = -10.241371980676329
center_y = -0.1038599033816429
center_z = 13.336826086956522
size_x = 22
size_y = 22
size_z = 22
energy_range = 9
exhaustiveness = 32
num_modes = 10