center_x = 17.85195744680851
center_y = 9.12858865248227
center_z = -2.6294680851063825
size_x = 22
size_y = 22
size_z = 22
energy_range = 9
exhaustiveness = 32
num_modes = 10