center_x = 6.968752613240414
center_y = 14.687545296167247
center_z = 26.571752613240424
size_x = 22
size_y = 22
size_z = 22
energy_range = 9
exhaustiveness = 32
num_modes = 10