center_x = 27.10298154981552
center_y = 19.337808118081185
center_z = 10.01880073800738
size_x = 22
size_y = 22
size_z = 22
energy_range = 9
exhaustiveness = 32
num_modes = 10