center_x = -0.6673423423423424
center_y = 1.184009009009009
center_z = 7.567333333333336
size_x = 22
size_y = 22
size_z = 22
energy_range = 9
exhaustiveness = 32
num_modes = 10