center_x = -12.783210191082809
center_y = 2.949643312101911
center_z = 24.52199363057325
size_x = 22
size_y = 22
size_z = 22
energy_range = 9
exhaustiveness = 32
num_modes = 10