center_x = 30.33601807228916
center_y = 23.818909638554217
center_z = 18.66976506024097
size_x = 22
size_y = 22
size_z = 22
energy_range = 9
exhaustiveness = 32
num_modes = 10