center_x = 18.900213483146057
center_y = 11.02634831460674
center_z = 36.722033707865165
size_x = 22
size_y = 22
size_z = 22
energy_range = 9
exhaustiveness = 32
num_modes = 10