center_x = -13.81626041666667
center_y = -3.6004687499999988
center_z = 21.94645833333333
size_x = 22
size_y = 22
size_z = 22
energy_range = 9
exhaustiveness = 32
num_modes = 10