center_x = 31.797191780821915
center_y = 14.269794520547944
center_z = 25.95645205479452
size_x = 22
size_y = 22
size_z = 22
energy_range = 9
exhaustiveness = 32
num_modes = 10