center_x = 6.730709923664124
center_y = -0.1903816793893125
center_z = 6.187801526717556
size_x = 22
size_y = 22
size_z = 22
energy_range = 9
exhaustiveness = 32
num_modes = 10