center_x = 13.697077922077929
center_y = 27.660461038961035
center_z = 0.9744999999999996
size_x = 22
size_y = 22
size_z = 22
energy_range = 9
exhaustiveness = 32
num_modes = 10