center_x = -2.267821428571428
center_y = 7.946758928571426
center_z = 13.892901785714292
size_x = 22
size_y = 22
size_z = 22
energy_range = 9
exhaustiveness = 32
num_modes = 10