center_x = -4.22044
center_y = 4.08736
center_z = 34.83510999999999
size_x = 22
size_y = 22
size_z = 22
energy_range = 9
exhaustiveness = 32
num_modes = 10