center_x = 7.72677857142857
center_y = 14.534321428571433
center_z = 36.616214285714285
size_x = 22
size_y = 22
size_z = 22
energy_range = 9
exhaustiveness = 32
num_modes = 10