center_x = 11.848080536912756
center_y = 17.930761744966436
center_z = 3.6516610738255033
size_x = 22
size_y = 22
size_z = 22
energy_range = 9
exhaustiveness = 32
num_modes = 10