center_x = 22.71119540229885
center_y = 0.2884367816091954
center_z = 17.509057471264363
size_x = 22
size_y = 22
size_z = 22
energy_range = 9
exhaustiveness = 32
num_modes = 10