center_x = -1.4608197692436271e-16
center_y = 6.135443030823234e-17
center_z = 1.4608197692436271e-16
size_x = 22
size_y = 22
size_z = 22
energy_range = 9
exhaustiveness = 32
num_modes = 10