center_x = 3.712871287137208e-05
center_y = -0.0020742574257427
center_z = -0.0023688118811885
size_x = 22
size_y = 22
size_z = 22
energy_range = 9
exhaustiveness = 32
num_modes = 10