center_x = -5.258951169277057e-17
center_y = 1.3439541877041366e-16
center_z = 5.1859101808148754e-17
size_x = 22
size_y = 22
size_z = 22
energy_range = 9
exhaustiveness = 32
num_modes = 10