center_x = 1.6666666672489802e-06
center_y = 2.9605947323337513e-18
center_z = -3.11972669919669e-16
size_x = 22
size_y = 22
size_z = 22
energy_range = 9
exhaustiveness = 32
num_modes = 10