center_x = 1.666666667059502e-06
center_y = 9.769962616701378e-17
center_z = -3.59342185637009e-16
size_x = 22
size_y = 22
size_z = 22
energy_range = 9
exhaustiveness = 32
num_modes = 10