center_x = 0.001420955882353
center_y = 0.0015900735294116
center_z = 0.0001783088235294
size_x = 22
size_y = 22
size_z = 22
energy_range = 9
exhaustiveness = 32
num_modes = 10