center_x = -1.4608197692436271e-16
center_y = 2.2788788400200583e-16
center_z = 1.2197845073184282e-16
size_x = 22
size_y = 22
size_z = 22
energy_range = 9
exhaustiveness = 32
num_modes = 10