center_x = -30.18973372781066
center_y = 11.13085798816568
center_z = 38.22297041420117
size_x = 22
size_y = 22
size_z = 22
energy_range = 9
exhaustiveness = 32
num_modes = 10