center_x = -20.815499999999997
center_y = 5.587295597484275
center_z = 33.05194025157231
size_x = 22
size_y = 22
size_z = 22
energy_range = 9
exhaustiveness = 32
num_modes = 10