center_x = -16.138973821989527
center_y = 2.443549738219896
center_z = 25.55524083769634
size_x = 22
size_y = 22
size_z = 22
energy_range = 9
exhaustiveness = 32
num_modes = 10