center_x = -36.93227419354839
center_y = -10.647204301075272
center_z = 26.7056129032258
size_x = 22
size_y = 22
size_z = 22
energy_range = 9
exhaustiveness = 32
num_modes = 10