center_x = -25.60585483870967
center_y = 18.271475806451605
center_z = 25.960399193548373
size_x = 22
size_y = 22
size_z = 22
energy_range = 9
exhaustiveness = 32
num_modes = 10