center_x = -23.37979783393504
center_y = 25.845000000000017
center_z = 34.00476534296027
size_x = 22
size_y = 22
size_z = 22
energy_range = 9
exhaustiveness = 32
num_modes = 10