center_x = -20.597044585987277
center_y = 10.50094267515924
center_z = 27.55087898089172
size_x = 22
size_y = 22
size_z = 22
energy_range = 9
exhaustiveness = 32
num_modes = 10