center_x = -29.320956521739163
center_y = 7.920146739130425
center_z = 23.663644021739135
size_x = 22
size_y = 22
size_z = 22
energy_range = 9
exhaustiveness = 32
num_modes = 10