center_x = -29.0399035812672
center_y = 17.359584022038565
center_z = 26.74465013774105
size_x = 22
size_y = 22
size_z = 22
energy_range = 9
exhaustiveness = 32
num_modes = 10