center_x = -11.316787671232872
center_y = 3.831691780821916
center_z = 36.88387671232877
size_x = 22
size_y = 22
size_z = 22
energy_range = 9
exhaustiveness = 32
num_modes = 10