center_x = -28.843987288135597
center_y = 17.912703389830504
center_z = 31.93654661016948
size_x = 22
size_y = 22
size_z = 22
energy_range = 9
exhaustiveness = 32
num_modes = 10