center_x = -18.823616724738677
center_y = 7.125027874564462
center_z = 28.54332752613242
size_x = 22
size_y = 22
size_z = 22
energy_range = 9
exhaustiveness = 32
num_modes = 10