center_x = -36.218509803921584
center_y = 10.36609803921568
center_z = 33.313437908496724
size_x = 22
size_y = 22
size_z = 22
energy_range = 9
exhaustiveness = 32
num_modes = 10