center_x = -34.6276963562753
center_y = 9.215311740890687
center_z = 36.89095546558705
size_x = 22
size_y = 22
size_z = 22
energy_range = 9
exhaustiveness = 32
num_modes = 10