center_x = -35.62650581395351
center_y = 12.388575581395347
center_z = 33.042197674418624
size_x = 22
size_y = 22
size_z = 22
energy_range = 9
exhaustiveness = 32
num_modes = 10