center_x = -28.237503546099298
center_y = 24.368404255319145
center_z = 34.50034042553191
size_x = 22
size_y = 22
size_z = 22
energy_range = 9
exhaustiveness = 32
num_modes = 10