center_x = -18.36071111111111
center_y = 27.18947777777777
center_z = 58.59712222222226
size_x = 22
size_y = 22
size_z = 22
energy_range = 9
exhaustiveness = 32
num_modes = 10