center_x = -33.03290625000002
center_y = 14.30054464285714
center_z = 27.62676339285713
size_x = 22
size_y = 22
size_z = 22
energy_range = 9
exhaustiveness = 32
num_modes = 10