center_x = -29.66937162162163
center_y = 19.825074324324333
center_z = 45.86198648648649
size_x = 22
size_y = 22
size_z = 22
energy_range = 9
exhaustiveness = 32
num_modes = 10