center_x = -21.94153990610328
center_y = 14.101788732394358
center_z = 31.62228638497653
size_x = 22
size_y = 22
size_z = 22
energy_range = 9
exhaustiveness = 32
num_modes = 10