center_x = -23.374288671023965
center_y = 11.32659912854031
center_z = 29.748622004357284
size_x = 22
size_y = 22
size_z = 22
energy_range = 9
exhaustiveness = 32
num_modes = 10