center_x = -22.651845454545462
center_y = 42.022881818181816
center_z = 48.972545454545454
size_x = 22
size_y = 22
size_z = 22
energy_range = 9
exhaustiveness = 32
num_modes = 10