center_x = -13.972247422680416
center_y = 35.57802061855672
center_z = 53.485659793814406
size_x = 22
size_y = 22
size_z = 22
energy_range = 9
exhaustiveness = 32
num_modes = 10