center_x = -27.177146496815293
center_y = 4.716808917197452
center_z = 13.680719745222934
size_x = 22
size_y = 22
size_z = 22
energy_range = 9
exhaustiveness = 32
num_modes = 10