center_x = -22.24299610894941
center_y = 6.399167315175098
center_z = 13.80042412451362
size_x = 22
size_y = 22
size_z = 22
energy_range = 9
exhaustiveness = 32
num_modes = 10