center_x = -30.705859813084107
center_y = 27.777056074766342
center_z = 43.31325233644859
size_x = 22
size_y = 22
size_z = 22
energy_range = 9
exhaustiveness = 32
num_modes = 10