center_x = -22.29245217391303
center_y = -51.1039304347826
center_z = -21.206365217391305
size_x = 22
size_y = 22
size_z = 22
energy_range = 9
exhaustiveness = 32
num_modes = 10