center_x = -27.55887421383647
center_y = -36.97642138364782
center_z = -8.233786163522012
size_x = 22
size_y = 22
size_z = 22
energy_range = 9
exhaustiveness = 32
num_modes = 10