center_x = -26.28840625
center_y = -47.581225
center_z = -23.47005000000001
size_x = 22
size_y = 22
size_z = 22
energy_range = 9
exhaustiveness = 32
num_modes = 10