center_x = -15.66260683760684
center_y = -20.01223931623932
center_z = -7.215512820512818
size_x = 22
size_y = 22
size_z = 22
energy_range = 9
exhaustiveness = 32
num_modes = 10