center_x = 10.233013605442174
center_y = -20.126802721088435
center_z = -2.8119659863945583
size_x = 22
size_y = 22
size_z = 22
energy_range = 9
exhaustiveness = 32
num_modes = 10