center_x = -11.423883116883117
center_y = -52.390753246753256
center_z = -8.605467532467532
size_x = 22
size_y = 22
size_z = 22
energy_range = 9
exhaustiveness = 32
num_modes = 10