center_x = 0.650568
center_y = -31.84220800000001
center_z = -19.83452800000001
size_x = 22
size_y = 22
size_z = 22
energy_range = 9
exhaustiveness = 32
num_modes = 10