center_x = -7.15023571428571
center_y = -34.29384047619046
center_z = -15.25841428571428
size_x = 22
size_y = 22
size_z = 22
energy_range = 9
exhaustiveness = 32
num_modes = 10