center_x = -22.369899159663877
center_y = -23.525743697478998
center_z = -13.458235294117657
size_x = 22
size_y = 22
size_z = 22
energy_range = 9
exhaustiveness = 32
num_modes = 10