center_x = -18.513144329896903
center_y = -28.804505154639184
center_z = -7.081360824742268
size_x = 22
size_y = 22
size_z = 22
energy_range = 9
exhaustiveness = 32
num_modes = 10