center_x = 14.94533802816902
center_y = -32.917415492957744
center_z = -13.63350704225352
size_x = 22
size_y = 22
size_z = 22
energy_range = 9
exhaustiveness = 32
num_modes = 10