center_x = 10.531416107382547
center_y = -37.486268456375846
center_z = 4.46714765100671
size_x = 22
size_y = 22
size_z = 22
energy_range = 9
exhaustiveness = 32
num_modes = 10