center_x = -3.588336956521738
center_y = -48.047956521739145
center_z = -15.44491304347826
size_x = 22
size_y = 22
size_z = 22
energy_range = 9
exhaustiveness = 32
num_modes = 10