center_x = 1.2850114942528734
center_y = -31.70381034482757
center_z = 3.160867816091949
size_x = 22
size_y = 22
size_z = 22
energy_range = 9
exhaustiveness = 32
num_modes = 10