center_x = -23.634680722891567
center_y = -44.88644578313254
center_z = -11.02214457831326
size_x = 22
size_y = 22
size_z = 22
energy_range = 9
exhaustiveness = 32
num_modes = 10