center_x = -17.638352380952387
center_y = -52.68806666666665
center_z = -30.04160952380952
size_x = 22
size_y = 22
size_z = 22
energy_range = 9
exhaustiveness = 32
num_modes = 10