center_x = -14.748586206896556
center_y = -51.48628735632182
center_z = -15.766229885057468
size_x = 22
size_y = 22
size_z = 22
energy_range = 9
exhaustiveness = 32
num_modes = 10