center_x = -7.140451851851848
center_y = -27.207992592592596
center_z = 2.952370370370369
size_x = 22
size_y = 22
size_z = 22
energy_range = 9
exhaustiveness = 32
num_modes = 10