center_x = -20.16977380952381
center_y = -46.43702380952382
center_z = -5.588607142857144
size_x = 22
size_y = 22
size_z = 22
energy_range = 9
exhaustiveness = 32
num_modes = 10