center_x = -23.06032500000001
center_y = -50.60125000000002
center_z = -32.372512499999985
size_x = 22
size_y = 22
size_z = 22
energy_range = 9
exhaustiveness = 32
num_modes = 10