center_x = -9.962993103448277
center_y = -47.76968965517242
center_z = 1.2673931034482755
size_x = 22
size_y = 22
size_z = 22
energy_range = 9
exhaustiveness = 32
num_modes = 10