center_x = -0.4886494252873566
center_y = -48.68767241379311
center_z = -7.327413793103447
size_x = 22
size_y = 22
size_z = 22
energy_range = 9
exhaustiveness = 32
num_modes = 10