center_x = -3.1667700000000014
center_y = -7.34646
center_z = -5.600789999999998
size_x = 22
size_y = 22
size_z = 22
energy_range = 9
exhaustiveness = 32
num_modes = 10