center_x = 16.015133333333335
center_y = -23.66844
center_z = -4.2184
size_x = 22
size_y = 22
size_z = 22
energy_range = 9
exhaustiveness = 32
num_modes = 10