center_x = 9.600152380952384
center_y = -18.52648571428572
center_z = -12.979780952380946
size_x = 22
size_y = 22
size_z = 22
energy_range = 9
exhaustiveness = 32
num_modes = 10