center_x = -15.459636363636362
center_y = -36.19358823529412
center_z = -3.4469037433155063
size_x = 22
size_y = 22
size_z = 22
energy_range = 9
exhaustiveness = 32
num_modes = 10