center_x = 9.69400714285714
center_y = -31.12707857142857
center_z = 7.058257142857146
size_x = 22
size_y = 22
size_z = 22
energy_range = 9
exhaustiveness = 32
num_modes = 10