center_x = -19.817869696969694
center_y = 15.405451515151508
center_z = -20.99862121212121
size_x = 22
size_y = 22
size_z = 22
energy_range = 9
exhaustiveness = 32
num_modes = 10