center_x = -11.32971333333334
center_y = 11.660879999999992
center_z = -13.57200666666667
size_x = 22
size_y = 22
size_z = 22
energy_range = 9
exhaustiveness = 32
num_modes = 10