center_x = -4.25524074074074
center_y = 8.452228395061729
center_z = -7.204753086419758
size_x = 22
size_y = 22
size_z = 22
energy_range = 9
exhaustiveness = 32
num_modes = 10