center_x = -25.52540669856461
center_y = 15.598985645933004
center_z = -25.49768899521531
size_x = 22
size_y = 22
size_z = 22
energy_range = 9
exhaustiveness = 32
num_modes = 10