center_x = -11.621779310344827
center_y = 11.78242413793103
center_z = -13.818255172413789
size_x = 22
size_y = 22
size_z = 22
energy_range = 9
exhaustiveness = 32
num_modes = 10