center_x = -13.467044025157229
center_y = 12.707726415094337
center_z = -15.629295597484267
size_x = 22
size_y = 22
size_z = 22
energy_range = 9
exhaustiveness = 32
num_modes = 10