center_x = -25.05959022556391
center_y = 17.475951127819553
center_z = -25.82593609022556
size_x = 22
size_y = 22
size_z = 22
energy_range = 9
exhaustiveness = 32
num_modes = 10