center_x = -8.60064143426295
center_y = 9.862019920318726
center_z = -10.47622310756972
size_x = 22
size_y = 22
size_z = 22
energy_range = 9
exhaustiveness = 32
num_modes = 10