center_x = -26.02454271356784
center_y = 15.627763819095485
center_z = -27.22424623115576
size_x = 22
size_y = 22
size_z = 22
energy_range = 9
exhaustiveness = 32
num_modes = 10