center_x = -16.947891440501028
center_y = 14.075342379958254
center_z = -18.46140709812109
size_x = 22
size_y = 22
size_z = 22
energy_range = 9
exhaustiveness = 32
num_modes = 10