center_x = -25.0075601851852
center_y = 15.722365740740736
center_z = -25.22614351851853
size_x = 22
size_y = 22
size_z = 22
energy_range = 9
exhaustiveness = 32
num_modes = 10