center_x = -13.056619658119647
center_y = 12.480273504273498
center_z = -15.31590598290598
size_x = 22
size_y = 22
size_z = 22
energy_range = 9
exhaustiveness = 32
num_modes = 10