center_x = -8.049035714285711
center_y = 10.375223214285713
center_z = -12.112397321428576
size_x = 22
size_y = 22
size_z = 22
energy_range = 9
exhaustiveness = 32
num_modes = 10