center_x = -11.5808729281768
center_y = 11.648825046040509
center_z = -13.712913443830567
size_x = 22
size_y = 22
size_z = 22
energy_range = 9
exhaustiveness = 32
num_modes = 10