center_x = -20.678523148148148
center_y = 15.803560185185178
center_z = -21.8134212962963
size_x = 22
size_y = 22
size_z = 22
energy_range = 9
exhaustiveness = 32
num_modes = 10