center_x = -23.075780991735527
center_y = 16.65635537190083
center_z = -24.21120661157025
size_x = 22
size_y = 22
size_z = 22
energy_range = 9
exhaustiveness = 32
num_modes = 10