center_x = -13.130861702127666
center_y = 12.51667287234043
center_z = -15.308675531914895
size_x = 22
size_y = 22
size_z = 22
energy_range = 9
exhaustiveness = 32
num_modes = 10