center_x = -14.881656716417906
center_y = 13.227152985074628
center_z = -16.755018656716423
size_x = 22
size_y = 22
size_z = 22
energy_range = 9
exhaustiveness = 32
num_modes = 10