center_x = -17.30200098619329
center_y = 14.22870512820513
center_z = -18.792097633136084
size_x = 22
size_y = 22
size_z = 22
energy_range = 9
exhaustiveness = 32
num_modes = 10