center_x = 25.867271186440675
center_y = 31.576618644067807
center_z = 6.719525423728812
size_x = 22
size_y = 22
size_z = 22
energy_range = 9
exhaustiveness = 32
num_modes = 10