center_x = 24.379969162995597
center_y = 49.79981057268724
center_z = 2.753986784140969
size_x = 22
size_y = 22
size_z = 22
energy_range = 9
exhaustiveness = 32
num_modes = 10