center_x = 22.603577777777776
center_y = 16.610088888888885
center_z = 0.8932888888888882
size_x = 22
size_y = 22
size_z = 22
energy_range = 9
exhaustiveness = 32
num_modes = 10