center_x = 4.2915
center_y = 54.20948780487804
center_z = -10.714725609756098
size_x = 22
size_y = 22
size_z = 22
energy_range = 9
exhaustiveness = 32
num_modes = 10