center_x = 22.94791358024689
center_y = 42.46807818930037
center_z = 0.1688971193415636
size_x = 22
size_y = 22
size_z = 22
energy_range = 9
exhaustiveness = 32
num_modes = 10