center_x = -2.3913333333333333
center_y = 35.93559595959595
center_z = 6.633515151515151
size_x = 22
size_y = 22
size_z = 22
energy_range = 9
exhaustiveness = 32
num_modes = 10