center_x = 11.620320312500002
center_y = 34.86181250000001
center_z = -10.269382812500002
size_x = 22
size_y = 22
size_z = 22
energy_range = 9
exhaustiveness = 32
num_modes = 10