center_x = -1.4275121951219505
center_y = 42.77764227642277
center_z = 12.590983739837398
size_x = 22
size_y = 22
size_z = 22
energy_range = 9
exhaustiveness = 32
num_modes = 10