center_x = -1.045061946902655
center_y = 53.88479646017697
center_z = -9.549805309734513
size_x = 22
size_y = 22
size_z = 22
energy_range = 9
exhaustiveness = 32
num_modes = 10