center_x = 5.792058252427186
center_y = 24.21680582524272
center_z = 0.3566990291262134
size_x = 22
size_y = 22
size_z = 22
energy_range = 9
exhaustiveness = 32
num_modes = 10