center_x = 11.28910588235294
center_y = 53.24551764705884
center_z = -10.375529411764704
size_x = 22
size_y = 22
size_z = 22
energy_range = 9
exhaustiveness = 32
num_modes = 10