center_x = -1.525294117647058
center_y = 42.34884313725492
center_z = -9.006411764705884
size_x = 22
size_y = 22
size_z = 22
energy_range = 9
exhaustiveness = 32
num_modes = 10