center_x = 18.731676470588223
center_y = 20.63086274509804
center_z = 6.957735294117649
size_x = 22
size_y = 22
size_z = 22
energy_range = 9
exhaustiveness = 32
num_modes = 10