center_x = 18.518925170068027
center_y = 68.61119047619049
center_z = -0.3000884353741501
size_x = 22
size_y = 22
size_z = 22
energy_range = 9
exhaustiveness = 32
num_modes = 10