center_x = -4.945421052631577
center_y = 54.655657894736834
center_z = 7.681114035087719
size_x = 22
size_y = 22
size_z = 22
energy_range = 9
exhaustiveness = 32
num_modes = 10