center_x = 28.010282352941186
center_y = 46.64591764705882
center_z = 6.048952941176473
size_x = 22
size_y = 22
size_z = 22
energy_range = 9
exhaustiveness = 32
num_modes = 10