center_x = -7.790511278195488
center_y = 45.98870676691727
center_z = 5.335225563909773
size_x = 22
size_y = 22
size_z = 22
energy_range = 9
exhaustiveness = 32
num_modes = 10