center_x = 31.727841269841267
center_y = 56.70729365079364
center_z = 2.2448730158730155
size_x = 22
size_y = 22
size_z = 22
energy_range = 9
exhaustiveness = 32
num_modes = 10