center_x = 16.099815602836877
center_y = -13.99521276595744
center_z = 29.1330354609929
size_x = 22
size_y = 22
size_z = 22
energy_range = 9
exhaustiveness = 32
num_modes = 10