center_x = 8.753129032258062
center_y = -20.0200752688172
center_z = 31.721032258064497
size_x = 22
size_y = 22
size_z = 22
energy_range = 9
exhaustiveness = 32
num_modes = 10