center_x = -5.496958333333333
center_y = 4.313604166666669
center_z = 22.31071875
size_x = 22
size_y = 22
size_z = 22
energy_range = 9
exhaustiveness = 32
num_modes = 10