center_x = 10.610141414141417
center_y = -8.74961616161616
center_z = 44.507141414141415
size_x = 22
size_y = 22
size_z = 22
energy_range = 9
exhaustiveness = 32
num_modes = 10