center_x = 2.052514018691588
center_y = -7.327691588785051
center_z = 18.98453894080998
size_x = 22
size_y = 22
size_z = 22
energy_range = 9
exhaustiveness = 32
num_modes = 10