center_x = 14.685485000000003
center_y = -1.667785
center_z = 38.55245
size_x = 22
size_y = 22
size_z = 22
energy_range = 9
exhaustiveness = 32
num_modes = 10