center_x = 5.349150197628461
center_y = -12.948577075098813
center_z = 32.71065217391305
size_x = 22
size_y = 22
size_z = 22
energy_range = 9
exhaustiveness = 32
num_modes = 10