center_x = 18.984948453608247
center_y = -9.0540206185567
center_z = 37.53668041237114
size_x = 22
size_y = 22
size_z = 22
energy_range = 9
exhaustiveness = 32
num_modes = 10