center_x = 9.97909923664122
center_y = -10.600290076335876
center_z = 14.776068702290075
size_x = 22
size_y = 22
size_z = 22
energy_range = 9
exhaustiveness = 32
num_modes = 10