center_x = 6.3431000000000015
center_y = -17.83828333333333
center_z = 25.59702222222221
size_x = 22
size_y = 22
size_z = 22
energy_range = 9
exhaustiveness = 32
num_modes = 10