center_x = -5.765283707865167
center_y = -16.910497191011228
center_z = 32.51929213483143
size_x = 22
size_y = 22
size_z = 22
energy_range = 9
exhaustiveness = 32
num_modes = 10