center_x = 17.007601351351354
center_y = -19.20976013513514
center_z = 19.193320945945946
size_x = 22
size_y = 22
size_z = 22
energy_range = 9
exhaustiveness = 32
num_modes = 10