center_x = 0.134030150753769
center_y = -17.5471783919598
center_z = 29.02755527638191
size_x = 22
size_y = 22
size_z = 22
energy_range = 9
exhaustiveness = 32
num_modes = 10