center_x = 12.466399357601723
center_y = -18.7839989293362
center_z = 21.793839400428247
size_x = 22
size_y = 22
size_z = 22
energy_range = 9
exhaustiveness = 32
num_modes = 10