center_x = -4.483716666666666
center_y = -17.03907916666666
center_z = 31.76808333333334
size_x = 22
size_y = 22
size_z = 22
energy_range = 9
exhaustiveness = 32
num_modes = 10