center_x = 6.736449275362309
center_y = -18.15089855072464
center_z = 25.04315760869565
size_x = 22
size_y = 22
size_z = 22
energy_range = 9
exhaustiveness = 32
num_modes = 10