center_x = 6.118245192307692
center_y = -17.83877403846154
center_z = 25.700754807692302
size_x = 22
size_y = 22
size_z = 22
energy_range = 9
exhaustiveness = 32
num_modes = 10