center_x = -1.82893710691824
center_y = -17.303540880503146
center_z = 30.21173584905657
size_x = 22
size_y = 22
size_z = 22
energy_range = 9
exhaustiveness = 32
num_modes = 10