center_x = 6.5831771653543285
center_y = -16.923031496062983
center_z = 25.64488582677165
size_x = 22
size_y = 22
size_z = 22
energy_range = 9
exhaustiveness = 32
num_modes = 10