center_x = -5.6622216494845405
center_y = -16.91614948453607
center_z = 32.44840463917524
size_x = 22
size_y = 22
size_z = 22
energy_range = 9
exhaustiveness = 32
num_modes = 10