center_x = 6.839308467741939
center_y = -17.86289314516128
center_z = 25.209532258064524
size_x = 22
size_y = 22
size_z = 22
energy_range = 9
exhaustiveness = 32
num_modes = 10