center_x = -1.4885917431192666
center_y = -17.35568348623854
center_z = 29.967559633027527
size_x = 22
size_y = 22
size_z = 22
energy_range = 9
exhaustiveness = 32
num_modes = 10