center_x = -3.056266990291262
center_y = -17.20524271844661
center_z = 30.80618932038836
size_x = 22
size_y = 22
size_z = 22
energy_range = 9
exhaustiveness = 32
num_modes = 10