center_x = 14.520838383838385
center_y = 1.5542626262626265
center_z = 16.652828282828285
size_x = 22
size_y = 22
size_z = 22
energy_range = 9
exhaustiveness = 32
num_modes = 10