center_x = 25.794131313131302
center_y = 3.795239057239054
center_z = 14.917013468013469
size_x = 22
size_y = 22
size_z = 22
energy_range = 9
exhaustiveness = 32
num_modes = 10