center_x = 5.702707142857145
center_y = -11.082564285714287
center_z = 9.12322857142857
size_x = 22
size_y = 22
size_z = 22
energy_range = 9
exhaustiveness = 32
num_modes = 10