center_x = 32.805
center_y = -3.1146666666666656
center_z = 22.340361904761902
size_x = 22
size_y = 22
size_z = 22
energy_range = 9
exhaustiveness = 32
num_modes = 10