center_x = 18.324112840466924
center_y = -1.2818287937743194
center_z = 23.777980544747084
size_x = 22
size_y = 22
size_z = 22
energy_range = 9
exhaustiveness = 32
num_modes = 10