center_x = 40.09788888888891
center_y = -10.654201388888882
center_z = 2.386555555555555
size_x = 22
size_y = 22
size_z = 22
energy_range = 9
exhaustiveness = 32
num_modes = 10