center_x = 8.103924999999997
center_y = -10.056612500000004
center_z = 23.413137500000005
size_x = 22
size_y = 22
size_z = 22
energy_range = 9
exhaustiveness = 32
num_modes = 10