center_x = 26.4065572519084
center_y = 11.944595419847325
center_z = 13.365137404580151
size_x = 22
size_y = 22
size_z = 22
energy_range = 9
exhaustiveness = 32
num_modes = 10