center_x = 27.991958823529423
center_y = 0.4031882352941168
center_z = 6.074529411764709
size_x = 22
size_y = 22
size_z = 22
energy_range = 9
exhaustiveness = 32
num_modes = 10