center_x = 33.30143410852714
center_y = -17.44997674418604
center_z = 1.7405891472868216
size_x = 22
size_y = 22
size_z = 22
energy_range = 9
exhaustiveness = 32
num_modes = 10