center_x = 16.62552845528455
center_y = -1.972739837398373
center_z = 8.13078861788618
size_x = 22
size_y = 22
size_z = 22
energy_range = 9
exhaustiveness = 32
num_modes = 10