center_x = 18.988180672268903
center_y = -11.21985714285714
center_z = 4.372722689075631
size_x = 22
size_y = 22
size_z = 22
energy_range = 9
exhaustiveness = 32
num_modes = 10