center_x = -14.109754838709677
center_y = 2.395974193548388
center_z = -7.685651612903228
size_x = 22
size_y = 22
size_z = 22
energy_range = 9
exhaustiveness = 32
num_modes = 10