center_x = 7.164064814814815
center_y = -1.7820833333333337
center_z = -3.9396759259259255
size_x = 22
size_y = 22
size_z = 22
energy_range = 9
exhaustiveness = 32
num_modes = 10