center_x = -12.28319078947369
center_y = 11.465532894736851
center_z = -5.251809210526317
size_x = 22
size_y = 22
size_z = 22
energy_range = 9
exhaustiveness = 32
num_modes = 10