center_x = -17.04428915662651
center_y = 16.661108433734945
center_z = -27.020216867469884
size_x = 22
size_y = 22
size_z = 22
energy_range = 9
exhaustiveness = 32
num_modes = 10