center_x = -4.690719999999999
center_y = 9.789737142857144
center_z = -19.157851428571437
size_x = 22
size_y = 22
size_z = 22
energy_range = 9
exhaustiveness = 32
num_modes = 10