center_x = -20.887728155339808
center_y = 0.7729029126213594
center_z = -19.48543689320388
size_x = 22
size_y = 22
size_z = 22
energy_range = 9
exhaustiveness = 32
num_modes = 10