center_x = -7.591417322834647
center_y = 16.466976377952754
center_z = -15.451456692913386
size_x = 22
size_y = 22
size_z = 22
energy_range = 9
exhaustiveness = 32
num_modes = 10