center_x = 6.461271317829458
center_y = 0.1119147286821705
center_z = -8.58588372093023
size_x = 22
size_y = 22
size_z = 22
energy_range = 9
exhaustiveness = 32
num_modes = 10