center_x = 5.5128653846153854
center_y = -34.82258653846155
center_z = -13.078105769230763
size_x = 22
size_y = 22
size_z = 22
energy_range = 9
exhaustiveness = 32
num_modes = 10