center_x = -9.368692913385834
center_y = -13.410362204724414
center_z = -7.52999212598425
size_x = 22
size_y = 22
size_z = 22
energy_range = 9
exhaustiveness = 32
num_modes = 10