center_x = -8.105910994764397
center_y = -32.434104712041886
center_z = -15.17314136125655
size_x = 22
size_y = 22
size_z = 22
energy_range = 9
exhaustiveness = 32
num_modes = 10