center_x = 4.4114476190476175
center_y = -24.834695238095257
center_z = -9.273561904761904
size_x = 22
size_y = 22
size_z = 22
energy_range = 9
exhaustiveness = 32
num_modes = 10