center_x = -8.667975609756096
center_y = -2.941902439024391
center_z = -6.346886178861786
size_x = 22
size_y = 22
size_z = 22
energy_range = 9
exhaustiveness = 32
num_modes = 10