center_x = -13.15304301075269
center_y = -18.922784946236558
center_z = -10.087354838709672
size_x = 22
size_y = 22
size_z = 22
energy_range = 9
exhaustiveness = 32
num_modes = 10