center_x = -14.841937500000002
center_y = -28.2589375
center_z = -9.076383928571428
size_x = 22
size_y = 22
size_z = 22
energy_range = 9
exhaustiveness = 32
num_modes = 10