center_x = -0.2793965517241378
center_y = -48.44804597701147
center_z = -7.032379310344833
size_x = 22
size_y = 22
size_z = 22
energy_range = 9
exhaustiveness = 32
num_modes = 10