center_x = 18.21192561983472
center_y = -24.99506611570248
center_z = -4.850190082644628
size_x = 22
size_y = 22
size_z = 22
energy_range = 9
exhaustiveness = 32
num_modes = 10