center_x = -3.9615243902439015
center_y = -45.36376829268292
center_z = -23.343268292682936
size_x = 22
size_y = 22
size_z = 22
energy_range = 9
exhaustiveness = 32
num_modes = 10