center_x = 9.893900000000004
center_y = -30.848128571428568
center_z = 7.223792857142856
size_x = 22
size_y = 22
size_z = 22
energy_range = 9
exhaustiveness = 32
num_modes = 10