center_x = -26.547664233576644
center_y = -36.76970072992701
center_z = -7.089788321167884
size_x = 22
size_y = 22
size_z = 22
energy_range = 9
exhaustiveness = 32
num_modes = 10