center_x = 10.577841269841274
center_y = -36.88170634920633
center_z = 4.811428571428571
size_x = 22
size_y = 22
size_z = 22
energy_range = 9
exhaustiveness = 32
num_modes = 10