center_x = -22.121991596638644
center_y = -23.428991596638667
center_z = -13.422424369747906
size_x = 22
size_y = 22
size_z = 22
energy_range = 9
exhaustiveness = 32
num_modes = 10