center_x = -8.347300970873787
center_y = -28.020844660194168
center_z = 2.149378640776699
size_x = 22
size_y = 22
size_z = 22
energy_range = 9
exhaustiveness = 32
num_modes = 10