center_x = 0.8344479999999985
center_y = -31.7528
center_z = -19.604191999999998
size_x = 22
size_y = 22
size_z = 22
energy_range = 9
exhaustiveness = 32
num_modes = 10