center_x = -23.434162650602392
center_y = -44.636728915662665
center_z = -10.63200602409638
size_x = 22
size_y = 22
size_z = 22
energy_range = 9
exhaustiveness = 32
num_modes = 10