center_x = -26.203787500000004
center_y = -47.47635
center_z = -22.97588125
size_x = 22
size_y = 22
size_z = 22
energy_range = 9
exhaustiveness = 32
num_modes = 10