center_x = -2.9226
center_y = -7.141969999999997
center_z = -5.56676
size_x = 22
size_y = 22
size_z = 22
energy_range = 9
exhaustiveness = 32
num_modes = 10