center_x = 0.786021897810219
center_y = -29.77249635036496
center_z = 4.228313868613138
size_x = 22
size_y = 22
size_z = 22
energy_range = 9
exhaustiveness = 32
num_modes = 10