center_x = -11.210792207792204
center_y = -52.14763636363636
center_z = -8.279116883116883
size_x = 22
size_y = 22
size_z = 22
energy_range = 9
exhaustiveness = 32
num_modes = 10