center_x = -19.334687782805425
center_y = -11.293108597285066
center_z = -11.293823529411773
size_x = 22
size_y = 22
size_z = 22
energy_range = 9
exhaustiveness = 32
num_modes = 10