center_x = -14.846618320610691
center_y = -20.44030534351145
center_z = -7.665687022900765
size_x = 22
size_y = 22
size_z = 22
energy_range = 9
exhaustiveness = 32
num_modes = 10