center_x = -18.25339175257731
center_y = -28.52296907216496
center_z = -6.917020618556704
size_x = 22
size_y = 22
size_z = 22
energy_range = 9
exhaustiveness = 32
num_modes = 10