center_x = -23.041450000000005
center_y = -50.56225000000001
center_z = -31.893337499999983
size_x = 22
size_y = 22
size_z = 22
energy_range = 9
exhaustiveness = 32
num_modes = 10