center_x = -12.671638095238102
center_y = -47.24302857142855
center_z = -27.92771428571428
size_x = 22
size_y = 22
size_z = 22
energy_range = 9
exhaustiveness = 32
num_modes = 10