center_x = -25.234575999999997
center_y = -25.368312
center_z = -18.709791999999982
size_x = 22
size_y = 22
size_z = 22
energy_range = 9
exhaustiveness = 32
num_modes = 10