center_x = -19.923321428571427
center_y = -46.12665476190477
center_z = -5.261238095238095
size_x = 22
size_y = 22
size_z = 22
energy_range = 9
exhaustiveness = 32
num_modes = 10