center_x = -20.951888888888888
center_y = -50.954320987654334
center_z = -17.530345679012346
size_x = 22
size_y = 22
size_z = 22
energy_range = 9
exhaustiveness = 32
num_modes = 10