center_x = 10.424843537414969
center_y = -19.9065306122449
center_z = -2.700646258503401
size_x = 22
size_y = 22
size_z = 22
energy_range = 9
exhaustiveness = 32
num_modes = 10