center_x = -6.1045
center_y = -34.6210894736842
center_z = -15.440173684210526
size_x = 22
size_y = 22
size_z = 22
energy_range = 9
exhaustiveness = 32
num_modes = 10