center_x = 63.51138853503185
center_y = -11.227566878980891
center_z = 11.87966242038217
size_x = 22
size_y = 22
size_z = 22
energy_range = 9
exhaustiveness = 32
num_modes = 10