center_x = 35.38604475043033
center_y = -6.343533562822717
center_z = 13.196621342512906
size_x = 22
size_y = 22
size_z = 22
energy_range = 9
exhaustiveness = 32
num_modes = 10