center_x = 70.3115
center_y = -15.479617021276592
center_z = 7.031861702127659
size_x = 22
size_y = 22
size_z = 22
energy_range = 9
exhaustiveness = 32
num_modes = 10