center_x = 49.39340701754384
center_y = -19.94591578947368
center_z = 13.799105263157896
size_x = 22
size_y = 22
size_z = 22
energy_range = 9
exhaustiveness = 32
num_modes = 10