center_x = 46.188786163522
center_y = -10.63354716981132
center_z = 1.6597547169811322
size_x = 22
size_y = 22
size_z = 22
energy_range = 9
exhaustiveness = 32
num_modes = 10