center_x = 57.0156701030928
center_y = -28.039257731958752
center_z = 11.64601030927835
size_x = 22
size_y = 22
size_z = 22
energy_range = 9
exhaustiveness = 32
num_modes = 10