center_x = 47.667338028169006
center_y = -5.427112676056339
center_z = 24.461464788732407
size_x = 22
size_y = 22
size_z = 22
energy_range = 9
exhaustiveness = 32
num_modes = 10