center_x = 60.513059907834105
center_y = -15.611612903225808
center_z = 1.32815207373272
size_x = 22
size_y = 22
size_z = 22
energy_range = 9
exhaustiveness = 32
num_modes = 10