center_x = 44.78917142857141
center_y = -13.84713714285714
center_z = 12.58474857142857
size_x = 22
size_y = 22
size_z = 22
energy_range = 9
exhaustiveness = 32
num_modes = 10