center_x = 21.653898734177204
center_y = 6.01058860759494
center_z = 8.288354430379748
size_x = 22
size_y = 22
size_z = 22
energy_range = 9
exhaustiveness = 32
num_modes = 10