center_x = 58.89585496183206
center_y = -26.150213740458028
center_z = 23.029687022900767
size_x = 22
size_y = 22
size_z = 22
energy_range = 9
exhaustiveness = 32
num_modes = 10