center_x = 70.1411020408163
center_y = -28.37412244897959
center_z = 16.02126530612245
size_x = 22
size_y = 22
size_z = 22
energy_range = 9
exhaustiveness = 32
num_modes = 10