center_x = 44.16492134831461
center_y = -15.1745
center_z = 22.20741573033708
size_x = 22
size_y = 22
size_z = 22
energy_range = 9
exhaustiveness = 32
num_modes = 10