center_x = 30.474352941176463
center_y = -11.250294117647057
center_z = -0.2751932773109242
size_x = 22
size_y = 22
size_z = 22
energy_range = 9
exhaustiveness = 32
num_modes = 10