center_x = 69.15713392857145
center_y = -22.214553571428564
center_z = 16.435214285714284
size_x = 22
size_y = 22
size_z = 22
energy_range = 9
exhaustiveness = 32
num_modes = 10