center_x = 38.48276923076924
center_y = 8.859937062937064
center_z = -0.3200559440559441
size_x = 22
size_y = 22
size_z = 22
energy_range = 9
exhaustiveness = 32
num_modes = 10