center_x = 34.75325675675678
center_y = -15.86218243243243
center_z = 15.372675675675676
size_x = 22
size_y = 22
size_z = 22
energy_range = 9
exhaustiveness = 32
num_modes = 10