center_x = 35.73017647058824
center_y = -18.18045098039217
center_z = 4.042169934640522
size_x = 22
size_y = 22
size_z = 22
energy_range = 9
exhaustiveness = 32
num_modes = 10