center_x = 68.87268354430381
center_y = -14.817367088607597
center_z = 0.8424810126582276
size_x = 22
size_y = 22
size_z = 22
energy_range = 9
exhaustiveness = 32
num_modes = 10