center_x = 55.80658974358976
center_y = -24.295076923076923
center_z = 5.0353205128205145
size_x = 22
size_y = 22
size_z = 22
energy_range = 9
exhaustiveness = 32
num_modes = 10