center_x = 57.53384848484848
center_y = -16.91948484848485
center_z = 20.65680303030303
size_x = 22
size_y = 22
size_z = 22
energy_range = 9
exhaustiveness = 32
num_modes = 10