center_x = 40.73761363636364
center_y = 8.328712121212122
center_z = 7.857666666666667
size_x = 22
size_y = 22
size_z = 22
energy_range = 9
exhaustiveness = 32
num_modes = 10