center_x = 44.74411666666666
center_y = -4.795800000000001
center_z = -2.6045333333333343
size_x = 22
size_y = 22
size_z = 22
energy_range = 9
exhaustiveness = 32
num_modes = 10