center_x = 60.83822608695655
center_y = -27.72907826086956
center_z = 3.071330434782611
size_x = 22
size_y = 22
size_z = 22
energy_range = 9
exhaustiveness = 32
num_modes = 10