center_x = -7.444297752808987
center_y = 1.0391685393258414
center_z = 0.1494044943820224
size_x = 22
size_y = 22
size_z = 22
energy_range = 9
exhaustiveness = 32
num_modes = 10