center_x = -4.657327102803739
center_y = 11.957757009345793
center_z = -7.669271028037383
size_x = 22
size_y = 22
size_z = 22
energy_range = 9
exhaustiveness = 32
num_modes = 10