center_x = 6.45120754716981
center_y = -5.5361006289308206
center_z = 17.27074842767295
size_x = 22
size_y = 22
size_z = 22
energy_range = 9
exhaustiveness = 32
num_modes = 10