center_x = -0.7333902439024386
center_y = 1.5004959349593492
center_z = 8.1510243902439
size_x = 22
size_y = 22
size_z = 22
energy_range = 9
exhaustiveness = 32
num_modes = 10