center_x = -11.854419642857142
center_y = -15.935794642857136
center_z = -2.965053571428572
size_x = 22
size_y = 22
size_z = 22
energy_range = 9
exhaustiveness = 32
num_modes = 10