center_x = 9.19059195402299
center_y = 3.056620689655173
center_z = -4.8561436781609215
size_x = 22
size_y = 22
size_z = 22
energy_range = 9
exhaustiveness = 32
num_modes = 10