center_x = 12.563506578947363
center_y = 2.98795394736842
center_z = 1.815006578947368
size_x = 22
size_y = 22
size_z = 22
energy_range = 9
exhaustiveness = 32
num_modes = 10