center_x = -0.460559523809524
center_y = -7.35918452380952
center_z = 9.298333333333332
size_x = 22
size_y = 22
size_z = 22
energy_range = 9
exhaustiveness = 32
num_modes = 10