center_x = 0.053579365079365
center_y = 17.594809523809523
center_z = -0.6553015873015882
size_x = 22
size_y = 22
size_z = 22
energy_range = 9
exhaustiveness = 32
num_modes = 10