center_x = -4.21430701754386
center_y = -17.227368421052642
center_z = -4.555543859649122
size_x = 22
size_y = 22
size_z = 22
energy_range = 9
exhaustiveness = 32
num_modes = 10