center_x = 1.0328717105263163
center_y = 8.424924342105252
center_z = -2.5590197368421044
size_x = 22
size_y = 22
size_z = 22
energy_range = 9
exhaustiveness = 32
num_modes = 10