center_x = 4.1587343750000025
center_y = 18.335828124999995
center_z = 9.376484375
size_x = 22
size_y = 22
size_z = 22
energy_range = 9
exhaustiveness = 32
num_modes = 10