center_x = 40.93897665369651
center_y = 15.801824902723734
center_z = 4.783280155642026
size_x = 22
size_y = 22
size_z = 22
energy_range = 9
exhaustiveness = 32
num_modes = 10