center_x = 33.08390476190477
center_y = 6.267895238095238
center_z = 12.16430476190476
size_x = 22
size_y = 22
size_z = 22
energy_range = 9
exhaustiveness = 32
num_modes = 10