center_x = 36.90842105263159
center_y = 20.496381578947368
center_z = 5.019230263157891
size_x = 22
size_y = 22
size_z = 22
energy_range = 9
exhaustiveness = 32
num_modes = 10