center_x = 38.263198019801976
center_y = 14.559495049504951
center_z = 12.168999999999995
size_x = 22
size_y = 22
size_z = 22
energy_range = 9
exhaustiveness = 32
num_modes = 10