center_x = 41.76784
center_y = 5.65432
center_z = 10.46758666666667
size_x = 22
size_y = 22
size_z = 22
energy_range = 9
exhaustiveness = 32
num_modes = 10