center_x = 28.577223880597025
center_y = 17.93092537313433
center_z = -1.7945149253731345
size_x = 22
size_y = 22
size_z = 22
energy_range = 9
exhaustiveness = 32
num_modes = 10