center_x = 43.24350617283951
center_y = 21.410728395061728
center_z = 0.3477901234567902
size_x = 22
size_y = 22
size_z = 22
energy_range = 9
exhaustiveness = 32
num_modes = 10