center_x = -37.01916666666668
center_y = 58.05510606060606
center_z = 80.61492424242422
size_x = 22
size_y = 22
size_z = 22
energy_range = 9
exhaustiveness = 32
num_modes = 10