center_x = -49.87612658227848
center_y = 57.21553164556962
center_z = 70.11220253164555
size_x = 22
size_y = 22
size_z = 22
energy_range = 9
exhaustiveness = 32
num_modes = 10