center_x = -52.2407603305785
center_y = 66.12004132231405
center_z = 75.10671074380164
size_x = 22
size_y = 22
size_z = 22
energy_range = 9
exhaustiveness = 32
num_modes = 10