center_x = -19.27016379310344
center_y = 75.29402586206896
center_z = 82.55969827586209
size_x = 22
size_y = 22
size_z = 22
energy_range = 9
exhaustiveness = 32
num_modes = 10