center_x = -18.769077777777788
center_y = 56.62893888888888
center_z = 73.45651111111111
size_x = 22
size_y = 22
size_z = 22
energy_range = 9
exhaustiveness = 32
num_modes = 10