center_x = -24.14488617886178
center_y = 72.69095934959346
center_z = 62.33068292682928
size_x = 22
size_y = 22
size_z = 22
energy_range = 9
exhaustiveness = 32
num_modes = 10