center_x = -29.470301754385957
center_y = 55.97897543859652
center_z = 75.19765263157896
size_x = 22
size_y = 22
size_z = 22
energy_range = 9
exhaustiveness = 32
num_modes = 10