center_x = -32.482796536796535
center_y = 76.34466666666664
center_z = 56.11477489177493
size_x = 22
size_y = 22
size_z = 22
energy_range = 9
exhaustiveness = 32
num_modes = 10