center_x = -46.55387786259542
center_y = 53.14199236641222
center_z = 62.944496183206105
size_x = 22
size_y = 22
size_z = 22
energy_range = 9
exhaustiveness = 32
num_modes = 10