center_x = -51.94810596026491
center_y = 90.22262251655631
center_z = 64.15888741721851
size_x = 22
size_y = 22
size_z = 22
energy_range = 9
exhaustiveness = 32
num_modes = 10