center_x = -24.909688311688296
center_y = 83.3704935064935
center_z = 65.16570129870128
size_x = 22
size_y = 22
size_z = 22
energy_range = 9
exhaustiveness = 32
num_modes = 10