center_x = -44.93758947368422
center_y = 56.86708421052633
center_z = 54.7904
size_x = 22
size_y = 22
size_z = 22
energy_range = 9
exhaustiveness = 32
num_modes = 10