center_x = -31.164778894472335
center_y = 72.718891959799
center_z = 81.60657537688445
size_x = 22
size_y = 22
size_z = 22
energy_range = 9
exhaustiveness = 32
num_modes = 10