center_x = -18.024892086330937
center_y = 65.92722302158273
center_z = 67.53953956834532
size_x = 22
size_y = 22
size_z = 22
energy_range = 9
exhaustiveness = 32
num_modes = 10