center_x = -49.49052380952384
center_y = 63.886924369747895
center_z = 62.99359103641459
size_x = 22
size_y = 22
size_z = 22
energy_range = 9
exhaustiveness = 32
num_modes = 10