center_x = -20.018658536585363
center_y = 85.48587804878048
center_z = 57.228134146341446
size_x = 22
size_y = 22
size_z = 22
energy_range = 9
exhaustiveness = 32
num_modes = 10