center_x = -56.03077272727272
center_y = 72.90925252525247
center_z = 66.31232828282822
size_x = 22
size_y = 22
size_z = 22
energy_range = 9
exhaustiveness = 32
num_modes = 10