center_x = -19.55705263157894
center_y = 62.324500000000015
center_z = 83.9062543859649
size_x = 22
size_y = 22
size_z = 22
energy_range = 9
exhaustiveness = 32
num_modes = 10