center_x = -0.9215238095238096
center_y = 9.29759523809524
center_z = 37.19807936507936
size_x = 22
size_y = 22
size_z = 22
energy_range = 9
exhaustiveness = 32
num_modes = 10