center_x = -13.16569172932331
center_y = 8.4946992481203
center_z = 37.84575187969923
size_x = 22
size_y = 22
size_z = 22
energy_range = 9
exhaustiveness = 32
num_modes = 10