center_x = -17.342709999999997
center_y = 1.1652099999999994
center_z = 24.23710000000001
size_x = 22
size_y = 22
size_z = 22
energy_range = 9
exhaustiveness = 32
num_modes = 10