center_x = -3.189442953020134
center_y = 0.8958523489932891
center_z = 31.63829530201342
size_x = 22
size_y = 22
size_z = 22
energy_range = 9
exhaustiveness = 32
num_modes = 10