center_x = 4.353163934426229
center_y = 15.808114754098364
center_z = 36.509000000000015
size_x = 22
size_y = 22
size_z = 22
energy_range = 9
exhaustiveness = 32
num_modes = 10