center_x = -11.949388888888889
center_y = -13.442666666666664
center_z = 22.29596031746032
size_x = 22
size_y = 22
size_z = 22
energy_range = 9
exhaustiveness = 32
num_modes = 10