center_x = -17.133620253164555
center_y = 8.519170886075948
center_z = 29.987867088607597
size_x = 22
size_y = 22
size_z = 22
energy_range = 9
exhaustiveness = 32
num_modes = 10