center_x = 8.53888764044944
center_y = -16.1028202247191
center_z = 33.10438202247192
size_x = 22
size_y = 22
size_z = 22
energy_range = 9
exhaustiveness = 32
num_modes = 10