center_x = 28.4615125
center_y = 2.22615625
center_z = 8.641762499999997
size_x = 22
size_y = 22
size_z = 22
energy_range = 9
exhaustiveness = 32
num_modes = 10