center_x = 25.63710332103321
center_y = -5.92439852398524
center_z = 10.833424354243546
size_x = 22
size_y = 22
size_z = 22
energy_range = 9
exhaustiveness = 32
num_modes = 10