center_x = 25.66195491803276
center_y = -12.994831967213116
center_z = 14.461524590163927
size_x = 22
size_y = 22
size_z = 22
energy_range = 9
exhaustiveness = 32
num_modes = 10