center_x = 3.1838867924528302
center_y = -16.73556603773585
center_z = 29.559150943396222
size_x = 22
size_y = 22
size_z = 22
energy_range = 9
exhaustiveness = 32
num_modes = 10