center_x = 17.094646551724132
center_y = 8.348043103448274
center_z = 18.155922413793103
size_x = 22
size_y = 22
size_z = 22
energy_range = 9
exhaustiveness = 32
num_modes = 10