center_x = 21.57489690721649
center_y = 10.29728865979382
center_z = 26.1041855670103
size_x = 22
size_y = 22
size_z = 22
energy_range = 9
exhaustiveness = 32
num_modes = 10