center_x = 25.788909090909097
center_y = -4.189000000000002
center_z = 30.51998181818181
size_x = 22
size_y = 22
size_z = 22
energy_range = 9
exhaustiveness = 32
num_modes = 10