center_x = 13.386805825242716
center_y = 8.37778640776699
center_z = 9.942776699029126
size_x = 22
size_y = 22
size_z = 22
energy_range = 9
exhaustiveness = 32
num_modes = 10