center_x = 9.705727272727271
center_y = -5.880100000000002
center_z = 18.527572727272723
size_x = 22
size_y = 22
size_z = 22
energy_range = 9
exhaustiveness = 32
num_modes = 10