center_x = 35.143062500000006
center_y = 4.763039062500001
center_z = 19.79493750000001
size_x = 22
size_y = 22
size_z = 22
energy_range = 9
exhaustiveness = 32
num_modes = 10