center_x = 17.58340350877193
center_y = -17.00238596491228
center_z = 30.67485087719299
size_x = 22
size_y = 22
size_z = 22
energy_range = 9
exhaustiveness = 32
num_modes = 10