center_x = 41.804317757009336
center_y = -0.3572523364485987
center_z = 5.983186915887848
size_x = 22
size_y = 22
size_z = 22
energy_range = 9
exhaustiveness = 32
num_modes = 10