center_x = 14.528303797468356
center_y = 2.5486835443037967
center_z = 29.32102531645568
size_x = 22
size_y = 22
size_z = 22
energy_range = 9
exhaustiveness = 32
num_modes = 10