center_x = 33.40103311258278
center_y = -9.98684105960265
center_z = 30.54307947019868
size_x = 22
size_y = 22
size_z = 22
energy_range = 9
exhaustiveness = 32
num_modes = 10