center_x = 16.668441176470576
center_y = 7.382029411764707
center_z = 24.15726470588235
size_x = 22
size_y = 22
size_z = 22
energy_range = 9
exhaustiveness = 32
num_modes = 10