center_x = 27.19272093023255
center_y = 9.526364341085271
center_z = 14.134007751937975
size_x = 22
size_y = 22
size_z = 22
energy_range = 9
exhaustiveness = 32
num_modes = 10