center_x = -20.253392655367225
center_y = 15.588977401129943
center_z = -21.42217514124292
size_x = 22
size_y = 22
size_z = 22
energy_range = 9
exhaustiveness = 32
num_modes = 10