center_x = -13.131393162393172
center_y = 12.514367521367523
center_z = -15.458948717948706
size_x = 22
size_y = 22
size_z = 22
energy_range = 9
exhaustiveness = 32
num_modes = 10