center_x = -9.24411555555556
center_y = 10.746684444444448
center_z = -11.851193333333338
size_x = 22
size_y = 22
size_z = 22
energy_range = 9
exhaustiveness = 32
num_modes = 10