center_x = -21.839362179487186
center_y = 16.080070512820516
center_z = -23.18748717948717
size_x = 22
size_y = 22
size_z = 22
energy_range = 9
exhaustiveness = 32
num_modes = 10