center_x = -15.681145985401454
center_y = 13.483189781021895
center_z = -17.516901459854022
size_x = 22
size_y = 22
size_z = 22
energy_range = 9
exhaustiveness = 32
num_modes = 10