center_x = -23.436775
center_y = 15.885218181818184
center_z = -24.824884090909077
size_x = 22
size_y = 22
size_z = 22
energy_range = 9
exhaustiveness = 32
num_modes = 10