center_x = -24.63141739130433
center_y = 17.146295652173908
center_z = -25.67115217391305
size_x = 22
size_y = 22
size_z = 22
energy_range = 9
exhaustiveness = 32
num_modes = 10