center_x = -25.513624999999998
center_y = 15.74978703703704
center_z = -25.66532407407407
size_x = 22
size_y = 22
size_z = 22
energy_range = 9
exhaustiveness = 32
num_modes = 10