center_x = -8.588148305084744
center_y = 10.535614406779656
center_z = -11.269716101694923
size_x = 22
size_y = 22
size_z = 22
energy_range = 9
exhaustiveness = 32
num_modes = 10