center_x = -19.3537052631579
center_y = 15.166889473684204
center_z = -21.188294736842103
size_x = 22
size_y = 22
size_z = 22
energy_range = 9
exhaustiveness = 32
num_modes = 10