center_x = -13.569872670807452
center_y = 12.600720496894407
center_z = -15.633316770186338
size_x = 22
size_y = 22
size_z = 22
energy_range = 9
exhaustiveness = 32
num_modes = 10