center_x = -14.65028680203044
center_y = 13.120251269035537
center_z = -16.63707360406093
size_x = 22
size_y = 22
size_z = 22
energy_range = 9
exhaustiveness = 32
num_modes = 10