center_x = -11.289304347826087
center_y = 11.81266847826087
center_z = -13.831586956521733
size_x = 22
size_y = 22
size_z = 22
energy_range = 9
exhaustiveness = 32
num_modes = 10