center_x = -19.93971212121213
center_y = 15.465318181818194
center_z = -21.114060606060608
size_x = 22
size_y = 22
size_z = 22
energy_range = 9
exhaustiveness = 32
num_modes = 10