center_x = -11.53729834254144
center_y = 11.683219152854504
center_z = -13.748721915285444
size_x = 22
size_y = 22
size_z = 22
energy_range = 9
exhaustiveness = 32
num_modes = 10