center_x = -15.052430232558136
center_y = 13.251633720930228
center_z = -17.01644186046513
size_x = 22
size_y = 22
size_z = 22
energy_range = 9
exhaustiveness = 32
num_modes = 10