center_x = -11.38322121212122
center_y = 11.74931515151516
center_z = -13.740678787878789
size_x = 22
size_y = 22
size_z = 22
energy_range = 9
exhaustiveness = 32
num_modes = 10