center_x = -17.218832681017613
center_y = 14.161041095890404
center_z = -18.90004500978472
size_x = 22
size_y = 22
size_z = 22
energy_range = 9
exhaustiveness = 32
num_modes = 10