center_x = 39.75699655172413
center_y = 4.474779310344826
center_z = -13.175117241379317
size_x = 22
size_y = 22
size_z = 22
energy_range = 9
exhaustiveness = 32
num_modes = 10