center_x = 21.917293577981663
center_y = 14.030247706422008
center_z = -12.58437614678899
size_x = 22
size_y = 22
size_z = 22
energy_range = 9
exhaustiveness = 32
num_modes = 10