center_x = 38.784865740740734
center_y = 4.730055555555556
center_z = -12.99675
size_x = 22
size_y = 22
size_z = 22
energy_range = 9
exhaustiveness = 32
num_modes = 10