center_x = 32.57808333333333
center_y = 8.125666666666664
center_z = -12.83830555555555
size_x = 22
size_y = 22
size_z = 22
energy_range = 9
exhaustiveness = 32
num_modes = 10