center_x = 32.04934239802222
center_y = 8.716791100123578
center_z = -12.973710135970329
size_x = 22
size_y = 22
size_z = 22
energy_range = 9
exhaustiveness = 32
num_modes = 10