center_x = 23.36178389830508
center_y = 13.621406779661037
center_z = -12.531542372881365
size_x = 22
size_y = 22
size_z = 22
energy_range = 9
exhaustiveness = 32
num_modes = 10