center_x = 35.33165238095238
center_y = 6.424819047619048
center_z = -12.964495238095228
size_x = 22
size_y = 22
size_z = 22
energy_range = 9
exhaustiveness = 32
num_modes = 10