center_x = 22.722864197530846
center_y = 13.572145061728392
center_z = -12.63017592592592
size_x = 22
size_y = 22
size_z = 22
energy_range = 9
exhaustiveness = 32
num_modes = 10