center_x = 23.85966260162601
center_y = 12.914284552845526
center_z = -12.73873170731706
size_x = 22
size_y = 22
size_z = 22
energy_range = 9
exhaustiveness = 32
num_modes = 10