center_x = 40.76387499999999
center_y = 3.671250000000001
center_z = -13.040858870967735
size_x = 22
size_y = 22
size_z = 22
energy_range = 9
exhaustiveness = 32
num_modes = 10