center_x = 22.25457085020243
center_y = 13.864487854251006
center_z = -12.606842105263148
size_x = 22
size_y = 22
size_z = 22
energy_range = 9
exhaustiveness = 32
num_modes = 10