center_x = 32.10466546762588
center_y = 8.87873741007194
center_z = -13.00905035971223
size_x = 22
size_y = 22
size_z = 22
energy_range = 9
exhaustiveness = 32
num_modes = 10