center_x = -11.32565561694292
center_y = 11.78063904235727
center_z = -13.738891344383054
size_x = 22
size_y = 22
size_z = 22
energy_range = 9
exhaustiveness = 32
num_modes = 10