center_x = -23.05678801843318
center_y = 16.784596774193542
center_z = -24.39570276497693
size_x = 22
size_y = 22
size_z = 22
energy_range = 9
exhaustiveness = 32
num_modes = 10