center_x = -13.362440993788825
center_y = 12.68718322981367
center_z = -15.626223602484473
size_x = 22
size_y = 22
size_z = 22
energy_range = 9
exhaustiveness = 32
num_modes = 10