center_x = -34.72541530054644
center_y = 21.00845901639344
center_z = -23.145207650273218
size_x = 22
size_y = 22
size_z = 22
energy_range = 9
exhaustiveness = 32
num_modes = 10