center_x = -12.633739534883718
center_y = 12.424723255813957
center_z = -14.974518604651156
size_x = 22
size_y = 22
size_z = 22
energy_range = 9
exhaustiveness = 32
num_modes = 10