center_x = -10.76066666666668
center_y = 11.698785714285709
center_z = -13.397899470899471
size_x = 22
size_y = 22
size_z = 22
energy_range = 9
exhaustiveness = 32
num_modes = 10