center_x = -25.87442574257425
center_y = 14.709678217821784
center_z = -25.0784603960396
size_x = 22
size_y = 22
size_z = 22
energy_range = 9
exhaustiveness = 32
num_modes = 10