center_x = -16.93610748560462
center_y = 14.22056621881
center_z = -18.864284069097923
size_x = 22
size_y = 22
size_z = 22
energy_range = 9
exhaustiveness = 32
num_modes = 10