center_x = -26.810822822822825
center_y = 18.203861861861856
center_z = -28.087906906906884
size_x = 22
size_y = 22
size_z = 22
energy_range = 9
exhaustiveness = 32
num_modes = 10