center_x = -12.974209401709407
center_y = 12.578397435897436
center_z = -15.446773504273498
size_x = 22
size_y = 22
size_z = 22
energy_range = 9
exhaustiveness = 32
num_modes = 10