center_x = -25.44755696202532
center_y = 14.796822784810129
center_z = -26.990427215189865
size_x = 22
size_y = 22
size_z = 22
energy_range = 9
exhaustiveness = 32
num_modes = 10