center_x = -19.567272321428565
center_y = 15.402053571428572
center_z = -21.449834821428567
size_x = 22
size_y = 22
size_z = 22
energy_range = 9
exhaustiveness = 32
num_modes = 10