center_x = -10.652301724137946
center_y = 11.667350574712636
center_z = -13.29362931034484
size_x = 22
size_y = 22
size_z = 22
energy_range = 9
exhaustiveness = 32
num_modes = 10