center_x = -27.61894021739131
center_y = 18.72534782608696
center_z = -28.804570652173894
size_x = 22
size_y = 22
size_z = 22
energy_range = 9
exhaustiveness = 32
num_modes = 10