receptor = data/6qqw/6qqw_ligand.pdbqt
ligand = data/6qqw/6qqw_protein.pdbqt
center_x = -16.93610748560462
center_y = 14.22056621881
center_z = -18.864284069097923
size_x = 46.069785028790754
size_y = 33.29086756238
size_z = 45.454568138195846
energy_range = 9
exhaustiveness = 32
num_modes = 10