center_x = -8.43304661016949
center_y = 10.666474576271188
center_z = -11.247148305084746
size_x = 22
size_y = 22
size_z = 22
energy_range = 9
exhaustiveness = 32
num_modes = 10