center_x = -21.731076923076937
center_y = 16.26627243589743
center_z = -23.302615384615383
size_x = 22
size_y = 22
size_z = 22
energy_range = 9
exhaustiveness = 32
num_modes = 10