center_x = -20.397643518518528
center_y = 15.680439814814818
center_z = -21.88347222222224
size_x = 22
size_y = 22
size_z = 22
energy_range = 9
exhaustiveness = 32
num_modes = 10