center_x = -8.949319248826283
center_y = 15.070889671361517
center_z = -10.94760563380282
size_x = 22
size_y = 22
size_z = 22
energy_range = 9
exhaustiveness = 32
num_modes = 10