center_x = -4.81288811188811
center_y = 14.491832167832174
center_z = 1.6767016317016306
size_x = 22
size_y = 22
size_z = 22
energy_range = 9
exhaustiveness = 32
num_modes = 10