center_x = -6.972344086021495
center_y = 14.606340501792102
center_z = 0.5550627240143371
size_x = 22
size_y = 22
size_z = 22
energy_range = 9
exhaustiveness = 32
num_modes = 10