center_x = -6.108102102102106
center_y = 15.10675375375376
center_z = -14.55561561561562
size_x = 22
size_y = 22
size_z = 22
energy_range = 9
exhaustiveness = 32
num_modes = 10