center_x = -6.14485585585586
center_y = 14.715166666666654
center_z = -5.139828828828829
size_x = 22
size_y = 22
size_z = 22
energy_range = 9
exhaustiveness = 32
num_modes = 10