center_x = -12.132534653465338
center_y = 15.059369636963703
center_z = -10.022339933993402
size_x = 22
size_y = 22
size_z = 22
energy_range = 9
exhaustiveness = 32
num_modes = 10