center_x = -3.913019417475724
center_y = 14.88157281553398
center_z = -10.413705501618118
size_x = 22
size_y = 22
size_z = 22
energy_range = 9
exhaustiveness = 32
num_modes = 10