center_x = -10.735349629629626
center_y = 14.837287407407404
center_z = -5.136451851851849
size_x = 22
size_y = 22
size_z = 22
energy_range = 9
exhaustiveness = 32
num_modes = 10