center_x = -6.109599137931036
center_y = 15.052617816091953
center_z = -12.978633620689656
size_x = 22
size_y = 22
size_z = 22
energy_range = 9
exhaustiveness = 32
num_modes = 10