center_x = -3.0482162162162214
center_y = 14.53624624624625
center_z = -3.323672672672673
size_x = 22
size_y = 22
size_z = 22
energy_range = 9
exhaustiveness = 32
num_modes = 10