center_x = -9.1120756501182
center_y = 15.03928368794327
center_z = -10.62611111111111
size_x = 22
size_y = 22
size_z = 22
energy_range = 9
exhaustiveness = 32
num_modes = 10