center_x = -5.267157407407412
center_y = 14.659830246913572
center_z = -4.240558641975306
size_x = 22
size_y = 22
size_z = 22
energy_range = 9
exhaustiveness = 32
num_modes = 10