center_x = -2.8451635802469117
center_y = 14.335614197530862
center_z = 1.802274691358023
size_x = 22
size_y = 22
size_z = 22
energy_range = 9
exhaustiveness = 32
num_modes = 10