center_x = -8.001458689458689
center_y = 14.678638176638175
center_z = -2.1603190883190893
size_x = 22
size_y = 22
size_z = 22
energy_range = 9
exhaustiveness = 32
num_modes = 10