center_x = -3.0570737179487204
center_y = 14.52623717948718
center_z = -3.0394807692307686
size_x = 22
size_y = 22
size_z = 22
energy_range = 9
exhaustiveness = 32
num_modes = 10