center_x = -2.413940476190476
center_y = 14.333770833333327
center_z = 5.429961309523806
size_x = 22
size_y = 22
size_z = 22
energy_range = 9
exhaustiveness = 32
num_modes = 10