center_x = -11.411862068965508
center_y = 14.953752873563207
center_z = -8.02288314176245
size_x = 22
size_y = 22
size_z = 22
energy_range = 9
exhaustiveness = 32
num_modes = 10