center_x = -10.510042708333335
center_y = 15.00006822916668
center_z = -9.403905729166686
size_x = 22
size_y = 22
size_z = 22
energy_range = 9
exhaustiveness = 32
num_modes = 10