center_x = -4.699382246376808
center_y = 14.456561594202904
center_z = 1.9997500000000008
size_x = 22
size_y = 22
size_z = 22
energy_range = 9
exhaustiveness = 32
num_modes = 10