center_x = -12.434631578947371
center_y = 12.089651315789478
center_z = -5.12370394736842
size_x = 22
size_y = 22
size_z = 22
energy_range = 9
exhaustiveness = 32
num_modes = 10