center_x = -7.2093373493975905
center_y = 18.326259036144577
center_z = -14.06258433734939
size_x = 22
size_y = 22
size_z = 22
energy_range = 9
exhaustiveness = 32
num_modes = 10