center_x = -3.816666666666664
center_y = 9.158246913580244
center_z = -17.797962962962945
size_x = 22
size_y = 22
size_z = 22
energy_range = 9
exhaustiveness = 32
num_modes = 10