center_x = -14.66141935483871
center_y = 2.989245161290323
center_z = -7.22508387096774
size_x = 22
size_y = 22
size_z = 22
energy_range = 9
exhaustiveness = 32
num_modes = 10