center_x = -13.058621052631583
center_y = -0.5210894736842109
center_z = -15.981573684210527
size_x = 22
size_y = 22
size_z = 22
energy_range = 9
exhaustiveness = 32
num_modes = 10