center_x = -11.72163716814159
center_y = 16.141380530973457
center_z = -22.48024778761062
size_x = 22
size_y = 22
size_z = 22
energy_range = 9
exhaustiveness = 32
num_modes = 10