center_x = 2.8471241830065344
center_y = 3.052411764705879
center_z = -8.290241830065359
size_x = 22
size_y = 22
size_z = 22
energy_range = 9
exhaustiveness = 32
num_modes = 10