center_x = 21.993030769230764
center_y = 4.097015384615385
center_z = -21.98753846153846
size_x = 22
size_y = 22
size_z = 22
energy_range = 9
exhaustiveness = 32
num_modes = 10