center_x = 21.297472
center_y = 5.019760000000004
center_z = -37.47987999999999
size_x = 22
size_y = 22
size_z = 22
energy_range = 9
exhaustiveness = 32
num_modes = 10