center_x = 12.897390581717458
center_y = 5.746036011080332
center_z = -15.726013850415526
size_x = 22
size_y = 22
size_z = 22
energy_range = 9
exhaustiveness = 32
num_modes = 10