center_x = 8.783727272727273
center_y = 21.60527272727273
center_z = -16.321218181818185
size_x = 22
size_y = 22
size_z = 22
energy_range = 9
exhaustiveness = 32
num_modes = 10