center_x = 29.29870469798658
center_y = 32.4399932885906
center_z = -6.931375838926172
size_x = 22
size_y = 22
size_z = 22
energy_range = 9
exhaustiveness = 32
num_modes = 10