center_x = 3.5540000000000003
center_y = 5.479000000000004
center_z = -19.67826178010472
size_x = 22
size_y = 22
size_z = 22
energy_range = 9
exhaustiveness = 32
num_modes = 10