center_x = 16.083294117647057
center_y = 46.55280000000001
center_z = -14.231411764705884
size_x = 22
size_y = 22
size_z = 22
energy_range = 9
exhaustiveness = 32
num_modes = 10