center_x = 18.30017924528302
center_y = 41.39662264150945
center_z = -7.370094339622641
size_x = 22
size_y = 22
size_z = 22
energy_range = 9
exhaustiveness = 32
num_modes = 10