center_x = 23.854713592233004
center_y = 36.603980582524265
center_z = -17.844558252427184
size_x = 22
size_y = 22
size_z = 22
energy_range = 9
exhaustiveness = 32
num_modes = 10