center_x = 16.579980392156862
center_y = 21.822715686274496
center_z = -1.5437549019607844
size_x = 22
size_y = 22
size_z = 22
energy_range = 9
exhaustiveness = 32
num_modes = 10