center_x = 19.02718124999999
center_y = 1.8777750000000024
center_z = -7.954868750000001
size_x = 22
size_y = 22
size_z = 22
energy_range = 9
exhaustiveness = 32
num_modes = 10