center_x = 31.88427611940298
center_y = 13.830962686567164
center_z = -5.819597014925371
size_x = 22
size_y = 22
size_z = 22
energy_range = 9
exhaustiveness = 32
num_modes = 10