center_x = 6.622242424242424
center_y = -4.921109090909087
center_z = -22.661636363636365
size_x = 22
size_y = 22
size_z = 22
energy_range = 9
exhaustiveness = 32
num_modes = 10