center_x = 13.890247252747248
center_y = 34.36167032967033
center_z = -7.908516483516484
size_x = 22
size_y = 22
size_z = 22
energy_range = 9
exhaustiveness = 32
num_modes = 10