center_x = 19.281174311926605
center_y = 5.577000000000002
center_z = -2.1776697247706425
size_x = 22
size_y = 22
size_z = 22
energy_range = 9
exhaustiveness = 32
num_modes = 10