center_x = 14.910405263157898
center_y = 15.821007894736864
center_z = -31.474155263157893
size_x = 22
size_y = 22
size_z = 22
energy_range = 9
exhaustiveness = 32
num_modes = 10