center_x = 28.87952329749104
center_y = 23.82437634408602
center_z = -22.702247311827985
size_x = 22
size_y = 22
size_z = 22
energy_range = 9
exhaustiveness = 32
num_modes = 10