center_x = 18.32215934065933
center_y = 33.4133186813187
center_z = -31.39816483516483
size_x = 22
size_y = 22
size_z = 22
energy_range = 9
exhaustiveness = 32
num_modes = 10