center_x = 21.55082142857142
center_y = 15.848053571428563
center_z = -7.404232142857142
size_x = 22
size_y = 22
size_z = 22
energy_range = 9
exhaustiveness = 32
num_modes = 10