center_x = 12.00443225806451
center_y = 21.00834838709676
center_z = -8.25386451612903
size_x = 22
size_y = 22
size_z = 22
energy_range = 9
exhaustiveness = 32
num_modes = 10