center_x = 9.60432786885246
center_y = 13.267042622950813
center_z = -23.1790524590164
size_x = 22
size_y = 22
size_z = 22
energy_range = 9
exhaustiveness = 32
num_modes = 10