center_x = 11.268549450549452
center_y = 42.4302967032967
center_z = -22.667197802197816
size_x = 22
size_y = 22
size_z = 22
energy_range = 9
exhaustiveness = 32
num_modes = 10