center_x = 10.32081981981982
center_y = 31.67521171171173
center_z = -26.231851351351374
size_x = 22
size_y = 22
size_z = 22
energy_range = 9
exhaustiveness = 32
num_modes = 10