center_x = 31.53683802816901
center_y = 14.1627676056338
center_z = -17.467626760563384
size_x = 22
size_y = 22
size_z = 22
energy_range = 9
exhaustiveness = 32
num_modes = 10