center_x = 5.352839506172838
center_y = 4.144388888888888
center_z = -29.4993950617284
size_x = 22
size_y = 22
size_z = 22
energy_range = 9
exhaustiveness = 32
num_modes = 10