center_x = -13.451694444444447
center_y = -6.811597222222221
center_z = -8.13575
size_x = 22
size_y = 22
size_z = 22
energy_range = 9
exhaustiveness = 32
num_modes = 10