center_x = -19.50885826771654
center_y = -8.944291338582682
center_z = -4.837244094488187
size_x = 22
size_y = 22
size_z = 22
energy_range = 9
exhaustiveness = 32
num_modes = 10