center_x = -20.272555555555552
center_y = -13.162333333333333
center_z = 2.328626262626263
size_x = 22
size_y = 22
size_z = 22
energy_range = 9
exhaustiveness = 32
num_modes = 10