center_x = -20.29521621621621
center_y = 4.973963963963964
center_z = 1.7155045045045043
size_x = 22
size_y = 22
size_z = 22
energy_range = 9
exhaustiveness = 32
num_modes = 10