center_x = -22.55150000000001
center_y = -0.6132903225806452
center_z = 8.451266129032259
size_x = 22
size_y = 22
size_z = 22
energy_range = 9
exhaustiveness = 32
num_modes = 10