center_x = -17.829874999999998
center_y = 15.02619444444445
center_z = 12.43195833333333
size_x = 22
size_y = 22
size_z = 22
energy_range = 9
exhaustiveness = 32
num_modes = 10