center_x = 23.205035928143698
center_y = 8.823497005988024
center_z = -10.68323952095808
size_x = 22
size_y = 22
size_z = 22
energy_range = 9
exhaustiveness = 32
num_modes = 10