center_x = 32.32666315789473
center_y = 6.107494736842106
center_z = 11.802673684210523
size_x = 22
size_y = 22
size_z = 22
energy_range = 9
exhaustiveness = 32
num_modes = 10