center_x = 28.279097014925377
center_y = 17.967410447761186
center_z = -1.8263805970149245
size_x = 22
size_y = 22
size_z = 22
energy_range = 9
exhaustiveness = 32
num_modes = 10