center_x = 21.23265853658536
center_y = 10.529268292682918
center_z = 6.174861788617884
size_x = 22
size_y = 22
size_z = 22
energy_range = 9
exhaustiveness = 32
num_modes = 10