center_x = 42.89504938271606
center_y = 21.60593827160494
center_z = 0.2834074074074079
size_x = 22
size_y = 22
size_z = 22
energy_range = 9
exhaustiveness = 32
num_modes = 10