center_x = 38.97461891117479
center_y = 16.915911174785094
center_z = 5.158209169054443
size_x = 22
size_y = 22
size_z = 22
energy_range = 9
exhaustiveness = 32
num_modes = 10