center_x = 30.003612903225797
center_y = 227.36232718894013
center_z = 28.289898617511525
size_x = 22
size_y = 22
size_z = 22
energy_range = 9
exhaustiveness = 32
num_modes = 10