center_x = 52.73153293413172
center_y = 219.615119760479
center_z = 12.88976047904192
size_x = 22
size_y = 22
size_z = 22
energy_range = 9
exhaustiveness = 32
num_modes = 10