center_x = 54.02268098159512
center_y = 224.4083987730061
center_z = 19.55944785276074
size_x = 22
size_y = 22
size_z = 22
energy_range = 9
exhaustiveness = 32
num_modes = 10