center_x = 38.362075
center_y = 241.9580187500001
center_z = 23.383600000000012
size_x = 22
size_y = 22
size_z = 22
energy_range = 9
exhaustiveness = 32
num_modes = 10