center_x = 31.35739512195121
center_y = 223.03482439024395
center_z = 15.420068292682933
size_x = 22
size_y = 22
size_z = 22
energy_range = 9
exhaustiveness = 32
num_modes = 10