center_x = 40.3370142857143
center_y = 238.5661000000001
center_z = 38.90551428571428
size_x = 22
size_y = 22
size_z = 22
energy_range = 9
exhaustiveness = 32
num_modes = 10