center_x = 50.02172972972974
center_y = 226.18580180180177
center_z = 12.94440540540541
size_x = 22
size_y = 22
size_z = 22
energy_range = 9
exhaustiveness = 32
num_modes = 10