center_x = 38.95646808510637
center_y = 240.21319148936163
center_z = 35.1321631205674
size_x = 22
size_y = 22
size_z = 22
energy_range = 9
exhaustiveness = 32
num_modes = 10