center_x = 47.86452083333332
center_y = 216.1863020833333
center_z = 18.736343750000003
size_x = 22
size_y = 22
size_z = 22
energy_range = 9
exhaustiveness = 32
num_modes = 10