center_x = 37.6720990990991
center_y = 228.9938468468469
center_z = 37.76375675675674
size_x = 22
size_y = 22
size_z = 22
energy_range = 9
exhaustiveness = 32
num_modes = 10