center_x = 47.79776335877863
center_y = 214.62589312977104
center_z = 32.846931297709936
size_x = 22
size_y = 22
size_z = 22
energy_range = 9
exhaustiveness = 32
num_modes = 10