center_x = 44.64265476190476
center_y = 238.42009523809537
center_z = 29.64832142857143
size_x = 22
size_y = 22
size_z = 22
energy_range = 9
exhaustiveness = 32
num_modes = 10