center_x = 45.21510714285714
center_y = 223.7091785714285
center_z = 36.57447142857142
size_x = 22
size_y = 22
size_z = 22
energy_range = 9
exhaustiveness = 32
num_modes = 10