center_x = 54.79437735849059
center_y = 228.5954905660378
center_z = 18.591830188679243
size_x = 22
size_y = 22
size_z = 22
energy_range = 9
exhaustiveness = 32
num_modes = 10