center_x = 54.29559659090911
center_y = 215.53038068181812
center_z = 21.26784659090909
size_x = 22
size_y = 22
size_z = 22
energy_range = 9
exhaustiveness = 32
num_modes = 10