center_x = 31.055291666666665
center_y = 238.25939999999989
center_z = 27.738625
size_x = 22
size_y = 22
size_z = 22
energy_range = 9
exhaustiveness = 32
num_modes = 10