center_x = 41.63918965517243
center_y = 216.0218534482759
center_z = 36.65044827586206
size_x = 22
size_y = 22
size_z = 22
energy_range = 9
exhaustiveness = 32
num_modes = 10