center_x = 56.2551379310345
center_y = 92.1171264367816
center_z = 86.24193103448276
size_x = 22
size_y = 22
size_z = 22
energy_range = 9
exhaustiveness = 32
num_modes = 10