center_x = 41.571523076923086
center_y = 72.54226923076916
center_z = 79.29283846153848
size_x = 22
size_y = 22
size_z = 22
energy_range = 9
exhaustiveness = 32
num_modes = 10