center_x = 35.46290277777779
center_y = 58.32799999999999
center_z = 94.1118125
size_x = 22
size_y = 22
size_z = 22
energy_range = 9
exhaustiveness = 32
num_modes = 10