center_x = 41.55593233082703
center_y = 70.93018796992482
center_z = 73.83957142857139
size_x = 22
size_y = 22
size_z = 22
energy_range = 9
exhaustiveness = 32
num_modes = 10