center_x = 50.60406756756751
center_y = 74.70353378378377
center_z = 76.59783783783783
size_x = 22
size_y = 22
size_z = 22
energy_range = 9
exhaustiveness = 32
num_modes = 10