center_x = 38.834234375000015
center_y = 55.58234375
center_z = 69.93562499999999
size_x = 22
size_y = 22
size_z = 22
energy_range = 9
exhaustiveness = 32
num_modes = 10