center_x = 39.48734259259259
center_y = 58.77283333333332
center_z = 67.91978703703703
size_x = 22
size_y = 22
size_z = 22
energy_range = 9
exhaustiveness = 32
num_modes = 10