center_x = 18.637700743494428
center_y = -8.246492565055759
center_z = 13.10428903345725
size_x = 22
size_y = 22
size_z = 22
energy_range = 9
exhaustiveness = 32
num_modes = 10