center_x = 29.26648630136986
center_y = -7.369582191780819
center_z = 24.853856164383565
size_x = 22
size_y = 22
size_z = 22
energy_range = 9
exhaustiveness = 32
num_modes = 10