center_x = 16.819761290322585
center_y = 7.260838709677422
center_z = 33.90079999999999
size_x = 22
size_y = 22
size_z = 22
energy_range = 9
exhaustiveness = 32
num_modes = 10