center_x = 6.504777777777776
center_y = 9.29590555555556
center_z = 32.88610555555557
size_x = 22
size_y = 22
size_z = 22
energy_range = 9
exhaustiveness = 32
num_modes = 10