center_x = 3.7905410958904087
center_y = 5.302212328767122
center_z = 26.68293835616438
size_x = 22
size_y = 22
size_z = 22
energy_range = 9
exhaustiveness = 32
num_modes = 10