center_x = 24.72661937716264
center_y = -11.086086505190314
center_z = 18.70378892733564
size_x = 22
size_y = 22
size_z = 22
energy_range = 9
exhaustiveness = 32
num_modes = 10