center_x = 3.180021505376344
center_y = -6.839623655913974
center_z = 35.26754301075269
size_x = 22
size_y = 22
size_z = 22
energy_range = 9
exhaustiveness = 32
num_modes = 10