center_x = 10.689597014925376
center_y = -12.02970149253731
center_z = 36.53762686567165
size_x = 22
size_y = 22
size_z = 22
energy_range = 9
exhaustiveness = 32
num_modes = 10