center_x = 24.817919917864465
center_y = -10.028502053388085
center_z = 12.105425051334684
size_x = 22
size_y = 22
size_z = 22
energy_range = 9
exhaustiveness = 32
num_modes = 10