center_x = 8.58944623655914
center_y = 13.447779569892491
center_z = 33.554155913978505
size_x = 22
size_y = 22
size_z = 22
energy_range = 9
exhaustiveness = 32
num_modes = 10