center_x = 25.305781609195392
center_y = -10.673643678160907
center_z = 13.367034482758609
size_x = 22
size_y = 22
size_z = 22
energy_range = 9
exhaustiveness = 32
num_modes = 10