center_x = 16.503787234042555
center_y = 9.561226950354603
center_z = 3.399432624113474
size_x = 22
size_y = 22
size_z = 22
energy_range = 9
exhaustiveness = 32
num_modes = 10