center_x = 0.3405416666666667
center_y = -1.1134916666666668
center_z = 22.03245
size_x = 22
size_y = 22
size_z = 22
energy_range = 9
exhaustiveness = 32
num_modes = 10