center_x = 21.619848739495797
center_y = 9.500344537815126
center_z = 30.83084873949579
size_x = 22
size_y = 22
size_z = 22
energy_range = 9
exhaustiveness = 32
num_modes = 10