center_x = 2.3814173913043475
center_y = -11.172971739130446
center_z = 32.12758260869565
size_x = 22
size_y = 22
size_z = 22
energy_range = 9
exhaustiveness = 32
num_modes = 10