center_x = 2.04925
center_y = 5.332425438596489
center_z = 8.937302631578953
size_x = 22
size_y = 22
size_z = 22
energy_range = 9
exhaustiveness = 32
num_modes = 10