center_x = 12.75128368794326
center_y = -1.1750000000000012
center_z = 35.362914893617
size_x = 22
size_y = 22
size_z = 22
energy_range = 9
exhaustiveness = 32
num_modes = 10