center_x = 76.23153773584907
center_y = 172.7524245283019
center_z = 186.1827028301886
size_x = 22
size_y = 22
size_z = 22
energy_range = 9
exhaustiveness = 32
num_modes = 10