center_x = 72.33996521739127
center_y = 173.795356521739
center_z = 177.3722391304349
size_x = 22
size_y = 22
size_z = 22
energy_range = 9
exhaustiveness = 32
num_modes = 10