center_x = 81.28205357142859
center_y = 157.76433928571427
center_z = 179.0597723214285
size_x = 22
size_y = 22
size_z = 22
energy_range = 9
exhaustiveness = 32
num_modes = 10