center_x = 70.92708787346226
center_y = 168.23983304042193
center_z = 178.0599859402462
size_x = 22
size_y = 22
size_z = 22
energy_range = 9
exhaustiveness = 32
num_modes = 10