center_x = 77.37094845360826
center_y = 157.48514432989688
center_z = 175.07223195876293
size_x = 22
size_y = 22
size_z = 22
energy_range = 9
exhaustiveness = 32
num_modes = 10