center_x = 80.85436101083026
center_y = 171.63310469314084
center_z = 186.3376678700361
size_x = 22
size_y = 22
size_z = 22
energy_range = 9
exhaustiveness = 32
num_modes = 10