center_x = 79.88444791666662
center_y = 165.89596354166676
center_z = 197.11265104166677
size_x = 22
size_y = 22
size_z = 22
energy_range = 9
exhaustiveness = 32
num_modes = 10