center_x = 65.54853043478259
center_y = 166.92261304347824
center_z = 169.86152173913058
size_x = 22
size_y = 22
size_z = 22
energy_range = 9
exhaustiveness = 32
num_modes = 10