center_x = 79.41754569892477
center_y = 169.6135698924732
center_z = 175.1372741935484
size_x = 22
size_y = 22
size_z = 22
energy_range = 9
exhaustiveness = 32
num_modes = 10