center_x = 76.5825427728614
center_y = 163.1506519174041
center_z = 187.4286725663717
size_x = 22
size_y = 22
size_z = 22
energy_range = 9
exhaustiveness = 32
num_modes = 10