center_x = 65.57323668639053
center_y = 167.14146153846158
center_z = 167.5479556213018
size_x = 22
size_y = 22
size_z = 22
energy_range = 9
exhaustiveness = 32
num_modes = 10