center_x = 79.43796875000001
center_y = 162.51713749999993
center_z = 196.45363750000004
size_x = 22
size_y = 22
size_z = 22
energy_range = 9
exhaustiveness = 32
num_modes = 10