center_x = 79.1170188679245
center_y = 165.35315566037735
center_z = 196.2049622641509
size_x = 22
size_y = 22
size_z = 22
energy_range = 9
exhaustiveness = 32
num_modes = 10