center_x = 85.65461075268821
center_y = 168.19376774193546
center_z = 184.39754193548384
size_x = 22
size_y = 22
size_z = 22
energy_range = 9
exhaustiveness = 32
num_modes = 10