center_x = 79.29879500000001
center_y = 155.98827500000002
center_z = 181.22846500000003
size_x = 22
size_y = 22
size_z = 22
energy_range = 9
exhaustiveness = 32
num_modes = 10