center_x = 82.97455859374998
center_y = 165.46805468749992
center_z = 194.15333203125005
size_x = 22
size_y = 22
size_z = 22
energy_range = 9
exhaustiveness = 32
num_modes = 10