center_x = 76.9988021582734
center_y = 171.06267266187044
center_z = 188.00606474820145
size_x = 22
size_y = 22
size_z = 22
energy_range = 9
exhaustiveness = 32
num_modes = 10