center_x = 76.6590098039216
center_y = 171.3699607843137
center_z = 191.45540196078412
size_x = 22
size_y = 22
size_z = 22
energy_range = 9
exhaustiveness = 32
num_modes = 10