center_x = 64.61765476190476
center_y = 166.06456547619044
center_z = 174.73927380952372
size_x = 22
size_y = 22
size_z = 22
energy_range = 9
exhaustiveness = 32
num_modes = 10