center_x = 81.56862977099237
center_y = 159.01037786259548
center_z = 187.44748091603049
size_x = 22
size_y = 22
size_z = 22
energy_range = 9
exhaustiveness = 32
num_modes = 10