center_x = 85.14622285714286
center_y = 167.53398285714292
center_z = 182.9758914285716
size_x = 22
size_y = 22
size_z = 22
energy_range = 9
exhaustiveness = 32
num_modes = 10