center_x = 76.96606424581009
center_y = 162.1534748603351
center_z = 190.1647486033519
size_x = 22
size_y = 22
size_z = 22
energy_range = 9
exhaustiveness = 32
num_modes = 10