center_x = 73.04162500000002
center_y = 164.20215540540542
center_z = 178.11707432432428
size_x = 22
size_y = 22
size_z = 22
energy_range = 9
exhaustiveness = 32
num_modes = 10