center_x = 72.68964901349955
center_y = 166.52106542056072
center_z = 178.26402284527524
size_x = 22
size_y = 22
size_z = 22
energy_range = 9
exhaustiveness = 32
num_modes = 10