center_x = 85.14220610687025
center_y = 170.84757251908397
center_z = 193.7976488549618
size_x = 22
size_y = 22
size_z = 22
energy_range = 9
exhaustiveness = 32
num_modes = 10