center_x = 80.70175161290325
center_y = 167.5887064516128
center_z = 174.63441935483874
size_x = 22
size_y = 22
size_z = 22
energy_range = 9
exhaustiveness = 32
num_modes = 10