center_x = 84.40429069767443
center_y = 161.73265116279063
center_z = 176.49744961240316
size_x = 22
size_y = 22
size_z = 22
energy_range = 9
exhaustiveness = 32
num_modes = 10