center_x = 84.08285714285716
center_y = 169.46263025210078
center_z = 187.44452941176476
size_x = 22
size_y = 22
size_z = 22
energy_range = 9
exhaustiveness = 32
num_modes = 10