center_x = 84.45982608695654
center_y = 161.55349565217404
center_z = 175.9008173913043
size_x = 22
size_y = 22
size_z = 22
energy_range = 9
exhaustiveness = 32
num_modes = 10