center_x = 73.53652439024394
center_y = 162.0832134146341
center_z = 164.12032926829272
size_x = 22
size_y = 22
size_z = 22
energy_range = 9
exhaustiveness = 32
num_modes = 10