center_x = 83.38064344262293
center_y = 166.79742622950832
center_z = 173.3018360655738
size_x = 22
size_y = 22
size_z = 22
energy_range = 9
exhaustiveness = 32
num_modes = 10