center_x = 5.696580110497238
center_y = -31.643955801104998
center_z = 36.30687845303867
size_x = 22
size_y = 22
size_z = 22
energy_range = 9
exhaustiveness = 32
num_modes = 10