center_x = -11.756590909090905
center_y = -46.03576704545458
center_z = 18.715857954545456
size_x = 22
size_y = 22
size_z = 22
energy_range = 9
exhaustiveness = 32
num_modes = 10