center_x = 21.05109629629629
center_y = -32.460807407407415
center_z = 16.212562962962966
size_x = 22
size_y = 22
size_z = 22
energy_range = 9
exhaustiveness = 32
num_modes = 10