center_x = -22.580126696832583
center_y = -40.04178280542985
center_z = 34.01857466063348
size_x = 22
size_y = 22
size_z = 22
energy_range = 9
exhaustiveness = 32
num_modes = 10