center_x = 12.54848554913295
center_y = -25.237543352601143
center_z = -8.822150289017342
size_x = 22
size_y = 22
size_z = 22
energy_range = 9
exhaustiveness = 32
num_modes = 10