center_x = 13.48712349397591
center_y = -16.89530421686747
center_z = 16.88249096385542
size_x = 22
size_y = 22
size_z = 22
energy_range = 9
exhaustiveness = 32
num_modes = 10