center_x = -25.0504142857143
center_y = -52.5983214285714
center_z = 34.04427857142856
size_x = 22
size_y = 22
size_z = 22
energy_range = 9
exhaustiveness = 32
num_modes = 10