center_x = 3.614267326732673
center_y = -18.02934653465347
center_z = 27.777029702970324
size_x = 22
size_y = 22
size_z = 22
energy_range = 9
exhaustiveness = 32
num_modes = 10