center_x = -26.15612962962962
center_y = -51.07442592592591
center_z = 51.53099074074076
size_x = 22
size_y = 22
size_z = 22
energy_range = 9
exhaustiveness = 32
num_modes = 10