center_x = 23.33614371257485
center_y = -27.701658682634744
center_z = 5.694077844311378
size_x = 22
size_y = 22
size_z = 22
energy_range = 9
exhaustiveness = 32
num_modes = 10