center_x = 11.6896
center_y = -38.697100000000006
center_z = 20.941012500000003
size_x = 22
size_y = 22
size_z = 22
energy_range = 9
exhaustiveness = 32
num_modes = 10