center_x = 0.964638709677419
center_y = -33.9020193548387
center_z = 4.274754838709677
size_x = 22
size_y = 22
size_z = 22
energy_range = 9
exhaustiveness = 32
num_modes = 10