center_x = 15.06765573770492
center_y = -42.678491803278696
center_z = 11.192409836065574
size_x = 22
size_y = 22
size_z = 22
energy_range = 9
exhaustiveness = 32
num_modes = 10