center_x = 12.030801136363635
center_y = -26.98671590909091
center_z = 24.48730113636364
size_x = 22
size_y = 22
size_z = 22
energy_range = 9
exhaustiveness = 32
num_modes = 10