center_x = 18.961963855421686
center_y = -25.51742771084338
center_z = -7.847855421686748
size_x = 22
size_y = 22
size_z = 22
energy_range = 9
exhaustiveness = 32
num_modes = 10