center_x = -6.929237588652484
center_y = -9.199624113475178
center_z = 23.3412695035461
size_x = 22
size_y = 22
size_z = 22
energy_range = 9
exhaustiveness = 32
num_modes = 10