center_x = -12.42950515463918
center_y = -46.53780412371135
center_z = 54.980082474226805
size_x = 22
size_y = 22
size_z = 22
energy_range = 9
exhaustiveness = 32
num_modes = 10