center_x = 1.4178235294117645
center_y = -10.860781512605042
center_z = 4.614226890756305
size_x = 22
size_y = 22
size_z = 22
energy_range = 9
exhaustiveness = 32
num_modes = 10