center_x = -17.03978709677419
center_y = -15.171445161290317
center_z = 15.876
size_x = 22
size_y = 22
size_z = 22
energy_range = 9
exhaustiveness = 32
num_modes = 10