center_x = 21.369910891089116
center_y = -29.67083168316832
center_z = -8.125039603960392
size_x = 22
size_y = 22
size_z = 22
energy_range = 9
exhaustiveness = 32
num_modes = 10