center_x = -12.561079754601227
center_y = -35.80971165644174
center_z = 47.0196134969325
size_x = 22
size_y = 22
size_z = 22
energy_range = 9
exhaustiveness = 32
num_modes = 10