center_x = 17.3824598540146
center_y = -36.22237956204384
center_z = 1.8692189781021893
size_x = 22
size_y = 22
size_z = 22
energy_range = 9
exhaustiveness = 32
num_modes = 10