center_x = -24.10675
center_y = -21.350992424242417
center_z = 31.534522727272734
size_x = 22
size_y = 22
size_z = 22
energy_range = 9
exhaustiveness = 32
num_modes = 10