center_x = 8.960945736434107
center_y = -38.48799224806202
center_z = 31.03126356589147
size_x = 22
size_y = 22
size_z = 22
energy_range = 9
exhaustiveness = 32
num_modes = 10