center_x = -13.665075757575758
center_y = -13.058
center_z = 27.24265151515152
size_x = 22
size_y = 22
size_z = 22
energy_range = 9
exhaustiveness = 32
num_modes = 10