center_x = 14.041208333333328
center_y = -32.43963333333333
center_z = -8.262108333333334
size_x = 22
size_y = 22
size_z = 22
energy_range = 9
exhaustiveness = 32
num_modes = 10