center_x = -1.252061224489795
center_y = -40.473244897959184
center_z = 49.26376530612247
size_x = 22
size_y = 22
size_z = 22
energy_range = 9
exhaustiveness = 32
num_modes = 10