center_x = 7.551101010101009
center_y = -9.372303030303028
center_z = 8.170050505050503
size_x = 22
size_y = 22
size_z = 22
energy_range = 9
exhaustiveness = 32
num_modes = 10