center_x = -8.282121212121211
center_y = -23.10693333333333
center_z = 6.756660606060603
size_x = 22
size_y = 22
size_z = 22
energy_range = 9
exhaustiveness = 32
num_modes = 10