center_x = 5.91341494845361
center_y = -38.17225515463919
center_z = 17.051291237113396
size_x = 22
size_y = 22
size_z = 22
energy_range = 9
exhaustiveness = 32
num_modes = 10