center_x = -29.97721472392638
center_y = -47.028803680981575
center_z = 42.47803680981595
size_x = 22
size_y = 22
size_z = 22
energy_range = 9
exhaustiveness = 32
num_modes = 10