center_x = -14.726817567567563
center_y = 18.52407432432432
center_z = 19.370608108108115
size_x = 22
size_y = 22
size_z = 22
energy_range = 9
exhaustiveness = 32
num_modes = 10