center_x = -2.8456509433962283
center_y = -13.236382075471708
center_z = 13.011136792452826
size_x = 22
size_y = 22
size_z = 22
energy_range = 9
exhaustiveness = 32
num_modes = 10