center_x = -8.972043209876542
center_y = 2.108512345679011
center_z = 24.405376543209872
size_x = 22
size_y = 22
size_z = 22
energy_range = 9
exhaustiveness = 32
num_modes = 10