center_x = -8.408944099378884
center_y = -18.567559006211187
center_z = 18.84152173913044
size_x = 22
size_y = 22
size_z = 22
energy_range = 9
exhaustiveness = 32
num_modes = 10