center_x = -11.238984962406018
center_y = -11.511330827067663
center_z = -0.7812105263157901
size_x = 22
size_y = 22
size_z = 22
energy_range = 9
exhaustiveness = 32
num_modes = 10