center_x = -8.606745098039214
center_y = -10.026705882352942
center_z = 27.241480392156856
size_x = 22
size_y = 22
size_z = 22
energy_range = 9
exhaustiveness = 32
num_modes = 10