center_x = -29.780614906832287
center_y = 4.834211180124225
center_z = 15.140204968944094
size_x = 22
size_y = 22
size_z = 22
energy_range = 9
exhaustiveness = 32
num_modes = 10