center_x = -9.11702801120448
center_y = -3.100568627450981
center_z = 18.31871988795517
size_x = 22
size_y = 22
size_z = 22
energy_range = 9
exhaustiveness = 32
num_modes = 10