center_x = -22.19548947368421
center_y = -0.6718631578947374
center_z = 7.093889473684209
size_x = 22
size_y = 22
size_z = 22
energy_range = 9
exhaustiveness = 32
num_modes = 10