center_x = -4.128611111111111
center_y = 6.171311111111107
center_z = -2.19615
size_x = 22
size_y = 22
size_z = 22
energy_range = 9
exhaustiveness = 32
num_modes = 10