center_x = 0.4688943089430891
center_y = 7.221382113821138
center_z = 20.78431707317073
size_x = 22
size_y = 22
size_z = 22
energy_range = 9
exhaustiveness = 32
num_modes = 10