center_x = -30.29074436090227
center_y = -10.86633834586466
center_z = 12.831827067669174
size_x = 22
size_y = 22
size_z = 22
energy_range = 9
exhaustiveness = 32
num_modes = 10