center_x = -27.761692810457507
center_y = 4.289522875816995
center_z = 21.24129411764706
size_x = 22
size_y = 22
size_z = 22
energy_range = 9
exhaustiveness = 32
num_modes = 10