center_x = 4.288769230769228
center_y = 2.617538461538461
center_z = 10.494785714285705
size_x = 22
size_y = 22
size_z = 22
energy_range = 9
exhaustiveness = 32
num_modes = 10