center_x = 71.26291791044773
center_y = 53.69441791044778
center_z = 19.61137313432836
size_x = 22
size_y = 22
size_z = 22
energy_range = 9
exhaustiveness = 32
num_modes = 10