center_x = 69.478743718593
center_y = 62.56033165829143
center_z = 7.415100502512566
size_x = 22
size_y = 22
size_z = 22
energy_range = 9
exhaustiveness = 32
num_modes = 10