center_x = 71.42385436893203
center_y = 65.10848058252425
center_z = 3.736961165048543
size_x = 22
size_y = 22
size_z = 22
energy_range = 9
exhaustiveness = 32
num_modes = 10