center_x = 71.56505190311424
center_y = 52.140577854671285
center_z = 22.795948096885795
size_x = 22
size_y = 22
size_z = 22
energy_range = 9
exhaustiveness = 32
num_modes = 10