center_x = 70.15156105610556
center_y = 61.96319471947204
center_z = 8.150372937293723
size_x = 22
size_y = 22
size_z = 22
energy_range = 9
exhaustiveness = 32
num_modes = 10