center_x = 72.82087407407401
center_y = 52.001770370370345
center_z = 24.5683925925926
size_x = 22
size_y = 22
size_z = 22
energy_range = 9
exhaustiveness = 32
num_modes = 10