center_x = 71.3146234177215
center_y = 56.36089873417722
center_z = 16.609775316455707
size_x = 22
size_y = 22
size_z = 22
energy_range = 9
exhaustiveness = 32
num_modes = 10