receptor = data/6oxz/6oxz_ligand.pdbqt
ligand = data/6oxz/6oxz_protein.pdbqt
center_x = 71.3146234177215
center_y = 56.36089873417722
center_z = 16.609775316455707
size_x = 35.183246835443015
size_y = 30.25620253164557
size_z = 36.29755063291142
energy_range = 9
exhaustiveness = 32
num_modes = 10