center_x = 70.85619101123591
center_y = 56.10198314606742
center_z = 16.985109550561802
size_x = 22
size_y = 22
size_z = 22
energy_range = 9
exhaustiveness = 32
num_modes = 10