center_x = 70.97998828124999
center_y = 56.50253027343749
center_z = 16.291675781250024
size_x = 22
size_y = 22
size_z = 22
energy_range = 9
exhaustiveness = 32
num_modes = 10