center_x = 71.39529113924046
center_y = 58.25756962025321
center_z = 13.56789240506329
size_x = 22
size_y = 22
size_z = 22
energy_range = 9
exhaustiveness = 32
num_modes = 10