center_x = 71.17411578947369
center_y = 58.27386842105264
center_z = 13.139736842105265
size_x = 22
size_y = 22
size_z = 22
energy_range = 9
exhaustiveness = 32
num_modes = 10