center_x = 182.5090244648319
center_y = 50.343119266055005
center_z = 209.47633639143737
size_x = 22
size_y = 22
size_z = 22
energy_range = 9
exhaustiveness = 32
num_modes = 10