center_x = 166.39221036007592
center_y = 33.12821225521165
center_z = 207.809066961466
size_x = 22
size_y = 22
size_z = 22
energy_range = 9
exhaustiveness = 32
num_modes = 10