center_x = 165.60159797979787
center_y = 36.23914141414141
center_z = 203.59970303030312
size_x = 22
size_y = 22
size_z = 22
energy_range = 9
exhaustiveness = 32
num_modes = 10