center_x = 178.2816923076922
center_y = 43.31352051282052
center_z = 207.8666512820513
size_x = 22
size_y = 22
size_z = 22
energy_range = 9
exhaustiveness = 32
num_modes = 10