center_x = 180.3019573412698
center_y = 45.48228472222225
center_z = 206.7271736111113
size_x = 22
size_y = 22
size_z = 22
energy_range = 9
exhaustiveness = 32
num_modes = 10