center_x = 188.11679930795847
center_y = 53.18824221453288
center_z = 209.971795847751
size_x = 22
size_y = 22
size_z = 22
energy_range = 9
exhaustiveness = 32
num_modes = 10