center_x = 164.32954914529918
center_y = 37.50713675213677
center_z = 209.1525427350425
size_x = 22
size_y = 22
size_z = 22
energy_range = 9
exhaustiveness = 32
num_modes = 10