center_x = 190.17549539170503
center_y = 53.49758755760372
center_z = 205.5585552995388
size_x = 22
size_y = 22
size_z = 22
energy_range = 9
exhaustiveness = 32
num_modes = 10