center_x = 190.0077085201792
center_y = 57.32723542600898
center_z = 209.7864439461884
size_x = 22
size_y = 22
size_z = 22
energy_range = 9
exhaustiveness = 32
num_modes = 10