center_x = 162.67344444444433
center_y = 41.07767037037031
center_z = 204.0625592592592
size_x = 22
size_y = 22
size_z = 22
energy_range = 9
exhaustiveness = 32
num_modes = 10