center_x = 165.20503063457323
center_y = 38.8464026258206
center_z = 208.88860831509865
size_x = 22
size_y = 22
size_z = 22
energy_range = 9
exhaustiveness = 32
num_modes = 10