center_x = 156.14179599271398
center_y = 30.165559198542805
center_z = 204.2722969034609
size_x = 22
size_y = 22
size_z = 22
energy_range = 9
exhaustiveness = 32
num_modes = 10