center_x = 184.29298679245304
center_y = 48.97045660377353
center_z = 207.88986415094357
size_x = 22
size_y = 22
size_z = 22
energy_range = 9
exhaustiveness = 32
num_modes = 10