center_x = 164.55556598240477
center_y = 38.12162463343108
center_z = 212.43191788856288
size_x = 22
size_y = 22
size_z = 22
energy_range = 9
exhaustiveness = 32
num_modes = 10