center_x = 194.5435655976676
center_y = 53.06694169096212
center_z = 202.80685131195327
size_x = 22
size_y = 22
size_z = 22
energy_range = 9
exhaustiveness = 32
num_modes = 10