center_x = 166.8743170103093
center_y = 41.86889175257736
center_z = 205.41865721649455
size_x = 22
size_y = 22
size_z = 22
energy_range = 9
exhaustiveness = 32
num_modes = 10