center_x = 170.65836978508244
center_y = 40.00956890012648
center_z = 206.84202812895103
size_x = 22
size_y = 22
size_z = 22
energy_range = 9
exhaustiveness = 32
num_modes = 10