center_x = 180.9505840517241
center_y = 48.46060344827585
center_z = 208.87184482758624
size_x = 22
size_y = 22
size_z = 22
energy_range = 9
exhaustiveness = 32
num_modes = 10