center_x = 163.85451000000003
center_y = 38.90928399999997
center_z = 209.73537200000004
size_x = 22
size_y = 22
size_z = 22
energy_range = 9
exhaustiveness = 32
num_modes = 10