center_x = 160.33221958456969
center_y = 31.39494955489612
center_z = 212.41940059347164
size_x = 22
size_y = 22
size_z = 22
energy_range = 9
exhaustiveness = 32
num_modes = 10