center_x = 171.12343766578235
center_y = 45.58663925729445
center_z = 208.0553899204245
size_x = 22
size_y = 22
size_z = 22
energy_range = 9
exhaustiveness = 32
num_modes = 10