center_x = 195.00099754299748
center_y = 52.30296314496319
center_z = 205.47294594594584
size_x = 22
size_y = 22
size_z = 22
energy_range = 9
exhaustiveness = 32
num_modes = 10