center_x = 191.14787073170743
center_y = 48.70974634146343
center_z = 204.93604146341443
size_x = 22
size_y = 22
size_z = 22
energy_range = 9
exhaustiveness = 32
num_modes = 10