center_x = 172.77008037825053
center_y = 41.277744680851086
center_z = 205.24014657210407
size_x = 22
size_y = 22
size_z = 22
energy_range = 9
exhaustiveness = 32
num_modes = 10