center_x = 160.09767090395485
center_y = 37.11964548022598
center_z = 211.38667090395495
size_x = 22
size_y = 22
size_z = 22
energy_range = 9
exhaustiveness = 32
num_modes = 10