center_x = 189.91342250922511
center_y = 46.18672878228783
center_z = 208.24058487084852
size_x = 22
size_y = 22
size_z = 22
energy_range = 9
exhaustiveness = 32
num_modes = 10