center_x = 161.17561261261264
center_y = 34.615990990990966
center_z = 211.0061824324323
size_x = 22
size_y = 22
size_z = 22
energy_range = 9
exhaustiveness = 32
num_modes = 10