center_x = 162.44231645569624
center_y = 36.42841772151899
center_z = 205.0883512658229
size_x = 22
size_y = 22
size_z = 22
energy_range = 9
exhaustiveness = 32
num_modes = 10