center_x = 161.15118327974275
center_y = 37.8700546623794
center_z = 209.49111575562708
size_x = 22
size_y = 22
size_z = 22
energy_range = 9
exhaustiveness = 32
num_modes = 10