center_x = 189.8475761047464
center_y = 56.36279214402618
center_z = 207.9091162029458
size_x = 22
size_y = 22
size_z = 22
energy_range = 9
exhaustiveness = 32
num_modes = 10