center_x = 162.20062042389216
center_y = 36.319865125240845
center_z = 211.55969364161845
size_x = 22
size_y = 22
size_z = 22
energy_range = 9
exhaustiveness = 32
num_modes = 10