center_x = 167.01589626556026
center_y = 35.72923029045642
center_z = 206.2039771784231
size_x = 22
size_y = 22
size_z = 22
energy_range = 9
exhaustiveness = 32
num_modes = 10