center_x = 165.139038
center_y = 36.330016
center_z = 209.75475999999983
size_x = 22
size_y = 22
size_z = 22
energy_range = 9
exhaustiveness = 32
num_modes = 10