center_x = 183.8580513761468
center_y = 52.22106788990825
center_z = 211.91269724770643
size_x = 22
size_y = 22
size_z = 22
energy_range = 9
exhaustiveness = 32
num_modes = 10