center_x = 169.61793069306927
center_y = 37.01145874587454
center_z = 210.77383828382835
size_x = 22
size_y = 22
size_z = 22
energy_range = 9
exhaustiveness = 32
num_modes = 10