center_x = 162.9741113585747
center_y = 33.625505567928705
center_z = 208.16767483296212
size_x = 22
size_y = 22
size_z = 22
energy_range = 9
exhaustiveness = 32
num_modes = 10