center_x = 164.77387586206882
center_y = 30.100273563218405
center_z = 210.5863609195401
size_x = 22
size_y = 22
size_z = 22
energy_range = 9
exhaustiveness = 32
num_modes = 10