center_x = 187.34521702127657
center_y = 45.35321063829784
center_z = 209.878640425532
size_x = 22
size_y = 22
size_z = 22
energy_range = 9
exhaustiveness = 32
num_modes = 10