center_x = 166.3742188099809
center_y = 38.9554510556622
center_z = 203.96377351247605
size_x = 22
size_y = 22
size_z = 22
energy_range = 9
exhaustiveness = 32
num_modes = 10