center_x = 169.01193103448267
center_y = 33.61179840848808
center_z = 207.2511087533157
size_x = 22
size_y = 22
size_z = 22
energy_range = 9
exhaustiveness = 32
num_modes = 10