center_x = 164.965913841808
center_y = 35.0693785310735
center_z = 206.6130466101696
size_x = 22
size_y = 22
size_z = 22
energy_range = 9
exhaustiveness = 32
num_modes = 10