center_x = 189.20299999999983
center_y = 51.305081712062304
center_z = 199.3278988326848
size_x = 22
size_y = 22
size_z = 22
energy_range = 9
exhaustiveness = 32
num_modes = 10