center_x = 160.81904186046506
center_y = 40.01230465116278
center_z = 207.985888372093
size_x = 22
size_y = 22
size_z = 22
energy_range = 9
exhaustiveness = 32
num_modes = 10