center_x = 160.0489756480752
center_y = 33.717553809897936
center_z = 208.260572663001
size_x = 22
size_y = 22
size_z = 22
energy_range = 9
exhaustiveness = 32
num_modes = 10