center_x = 165.3220478971962
center_y = 38.08247546728971
center_z = 209.3631016355139
size_x = 22
size_y = 22
size_z = 22
energy_range = 9
exhaustiveness = 32
num_modes = 10