center_x = 160.39102722772282
center_y = 33.81216584158415
center_z = 207.51292821782172
size_x = 22
size_y = 22
size_z = 22
energy_range = 9
exhaustiveness = 32
num_modes = 10