center_x = 177.87615769944352
center_y = 36.62639146567718
center_z = 209.1502411873841
size_x = 22
size_y = 22
size_z = 22
energy_range = 9
exhaustiveness = 32
num_modes = 10