center_x = 190.67897080291968
center_y = 47.21831386861314
center_z = 210.5309002433088
size_x = 22
size_y = 22
size_z = 22
energy_range = 9
exhaustiveness = 32
num_modes = 10