center_x = 165.65389189189182
center_y = 45.34687567567569
center_z = 203.59408648648653
size_x = 22
size_y = 22
size_z = 22
energy_range = 9
exhaustiveness = 32
num_modes = 10