center_x = 164.12481535648993
center_y = 37.70074223034728
center_z = 206.1176471663619
size_x = 22
size_y = 22
size_z = 22
energy_range = 9
exhaustiveness = 32
num_modes = 10