center_x = 178.95691588785047
center_y = 47.4839501557632
center_z = 214.1439563862926
size_x = 22
size_y = 22
size_z = 22
energy_range = 9
exhaustiveness = 32
num_modes = 10