center_x = 165.6845146036161
center_y = 39.23376634214184
center_z = 209.640157162726
size_x = 22
size_y = 22
size_z = 22
energy_range = 9
exhaustiveness = 32
num_modes = 10