center_x = 30.52911111111112
center_y = 2.560653594771243
center_z = 40.20838562091501
size_x = 22
size_y = 22
size_z = 22
energy_range = 9
exhaustiveness = 32
num_modes = 10