center_x = 12.633295652173915
center_y = -2.679295652173913
center_z = 41.26369565217392
size_x = 22
size_y = 22
size_z = 22
energy_range = 9
exhaustiveness = 32
num_modes = 10