center_x = 6.978097222222224
center_y = -1.0269409722222216
center_z = 30.19438194444443
size_x = 22
size_y = 22
size_z = 22
energy_range = 9
exhaustiveness = 32
num_modes = 10