center_x = 32.33079761904762
center_y = -7.856928571428571
center_z = 27.35846428571428
size_x = 22
size_y = 22
size_z = 22
energy_range = 9
exhaustiveness = 32
num_modes = 10