center_x = 21.82083422459893
center_y = -7.443502673796794
center_z = 37.25347058823529
size_x = 22
size_y = 22
size_z = 22
energy_range = 9
exhaustiveness = 32
num_modes = 10