center_x = 6.273037499999999
center_y = 5.930100000000001
center_z = 41.12615
size_x = 22
size_y = 22
size_z = 22
energy_range = 9
exhaustiveness = 32
num_modes = 10