center_x = 26.492144927536263
center_y = 8.222009661835743
center_z = 40.11837198067632
size_x = 22
size_y = 22
size_z = 22
energy_range = 9
exhaustiveness = 32
num_modes = 10