center_x = 18.37125806451613
center_y = -1.5031096774193553
center_z = 45.12883870967744
size_x = 22
size_y = 22
size_z = 22
energy_range = 9
exhaustiveness = 32
num_modes = 10