center_x = 20.181066666666677
center_y = 15.917322222222214
center_z = 34.85713333333332
size_x = 22
size_y = 22
size_z = 22
energy_range = 9
exhaustiveness = 32
num_modes = 10