center_x = 13.96232352941177
center_y = 5.018279411764707
center_z = 46.43782352941176
size_x = 22
size_y = 22
size_z = 22
energy_range = 9
exhaustiveness = 32
num_modes = 10