center_x = -15.65712087912088
center_y = -10.030670329670333
center_z = 35.25976923076923
size_x = 22
size_y = 22
size_z = 22
energy_range = 9
exhaustiveness = 32
num_modes = 10