center_x = -7.683419811320753
center_y = -5.29129716981132
center_z = 10.206533018867928
size_x = 22
size_y = 22
size_z = 22
energy_range = 9
exhaustiveness = 32
num_modes = 10