center_x = -8.398697986577185
center_y = -25.79565100671141
center_z = 5.135275167785233
size_x = 22
size_y = 22
size_z = 22
energy_range = 9
exhaustiveness = 32
num_modes = 10