center_x = -1.9696960784313728
center_y = -20.256686274509807
center_z = 25.92361764705881
size_x = 22
size_y = 22
size_z = 22
energy_range = 9
exhaustiveness = 32
num_modes = 10