center_x = -18.837068376068363
center_y = -2.9920769230769224
center_z = 35.23269230769231
size_x = 22
size_y = 22
size_z = 22
energy_range = 9
exhaustiveness = 32
num_modes = 10