center_x = -6.071124999999998
center_y = -12.473340909090917
center_z = 1.952386363636364
size_x = 22
size_y = 22
size_z = 22
energy_range = 9
exhaustiveness = 32
num_modes = 10