center_x = -19.075850393700783
center_y = -1.7530472440944882
center_z = 19.21197637795275
size_x = 22
size_y = 22
size_z = 22
energy_range = 9
exhaustiveness = 32
num_modes = 10