center_x = 8.586783783783783
center_y = -6.631058558558556
center_z = 10.97736486486487
size_x = 22
size_y = 22
size_z = 22
energy_range = 9
exhaustiveness = 32
num_modes = 10