center_x = -13.820212328767116
center_y = -20.20613013698632
center_z = 9.188369863013696
size_x = 22
size_y = 22
size_z = 22
energy_range = 9
exhaustiveness = 32
num_modes = 10