center_x = 59.50887681159423
center_y = 29.24280434782609
center_z = 43.54293236714978
size_x = 22
size_y = 22
size_z = 22
energy_range = 9
exhaustiveness = 32
num_modes = 10