center_x = 58.88223270440253
center_y = 30.13393710691821
center_z = 40.39425471698115
size_x = 22
size_y = 22
size_z = 22
energy_range = 9
exhaustiveness = 32
num_modes = 10