center_x = 68.43817164179109
center_y = 26.98703731343285
center_z = 43.25013805970149
size_x = 22
size_y = 22
size_z = 22
energy_range = 9
exhaustiveness = 32
num_modes = 10