center_x = 66.21486619718308
center_y = 27.43492253521126
center_z = 47.81504929577465
size_x = 22
size_y = 22
size_z = 22
energy_range = 9
exhaustiveness = 32
num_modes = 10