center_x = 59.48180057803467
center_y = 27.813176300578046
center_z = 27.030092485549144
size_x = 22
size_y = 22
size_z = 22
energy_range = 9
exhaustiveness = 32
num_modes = 10