center_x = 60.36195217391303
center_y = 17.05134782608694
center_z = 30.031043478260862
size_x = 22
size_y = 22
size_z = 22
energy_range = 9
exhaustiveness = 32
num_modes = 10