center_x = 52.97925431034482
center_y = 35.198823275862075
center_z = 14.95174137931035
size_x = 22
size_y = 22
size_z = 22
energy_range = 9
exhaustiveness = 32
num_modes = 10