center_x = 55.67965579710148
center_y = 16.205097826086956
center_z = 31.557724637681137
size_x = 22
size_y = 22
size_z = 22
energy_range = 9
exhaustiveness = 32
num_modes = 10