center_x = 66.65082954545456
center_y = 27.14339772727273
center_z = 43.818352272727225
size_x = 22
size_y = 22
size_z = 22
energy_range = 9
exhaustiveness = 32
num_modes = 10