center_x = 51.73121739130438
center_y = 23.221263586956518
center_z = 31.63666847826084
size_x = 22
size_y = 22
size_z = 22
energy_range = 9
exhaustiveness = 32
num_modes = 10