center_x = 57.67192968750001
center_y = 33.01062499999998
center_z = 17.961707031249997
size_x = 22
size_y = 22
size_z = 22
energy_range = 9
exhaustiveness = 32
num_modes = 10