center_x = 55.52629770992368
center_y = 18.965072519083986
center_z = 40.8517709923664
size_x = 22
size_y = 22
size_z = 22
energy_range = 9
exhaustiveness = 32
num_modes = 10