center_x = 49.75843023255813
center_y = 31.0868410852713
center_z = 20.18895348837208
size_x = 22
size_y = 22
size_z = 22
energy_range = 9
exhaustiveness = 32
num_modes = 10