center_x = 58.45591842610355
center_y = 33.43406429942418
center_z = 31.79983397312868
size_x = 22
size_y = 22
size_z = 22
energy_range = 9
exhaustiveness = 32
num_modes = 10