center_x = 58.8822327044025
center_y = 30.133937106918264
center_z = 40.394254716981145
size_x = 22
size_y = 22
size_z = 22
energy_range = 9
exhaustiveness = 32
num_modes = 10