center_x = 64.49248790322582
center_y = 23.31773387096776
center_z = 37.38856048387094
size_x = 22
size_y = 22
size_z = 22
energy_range = 9
exhaustiveness = 32
num_modes = 10