center_x = 63.26687218045113
center_y = 25.10848120300753
center_z = 41.315785714285695
size_x = 22
size_y = 22
size_z = 22
energy_range = 9
exhaustiveness = 32
num_modes = 10