center_x = 62.06825000000004
center_y = 22.86625450450449
center_z = 27.11258108108107
size_x = 22
size_y = 22
size_z = 22
energy_range = 9
exhaustiveness = 32
num_modes = 10