center_x = 59.54910000000004
center_y = 18.402540740740733
center_z = 23.66374444444445
size_x = 22
size_y = 22
size_z = 22
energy_range = 9
exhaustiveness = 32
num_modes = 10