center_x = 52.97925431034482
center_y = 35.19882327586207
center_z = 14.951741379310349
size_x = 22
size_y = 22
size_z = 22
energy_range = 9
exhaustiveness = 32
num_modes = 10