center_x = 64.4924879032258
center_y = 23.31773387096775
center_z = 37.38856048387094
size_x = 22
size_y = 22
size_z = 22
energy_range = 9
exhaustiveness = 32
num_modes = 10