center_x = 62.65652290076335
center_y = 19.907381679389285
center_z = 35.24474045801526
size_x = 22
size_y = 22
size_z = 22
energy_range = 9
exhaustiveness = 32
num_modes = 10