center_x = 55.62799624060148
center_y = 29.685477443609056
center_z = 44.13284586466162
size_x = 22
size_y = 22
size_z = 22
energy_range = 9
exhaustiveness = 32
num_modes = 10