center_x = 55.50552314814812
center_y = 26.733634259259265
center_z = 14.474736111111111
size_x = 22
size_y = 22
size_z = 22
energy_range = 9
exhaustiveness = 32
num_modes = 10