center_x = 55.679655797101454
center_y = 16.205097826086966
center_z = 31.557724637681176
size_x = 22
size_y = 22
size_z = 22
energy_range = 9
exhaustiveness = 32
num_modes = 10