center_x = 51.73121739130433
center_y = 23.22126358695652
center_z = 31.63666847826085
size_x = 22
size_y = 22
size_z = 22
energy_range = 9
exhaustiveness = 32
num_modes = 10