center_x = 55.72920312499998
center_y = 25.749901041666664
center_z = 48.3797708333333
size_x = 22
size_y = 22
size_z = 22
energy_range = 9
exhaustiveness = 32
num_modes = 10