center_x = 55.72920312499999
center_y = 25.74990104166666
center_z = 48.37977083333331
size_x = 22
size_y = 22
size_z = 22
energy_range = 9
exhaustiveness = 32
num_modes = 10