center_x = 58.67357798165134
center_y = 21.148908256880745
center_z = 19.742738532110103
size_x = 22
size_y = 22
size_z = 22
energy_range = 9
exhaustiveness = 32
num_modes = 10