center_x = 49.75843023255811
center_y = 31.08684108527129
center_z = 20.1889534883721
size_x = 22
size_y = 22
size_z = 22
energy_range = 9
exhaustiveness = 32
num_modes = 10