center_x = 52.48631603773581
center_y = 26.801509433962277
center_z = 45.20458962264152
size_x = 22
size_y = 22
size_z = 22
energy_range = 9
exhaustiveness = 32
num_modes = 10