center_x = 63.26687218045112
center_y = 25.108481203007525
center_z = 41.31578571428568
size_x = 22
size_y = 22
size_z = 22
energy_range = 9
exhaustiveness = 32
num_modes = 10