center_x = 54.19878048780487
center_y = 22.004146341463407
center_z = 15.971737804878048
size_x = 22
size_y = 22
size_z = 22
energy_range = 9
exhaustiveness = 32
num_modes = 10