center_x = 53.00361111111108
center_y = 30.08884595959596
center_z = 31.463183080808054
size_x = 22
size_y = 22
size_z = 22
energy_range = 9
exhaustiveness = 32
num_modes = 10