center_x = 57.87160555555554
center_y = 22.614222222222228
center_z = 47.636938888888885
size_x = 22
size_y = 22
size_z = 22
energy_range = 9
exhaustiveness = 32
num_modes = 10