center_x = 56.40675609756096
center_y = 33.52409146341464
center_z = 13.554341463414634
size_x = 22
size_y = 22
size_z = 22
energy_range = 9
exhaustiveness = 32
num_modes = 10