center_x = 59.54909999999998
center_y = 18.40254074074074
center_z = 23.663744444444426
size_x = 22
size_y = 22
size_z = 22
energy_range = 9
exhaustiveness = 32
num_modes = 10