center_x = 55.52629770992365
center_y = 18.965072519083968
center_z = 40.85177099236639
size_x = 22
size_y = 22
size_z = 22
energy_range = 9
exhaustiveness = 32
num_modes = 10