center_x = 62.65652290076338
center_y = 19.90738167938929
center_z = 35.24474045801524
size_x = 22
size_y = 22
size_z = 22
energy_range = 9
exhaustiveness = 32
num_modes = 10