center_x = 56.406756097560965
center_y = 33.52409146341467
center_z = 13.554341463414628
size_x = 22
size_y = 22
size_z = 22
energy_range = 9
exhaustiveness = 32
num_modes = 10