center_x = -25.372344827586208
center_y = 14.994660098522171
center_z = -25.566433497536945
size_x = 22
size_y = 22
size_z = 22
energy_range = 9
exhaustiveness = 32
num_modes = 10