center_x = -18.859542553191496
center_y = 15.57709574468086
center_z = -21.14661702127659
size_x = 22
size_y = 22
size_z = 22
energy_range = 9
exhaustiveness = 32
num_modes = 10