center_x = -16.92589614561027
center_y = 14.325457173447536
center_z = -19.09737366167025
size_x = 22
size_y = 22
size_z = 22
energy_range = 9
exhaustiveness = 32
num_modes = 10