center_x = -19.633164179104494
center_y = 15.476447761194024
center_z = -21.366032338308457
size_x = 22
size_y = 22
size_z = 22
energy_range = 9
exhaustiveness = 32
num_modes = 10