center_x = -16.572474958263793
center_y = 14.190893989983314
center_z = -18.73393739565942
size_x = 22
size_y = 22
size_z = 22
energy_range = 9
exhaustiveness = 32
num_modes = 10