center_x = -12.349529147982068
center_y = 11.521816143497748
center_z = -16.47163677130045
size_x = 22
size_y = 22
size_z = 22
energy_range = 9
exhaustiveness = 32
num_modes = 10