center_x = -10.596536054421769
center_y = 11.521654421768712
center_z = -12.85925170068026
size_x = 22
size_y = 22
size_z = 22
energy_range = 9
exhaustiveness = 32
num_modes = 10