center_x = -23.57379461279462
center_y = 16.71527272727274
center_z = -25.00171380471383
size_x = 22
size_y = 22
size_z = 22
energy_range = 9
exhaustiveness = 32
num_modes = 10