center_x = -22.27916812227073
center_y = 14.883325327510926
center_z = -24.618436681222683
size_x = 22
size_y = 22
size_z = 22
energy_range = 9
exhaustiveness = 32
num_modes = 10