center_x = -13.262624223602488
center_y = 12.8605652173913
center_z = -15.574537267080736
size_x = 22
size_y = 22
size_z = 22
energy_range = 9
exhaustiveness = 32
num_modes = 10