center_x = -14.132402061855672
center_y = 13.12120103092783
center_z = -16.330262886597946
size_x = 22
size_y = 22
size_z = 22
energy_range = 9
exhaustiveness = 32
num_modes = 10