center_x = -20.165430555555563
center_y = 15.68819444444444
center_z = -21.97835185185186
size_x = 22
size_y = 22
size_z = 22
energy_range = 9
exhaustiveness = 32
num_modes = 10