center_x = -25.46260504201681
center_y = 17.681197478991603
center_z = -26.63396218487393
size_x = 22
size_y = 22
size_z = 22
energy_range = 9
exhaustiveness = 32
num_modes = 10