center_x = -10.905757894736835
center_y = 11.784481578947366
center_z = -13.912715789473683
size_x = 22
size_y = 22
size_z = 22
energy_range = 9
exhaustiveness = 32
num_modes = 10