center_x = 108.45012149532712
center_y = 75.75204672897199
center_z = -35.89346728971962
size_x = 22
size_y = 22
size_z = 22
energy_range = 9
exhaustiveness = 32
num_modes = 10