center_x = 93.38366393442624
center_y = 93.24963524590169
center_z = -43.602471311475405
size_x = 22
size_y = 22
size_z = 22
energy_range = 9
exhaustiveness = 32
num_modes = 10