center_x = 102.48490476190476
center_y = 82.3085555555555
center_z = -19.13792857142857
size_x = 22
size_y = 22
size_z = 22
energy_range = 9
exhaustiveness = 32
num_modes = 10