center_x = 102.4419611650485
center_y = 68.9486504854369
center_z = -33.99931067961165
size_x = 22
size_y = 22
size_z = 22
energy_range = 9
exhaustiveness = 32
num_modes = 10