center_x = 99.42801652892562
center_y = 75.45430578512398
center_z = -31.513008264462812
size_x = 22
size_y = 22
size_z = 22
energy_range = 9
exhaustiveness = 32
num_modes = 10