center_x = 104.31720289855072
center_y = 83.15840579710145
center_z = -38.08104347826085
size_x = 22
size_y = 22
size_z = 22
energy_range = 9
exhaustiveness = 32
num_modes = 10