center_x = 86.23005555555555
center_y = 82.96807407407411
center_z = -30.83888888888889
size_x = 22
size_y = 22
size_z = 22
energy_range = 9
exhaustiveness = 32
num_modes = 10