center_x = 97.6549329268293
center_y = 80.72267682926828
center_z = -14.558567073170742
size_x = 22
size_y = 22
size_z = 22
energy_range = 9
exhaustiveness = 32
num_modes = 10