center_x = 89.26950276243097
center_y = 85.23686187845306
center_z = -37.26718232044196
size_x = 22
size_y = 22
size_z = 22
energy_range = 9
exhaustiveness = 32
num_modes = 10