center_x = 93.15335658914728
center_y = 91.16168217054262
center_z = -24.50411627906976
size_x = 22
size_y = 22
size_z = 22
energy_range = 9
exhaustiveness = 32
num_modes = 10