center_x = 1.7669613259668495
center_y = 11.739922651933703
center_z = 6.227977900552482
size_x = 22
size_y = 22
size_z = 22
energy_range = 9
exhaustiveness = 32
num_modes = 10