center_x = -6.060775757575757
center_y = 8.046230303030306
center_z = -7.246472727272725
size_x = 22
size_y = 22
size_z = 22
energy_range = 9
exhaustiveness = 32
num_modes = 10