center_x = 1.699201342281879
center_y = -2.377261744966443
center_z = -8.465476510067111
size_x = 22
size_y = 22
size_z = 22
energy_range = 9
exhaustiveness = 32
num_modes = 10