center_x = 9.2563021978022
center_y = 3.141505494505494
center_z = -4.970978021978021
size_x = 22
size_y = 22
size_z = 22
energy_range = 9
exhaustiveness = 32
num_modes = 10