center_x = 5.441532163742688
center_y = 7.706035087719302
center_z = 6.381964912280702
size_x = 22
size_y = 22
size_z = 22
energy_range = 9
exhaustiveness = 32
num_modes = 10