center_x = -11.51155614973262
center_y = 7.682219251336902
center_z = -0.4603529411764709
size_x = 22
size_y = 22
size_z = 22
energy_range = 9
exhaustiveness = 32
num_modes = 10