center_x = 6.435966019417473
center_y = -10.415383495145626
center_z = 5.55507281553398
size_x = 22
size_y = 22
size_z = 22
energy_range = 9
exhaustiveness = 32
num_modes = 10