center_x = 32.90282795698924
center_y = -9.271365591397844
center_z = 2.626817204301075
size_x = 22
size_y = 22
size_z = 22
energy_range = 9
exhaustiveness = 32
num_modes = 10