center_x = 14.589677215189868
center_y = 2.618139240506328
center_z = 28.2893924050633
size_x = 22
size_y = 22
size_z = 22
energy_range = 9
exhaustiveness = 32
num_modes = 10