center_x = 2.008922077922078
center_y = -15.752961038961034
center_z = 28.72238961038961
size_x = 22
size_y = 22
size_z = 22
energy_range = 9
exhaustiveness = 32
num_modes = 10