center_x = 30.551888888888897
center_y = 10.784274853801174
center_z = 12.709292397660818
size_x = 22
size_y = 22
size_z = 22
energy_range = 9
exhaustiveness = 32
num_modes = 10