center_x = 8.963569536423842
center_y = -5.0701456953642365
center_z = 17.823503311258293
size_x = 22
size_y = 22
size_z = 22
energy_range = 9
exhaustiveness = 32
num_modes = 10