center_x = 19.93030000000001
center_y = -9.121300000000002
center_z = 31.14616666666666
size_x = 22
size_y = 22
size_z = 22
energy_range = 9
exhaustiveness = 32
num_modes = 10