center_x = 14.410962616822427
center_y = -5.914196261682243
center_z = 9.463906542056076
size_x = 22
size_y = 22
size_z = 22
energy_range = 9
exhaustiveness = 32
num_modes = 10