center_x = 45.06164968152866
center_y = -11.537917197452224
center_z = 9.700324840764331
size_x = 22
size_y = 22
size_z = 22
energy_range = 9
exhaustiveness = 32
num_modes = 10