center_x = 19.2016017699115
center_y = 9.040030973451328
center_z = 14.87716371681415
size_x = 22
size_y = 22
size_z = 22
energy_range = 9
exhaustiveness = 32
num_modes = 10