center_x = 42.81988043478261
center_y = -13.325380434782607
center_z = 10.522086956521742
size_x = 22
size_y = 22
size_z = 22
energy_range = 9
exhaustiveness = 32
num_modes = 10