center_x = 29.89875510204079
center_y = -9.909503401360553
center_z = 29.29938095238096
size_x = 22
size_y = 22
size_z = 22
energy_range = 9
exhaustiveness = 32
num_modes = 10