center_x = 35.35414765100673
center_y = 3.870234899328861
center_z = 18.670342281879204
size_x = 22
size_y = 22
size_z = 22
energy_range = 9
exhaustiveness = 32
num_modes = 10