center_x = -27.71765420560747
center_y = 8.705457943925229
center_z = 146.7053177570093
size_x = 22
size_y = 22
size_z = 22
energy_range = 9
exhaustiveness = 32
num_modes = 10