center_x = -22.635138888888893
center_y = 5.132555555555556
center_z = 128.20930555555557
size_x = 22
size_y = 22
size_z = 22
energy_range = 9
exhaustiveness = 32
num_modes = 10