center_x = -31.39302777777777
center_y = 17.436152777777778
center_z = 139.93581250000005
size_x = 22
size_y = 22
size_z = 22
energy_range = 9
exhaustiveness = 32
num_modes = 10