center_x = -6.7992251655629135
center_y = 7.879139072847684
center_z = 128.88351655629137
size_x = 22
size_y = 22
size_z = 22
energy_range = 9
exhaustiveness = 32
num_modes = 10