center_x = -21.09032746478873
center_y = 18.654957746478885
center_z = 132.72200704225352
size_x = 22
size_y = 22
size_z = 22
energy_range = 9
exhaustiveness = 32
num_modes = 10