center_x = -15.87984375
center_y = 9.754809027777778
center_z = 137.54621875000004
size_x = 22
size_y = 22
size_z = 22
energy_range = 9
exhaustiveness = 32
num_modes = 10