center_x = -15.207136000000002
center_y = 25.83736800000001
center_z = 126.120936
size_x = 22
size_y = 22
size_z = 22
energy_range = 9
exhaustiveness = 32
num_modes = 10