center_x = -11.613800000000005
center_y = 22.934728571428582
center_z = 120.8002
size_x = 22
size_y = 22
size_z = 22
energy_range = 9
exhaustiveness = 32
num_modes = 10