center_x = -34.22286813186813
center_y = 14.978450549450542
center_z = 120.9317142857143
size_x = 22
size_y = 22
size_z = 22
energy_range = 9
exhaustiveness = 32
num_modes = 10