center_x = -11.605011560693644
center_y = 21.77173988439306
center_z = 131.5844566473989
size_x = 22
size_y = 22
size_z = 22
energy_range = 9
exhaustiveness = 32
num_modes = 10