center_x = -41.72275438596492
center_y = 17.570561403508773
center_z = 132.57843859649122
size_x = 22
size_y = 22
size_z = 22
energy_range = 9
exhaustiveness = 32
num_modes = 10