center_x = -20.4487375
center_y = 25.348049999999997
center_z = 131.45060000000004
size_x = 22
size_y = 22
size_z = 22
energy_range = 9
exhaustiveness = 32
num_modes = 10