center_x = -29.186307692307693
center_y = 3.276634615384615
center_z = 137.79982692307686
size_x = 22
size_y = 22
size_z = 22
energy_range = 9
exhaustiveness = 32
num_modes = 10