center_x = -10.940462462462468
center_y = -14.549738738738736
center_z = -23.465093093093103
size_x = 22
size_y = 22
size_z = 22
energy_range = 9
exhaustiveness = 32
num_modes = 10