center_x = -2.1760232558139547
center_y = 5.139093023255814
center_z = -20.15033333333332
size_x = 22
size_y = 22
size_z = 22
energy_range = 9
exhaustiveness = 32
num_modes = 10