center_x = 5.768751824817517
center_y = -0.4478686131386858
center_z = -19.724182481751814
size_x = 22
size_y = 22
size_z = 22
energy_range = 9
exhaustiveness = 32
num_modes = 10