center_x = 0.8974239130434786
center_y = -11.122815217391306
center_z = -39.10746739130433
size_x = 22
size_y = 22
size_z = 22
energy_range = 9
exhaustiveness = 32
num_modes = 10