center_x = -11.390201754385965
center_y = 6.520333333333332
center_z = -24.56610526315789
size_x = 22
size_y = 22
size_z = 22
energy_range = 9
exhaustiveness = 32
num_modes = 10