center_x = -19.901804123711333
center_y = 0.8572474226804123
center_z = -37.763309278350526
size_x = 22
size_y = 22
size_z = 22
energy_range = 9
exhaustiveness = 32
num_modes = 10