center_x = -13.48202684563758
center_y = -16.553483221476508
center_z = -31.78575838926174
size_x = 22
size_y = 22
size_z = 22
energy_range = 9
exhaustiveness = 32
num_modes = 10