center_x = -12.420893805309744
center_y = -10.140115044247786
center_z = -40.57024778761061
size_x = 22
size_y = 22
size_z = 22
energy_range = 9
exhaustiveness = 32
num_modes = 10