center_x = -26.628835443037968
center_y = -6.751367088607594
center_z = -22.018088607594937
size_x = 22
size_y = 22
size_z = 22
energy_range = 9
exhaustiveness = 32
num_modes = 10