center_x = -24.02434666666666
center_y = 0.6732800000000008
center_z = -19.551413333333343
size_x = 22
size_y = 22
size_z = 22
energy_range = 9
exhaustiveness = 32
num_modes = 10