center_x = -30.68237037037037
center_y = -2.4946481481481477
center_z = -25.45971296296296
size_x = 22
size_y = 22
size_z = 22
energy_range = 9
exhaustiveness = 32
num_modes = 10