center_x = 8.474548076923078
center_y = -17.20592788461538
center_z = -33.08180769230769
size_x = 22
size_y = 22
size_z = 22
energy_range = 9
exhaustiveness = 32
num_modes = 10