center_x = 1.997050000000001
center_y = 18.34579285714285
center_z = -25.027
size_x = 22
size_y = 22
size_z = 22
energy_range = 9
exhaustiveness = 32
num_modes = 10