center_x = -27.03193203883496
center_y = -4.2473786407767
center_z = -19.93508737864078
size_x = 22
size_y = 22
size_z = 22
energy_range = 9
exhaustiveness = 32
num_modes = 10