center_x = 4.4315337837837845
center_y = 23.26664864864864
center_z = -20.432851351351346
size_x = 22
size_y = 22
size_z = 22
energy_range = 9
exhaustiveness = 32
num_modes = 10