center_x = 1.051028985507246
center_y = -0.4518405797101449
center_z = -7.76508695652174
size_x = 22
size_y = 22
size_z = 22
energy_range = 9
exhaustiveness = 32
num_modes = 10