center_x = -1.1157472527472525
center_y = -6.263648351648354
center_z = -26.65854945054947
size_x = 22
size_y = 22
size_z = 22
energy_range = 9
exhaustiveness = 32
num_modes = 10