center_x = -4.907983870967742
center_y = 15.832943548387098
center_z = 1.8792338709677416
size_x = 22
size_y = 22
size_z = 22
energy_range = 9
exhaustiveness = 32
num_modes = 10