center_x = -30.435303448275853
center_y = 4.5208
center_z = -7.354551724137932
size_x = 22
size_y = 22
size_z = 22
energy_range = 9
exhaustiveness = 32
num_modes = 10