center_x = -18.71699390243903
center_y = -6.985725609756101
center_z = -15.352768292682928
size_x = 22
size_y = 22
size_z = 22
energy_range = 9
exhaustiveness = 32
num_modes = 10