center_x = -3.538094117647057
center_y = 3.371486274509805
center_z = -31.461988235294104
size_x = 22
size_y = 22
size_z = 22
energy_range = 9
exhaustiveness = 32
num_modes = 10