center_x = -22.28840740740741
center_y = 7.60727513227513
center_z = -20.577158730158715
size_x = 22
size_y = 22
size_z = 22
energy_range = 9
exhaustiveness = 32
num_modes = 10