center_x = -14.532273504273508
center_y = 6.10063247863248
center_z = -27.49307692307692
size_x = 22
size_y = 22
size_z = 22
energy_range = 9
exhaustiveness = 32
num_modes = 10