center_x = 0.4789365079365079
center_y = 9.832611111111111
center_z = -35.58968253968253
size_x = 22
size_y = 22
size_z = 22
energy_range = 9
exhaustiveness = 32
num_modes = 10