center_x = -23.11822960725078
center_y = 17.155280966767364
center_z = -13.833483383685795
size_x = 22
size_y = 22
size_z = 22
energy_range = 9
exhaustiveness = 32
num_modes = 10