center_x = 7.909716981132074
center_y = 2.798553459119497
center_z = -21.180962264150956
size_x = 22
size_y = 22
size_z = 22
energy_range = 9
exhaustiveness = 32
num_modes = 10