center_x = 10.620306122448977
center_y = 15.66407346938777
center_z = -16.731726530612246
size_x = 22
size_y = 22
size_z = 22
energy_range = 9
exhaustiveness = 32
num_modes = 10