center_x = -1.7149130434782611
center_y = -0.4351123188405796
center_z = -11.663615942028985
size_x = 22
size_y = 22
size_z = 22
energy_range = 9
exhaustiveness = 32
num_modes = 10