center_x = -13.21272121212122
center_y = 21.899800000000013
center_z = -14.113503030303033
size_x = 22
size_y = 22
size_z = 22
energy_range = 9
exhaustiveness = 32
num_modes = 10