center_x = 5.303676691729324
center_y = -1.3017368421052633
center_z = -32.71495488721806
size_x = 22
size_y = 22
size_z = 22
energy_range = 9
exhaustiveness = 32
num_modes = 10