center_x = -17.297612794612782
center_y = -0.874104377104378
center_z = -21.54279124579125
size_x = 22
size_y = 22
size_z = 22
energy_range = 9
exhaustiveness = 32
num_modes = 10