center_x = -5.842662721893491
center_y = 24.48813017751479
center_z = -17.90873372781065
size_x = 22
size_y = 22
size_z = 22
energy_range = 9
exhaustiveness = 32
num_modes = 10