center_x = 12.630409090909083
center_y = 7.333481818181818
center_z = -31.672354545454542
size_x = 22
size_y = 22
size_z = 22
energy_range = 9
exhaustiveness = 32
num_modes = 10