center_x = -32.65868656716418
center_y = 3.513940298507463
center_z = -21.647589552238788
size_x = 22
size_y = 22
size_z = 22
energy_range = 9
exhaustiveness = 32
num_modes = 10