center_x = -25.611610169491527
center_y = -8.117330508474572
center_z = -10.01701694915254
size_x = 22
size_y = 22
size_z = 22
energy_range = 9
exhaustiveness = 32
num_modes = 10