center_x = -36.5383904109589
center_y = 4.055760273972603
center_z = -17.908602739726014
size_x = 22
size_y = 22
size_z = 22
energy_range = 9
exhaustiveness = 32
num_modes = 10