center_x = 8.218664000000002
center_y = 11.727912000000002
center_z = 81.65154400000004
size_x = 22
size_y = 22
size_z = 22
energy_range = 9
exhaustiveness = 32
num_modes = 10