center_x = 12.364714285714284
center_y = 6.706236607142858
center_z = 98.43333928571433
size_x = 22
size_y = 22
size_z = 22
energy_range = 9
exhaustiveness = 32
num_modes = 10