center_x = 26.893972222222217
center_y = 15.955805555555544
center_z = 104.51625000000004
size_x = 22
size_y = 22
size_z = 22
energy_range = 9
exhaustiveness = 32
num_modes = 10