center_x = 20.956895833333327
center_y = 6.526034722222223
center_z = 108.51588194444444
size_x = 22
size_y = 22
size_z = 22
energy_range = 9
exhaustiveness = 32
num_modes = 10