center_x = 28.46444230769229
center_y = 16.71784615384614
center_z = 95.67416826923078
size_x = 22
size_y = 22
size_z = 22
energy_range = 9
exhaustiveness = 32
num_modes = 10