center_x = 28.679546961325965
center_y = 6.405734806629836
center_z = 80.9132099447514
size_x = 22
size_y = 22
size_z = 22
energy_range = 9
exhaustiveness = 32
num_modes = 10