center_x = 11.940371134020616
center_y = 29.78527835051547
center_z = 94.46347422680418
size_x = 22
size_y = 22
size_z = 22
energy_range = 9
exhaustiveness = 32
num_modes = 10