center_x = 19.19637903225807
center_y = 28.11018548387097
center_z = 97.70004032258062
size_x = 22
size_y = 22
size_z = 22
energy_range = 9
exhaustiveness = 32
num_modes = 10