receptor = data/6qxd/6qxd_ligand.pdbqt
ligand = data/6qxd/6qxd_protein.pdbqt
center_x = 12.364714285714284
center_y = 6.706236607142858
center_z = 98.43333928571433
size_x = 16.73742857142857
size_y = 22.75952678571428
size_z = 14.597321428571377
energy_range = 9
exhaustiveness = 32
num_modes = 10