center_x = 24.13436842105264
center_y = -4.776767801857583
center_z = 92.8290433436532
size_x = 22
size_y = 22
size_z = 22
energy_range = 9
exhaustiveness = 32
num_modes = 10