center_x = 37.5539375
center_y = 10.181151785714292
center_z = 88.46246428571432
size_x = 22
size_y = 22
size_z = 22
energy_range = 9
exhaustiveness = 32
num_modes = 10