center_x = 17.376611464968153
center_y = 4.630617834394905
center_z = -9.966630573248407
size_x = 22
size_y = 22
size_z = 22
energy_range = 9
exhaustiveness = 32
num_modes = 10