center_x = 10.537479338842978
center_y = -0.1695619834710744
center_z = 10.507272727272728
size_x = 22
size_y = 22
size_z = 22
energy_range = 9
exhaustiveness = 32
num_modes = 10