center_x = 23.00868041237113
center_y = 4.966793814432991
center_z = 6.111855670103094
size_x = 22
size_y = 22
size_z = 22
energy_range = 9
exhaustiveness = 32
num_modes = 10