center_x = 4.529690322580648
center_y = -6.065674193548383
center_z = -6.152195161290324
size_x = 22
size_y = 22
size_z = 22
energy_range = 9
exhaustiveness = 32
num_modes = 10