center_x = 8.143744680851059
center_y = 3.5352553191489373
center_z = 3.14468794326241
size_x = 22
size_y = 22
size_z = 22
energy_range = 9
exhaustiveness = 32
num_modes = 10