center_x = 26.204080357142875
center_y = 1.1243303571428571
center_z = 4.787473214285717
size_x = 22
size_y = 22
size_z = 22
energy_range = 9
exhaustiveness = 32
num_modes = 10