center_x = -1.3043211678832116
center_y = 3.082072992700731
center_z = -4.0745255474452575
size_x = 22
size_y = 22
size_z = 22
energy_range = 9
exhaustiveness = 32
num_modes = 10