center_x = 40.03810447761192
center_y = -11.94418656716418
center_z = 15.473171641791042
size_x = 22
size_y = 22
size_z = 22
energy_range = 9
exhaustiveness = 32
num_modes = 10