center_x = 33.28272932330828
center_y = -2.266323308270677
center_z = -6.780676691729322
size_x = 22
size_y = 22
size_z = 22
energy_range = 9
exhaustiveness = 32
num_modes = 10