center_x = 35.412125
center_y = -2.8618229166666675
center_z = 17.482031249999995
size_x = 22
size_y = 22
size_z = 22
energy_range = 9
exhaustiveness = 32
num_modes = 10