center_x = 29.136118055555556
center_y = -16.125263888888888
center_z = 11.83230555555556
size_x = 22
size_y = 22
size_z = 22
energy_range = 9
exhaustiveness = 32
num_modes = 10