center_x = 33.81040425531916
center_y = -17.77787234042554
center_z = 4.621829787234043
size_x = 22
size_y = 22
size_z = 22
energy_range = 9
exhaustiveness = 32
num_modes = 10