center_x = 29.799166666666675
center_y = -5.074736842105263
center_z = 19.721763157894724
size_x = 22
size_y = 22
size_z = 22
energy_range = 9
exhaustiveness = 32
num_modes = 10