center_x = 24.44239428571428
center_y = -9.004128571428568
center_z = -4.306448571428571
size_x = 22
size_y = 22
size_z = 22
energy_range = 9
exhaustiveness = 32
num_modes = 10