center_x = 24.92583168316833
center_y = -13.463693069306936
center_z = 15.32269306930693
size_x = 22
size_y = 22
size_z = 22
energy_range = 9
exhaustiveness = 32
num_modes = 10