center_x = 16.380510869565217
center_y = -6.813847826086954
center_z = 3.5439999999999965
size_x = 22
size_y = 22
size_z = 22
energy_range = 9
exhaustiveness = 32
num_modes = 10