center_x = -13.915321839080466
center_y = -12.987192528735632
center_z = 16.014830459770113
size_x = 22
size_y = 22
size_z = 22
energy_range = 9
exhaustiveness = 32
num_modes = 10