center_x = -23.349592954990225
center_y = -16.146211350293548
center_z = 24.660326810176105
size_x = 22
size_y = 22
size_z = 22
energy_range = 9
exhaustiveness = 32
num_modes = 10