center_x = -12.755555555555556
center_y = -12.562458333333325
center_z = 15.188217592592592
size_x = 22
size_y = 22
size_z = 22
energy_range = 9
exhaustiveness = 32
num_modes = 10