center_x = -10.367673076923063
center_y = -11.523813186813186
center_z = 12.97423076923076
size_x = 22
size_y = 22
size_z = 22
energy_range = 9
exhaustiveness = 32
num_modes = 10