center_x = -24.64063934426228
center_y = -17.816524590163944
center_z = 25.978823770491797
size_x = 22
size_y = 22
size_z = 22
energy_range = 9
exhaustiveness = 32
num_modes = 10