center_x = -11.116530054644812
center_y = -11.927295081967207
center_z = 13.697423497267769
size_x = 22
size_y = 22
size_z = 22
energy_range = 9
exhaustiveness = 32
num_modes = 10