center_x = -27.05964341085272
center_y = -18.537375968992222
center_z = 28.57187984496124
size_x = 22
size_y = 22
size_z = 22
energy_range = 9
exhaustiveness = 32
num_modes = 10