center_x = -20.44085185185184
center_y = -15.843796296296292
center_z = 22.028666666666663
size_x = 22
size_y = 22
size_z = 22
energy_range = 9
exhaustiveness = 32
num_modes = 10