center_x = -13.3985946969697
center_y = -12.884704545454545
center_z = 15.647219696969698
size_x = 22
size_y = 22
size_z = 22
energy_range = 9
exhaustiveness = 32
num_modes = 10