center_x = -23.3932910284464
center_y = -16.80026477024071
center_z = 24.6944442013129
size_x = 22
size_y = 22
size_z = 22
energy_range = 9
exhaustiveness = 32
num_modes = 10