center_x = -15.474243734335827
center_y = -13.742444862155402
center_z = 17.529337092731815
size_x = 22
size_y = 22
size_z = 22
energy_range = 9
exhaustiveness = 32
num_modes = 10