center_x = -12.961778124999997
center_y = -12.621421875
center_z = 15.353296874999993
size_x = 22
size_y = 22
size_z = 22
energy_range = 9
exhaustiveness = 32
num_modes = 10