center_x = -8.395491525423736
center_y = -10.705944915254236
center_z = 11.227453389830512
size_x = 22
size_y = 22
size_z = 22
energy_range = 9
exhaustiveness = 32
num_modes = 10