center_x = -26.39511743772241
center_y = -18.63524555160142
center_z = 26.92049466192171
size_x = 22
size_y = 22
size_z = 22
energy_range = 9
exhaustiveness = 32
num_modes = 10