center_x = -11.006758503401375
center_y = -11.91813605442176
center_z = 13.58579931972789
size_x = 22
size_y = 22
size_z = 22
energy_range = 9
exhaustiveness = 32
num_modes = 10