center_x = -12.795213675213676
center_y = -12.510525641025636
center_z = 15.211047008547002
size_x = 22
size_y = 22
size_z = 22
energy_range = 9
exhaustiveness = 32
num_modes = 10