center_x = -17.208002717391295
center_y = -14.498449275362308
center_z = 19.115930253623187
size_x = 22
size_y = 22
size_z = 22
energy_range = 9
exhaustiveness = 32
num_modes = 10