center_x = 5.091665338645425
center_y = -12.235862549800792
center_z = 18.044426294820703
size_x = 22
size_y = 22
size_z = 22
energy_range = 9
exhaustiveness = 32
num_modes = 10