center_x = 4.327487603305787
center_y = -13.922933884297526
center_z = 26.45019008264461
size_x = 22
size_y = 22
size_z = 22
energy_range = 9
exhaustiveness = 32
num_modes = 10