center_x = 5.360247787610617
center_y = -11.86767699115044
center_z = 27.075230088495577
size_x = 22
size_y = 22
size_z = 22
energy_range = 9
exhaustiveness = 32
num_modes = 10