center_x = 4.521779999999997
center_y = -14.00841000000001
center_z = 41.04241999999999
size_x = 22
size_y = 22
size_z = 22
energy_range = 9
exhaustiveness = 32
num_modes = 10