center_x = 4.326111111111111
center_y = -13.93811481481481
center_z = 28.123692592592587
size_x = 22
size_y = 22
size_z = 22
energy_range = 9
exhaustiveness = 32
num_modes = 10