center_x = 4.017152343749999
center_y = -13.901765625000005
center_z = 12.673453125000004
size_x = 22
size_y = 22
size_z = 22
energy_range = 9
exhaustiveness = 32
num_modes = 10