center_x = 4.367471698113208
center_y = -13.974554245283006
center_z = 31.72348820754716
size_x = 22
size_y = 22
size_z = 22
energy_range = 9
exhaustiveness = 32
num_modes = 10