center_x = 4.4198877551020415
center_y = -13.961243764172313
center_z = 35.85949092970527
size_x = 22
size_y = 22
size_z = 22
energy_range = 9
exhaustiveness = 32
num_modes = 10