center_x = 4.055092592592595
center_y = -13.908374074074072
center_z = 14.00391111111112
size_x = 22
size_y = 22
size_z = 22
energy_range = 9
exhaustiveness = 32
num_modes = 10