center_x = 5.360247787610618
center_y = -11.867676991150438
center_z = 27.07523008849558
size_x = 22
size_y = 22
size_z = 22
energy_range = 9
exhaustiveness = 32
num_modes = 10