center_x = 3.9068195876288665
center_y = -13.903582474226807
center_z = 6.923994845360825
size_x = 22
size_y = 22
size_z = 22
energy_range = 9
exhaustiveness = 32
num_modes = 10