center_x = 3.5663351351351364
center_y = -16.184686486486488
center_z = 40.63722162162163
size_x = 22
size_y = 22
size_z = 22
energy_range = 9
exhaustiveness = 32
num_modes = 10