center_x = 6.546487106017194
center_y = -9.65939828080229
center_z = 22.715584527220635
size_x = 22
size_y = 22
size_z = 22
energy_range = 9
exhaustiveness = 32
num_modes = 10