center_x = 4.313286206896552
center_y = -13.945699999999997
center_z = 27.1232655172414
size_x = 22
size_y = 22
size_z = 22
energy_range = 9
exhaustiveness = 32
num_modes = 10