center_x = 4.271473233404715
center_y = -14.274456102783722
center_z = 34.930389721627414
size_x = 22
size_y = 22
size_z = 22
energy_range = 9
exhaustiveness = 32
num_modes = 10