center_x = 4.459394285714286
center_y = -13.889822857142867
center_z = 36.81284857142859
size_x = 22
size_y = 22
size_z = 22
energy_range = 9
exhaustiveness = 32
num_modes = 10