center_x = 4.193984962406014
center_y = -13.918180451127824
center_z = 19.4915
size_x = 22
size_y = 22
size_z = 22
energy_range = 9
exhaustiveness = 32
num_modes = 10