center_x = 4.656421663442941
center_y = -13.71407350096711
center_z = 32.077785299806585
size_x = 22
size_y = 22
size_z = 22
energy_range = 9
exhaustiveness = 32
num_modes = 10