center_x = 4.232434027777775
center_y = -13.89313194444445
center_z = 22.822784722222217
size_x = 22
size_y = 22
size_z = 22
energy_range = 9
exhaustiveness = 32
num_modes = 10