center_x = 4.569459999999999
center_y = -14.158103999999996
center_z = 43.37720399999999
size_x = 22
size_y = 22
size_z = 22
energy_range = 9
exhaustiveness = 32
num_modes = 10