center_x = 4.122608490566035
center_y = -13.859570754716982
center_z = 11.88836320754717
size_x = 22
size_y = 22
size_z = 22
energy_range = 9
exhaustiveness = 32
num_modes = 10