center_x = 4.289850877192983
center_y = -13.935640350877192
center_z = 23.778942982456144
size_x = 22
size_y = 22
size_z = 22
energy_range = 9
exhaustiveness = 32
num_modes = 10