center_x = 5.059479838709677
center_y = -13.170270161290324
center_z = 8.60040725806452
size_x = 22
size_y = 22
size_z = 22
energy_range = 9
exhaustiveness = 32
num_modes = 10