center_x = 4.04385
center_y = -13.908328571428576
center_z = 13.677982142857136
size_x = 22
size_y = 22
size_z = 22
energy_range = 9
exhaustiveness = 32
num_modes = 10