center_x = 3.8100588235294106
center_y = -16.40150882352942
center_z = 39.54819999999999
size_x = 22
size_y = 22
size_z = 22
energy_range = 9
exhaustiveness = 32
num_modes = 10