center_x = 4.247196296296304
center_y = -13.943347530864202
center_z = 23.661472839506185
size_x = 22
size_y = 22
size_z = 22
energy_range = 9
exhaustiveness = 32
num_modes = 10