center_x = 4.515243902439026
center_y = -14.045823170731705
center_z = 45.18837195121952
size_x = 22
size_y = 22
size_z = 22
energy_range = 9
exhaustiveness = 32
num_modes = 10