center_x = 4.42096853146853
center_y = -13.960283216783226
center_z = 34.1080979020979
size_x = 22
size_y = 22
size_z = 22
energy_range = 9
exhaustiveness = 32
num_modes = 10