center_x = 4.337606164383561
center_y = -13.932517123287663
center_z = 28.52557191780821
size_x = 22
size_y = 22
size_z = 22
energy_range = 9
exhaustiveness = 32
num_modes = 10