center_x = 4.055092592592595
center_y = -13.90837407407407
center_z = 14.003911111111115
size_x = 22
size_y = 22
size_z = 22
energy_range = 9
exhaustiveness = 32
num_modes = 10