center_x = 3.757223636363636
center_y = -14.037207272727272
center_z = 16.766896363636366
size_x = 22
size_y = 22
size_z = 22
energy_range = 9
exhaustiveness = 32
num_modes = 10