center_x = 5.377982507288632
center_y = -14.708492711370262
center_z = 25.159518950437324
size_x = 22
size_y = 22
size_z = 22
energy_range = 9
exhaustiveness = 32
num_modes = 10