center_x = 4.158124199743915
center_y = -13.898048655569788
center_z = 17.525939820742643
size_x = 22
size_y = 22
size_z = 22
energy_range = 9
exhaustiveness = 32
num_modes = 10