center_x = 5.851378698224853
center_y = -14.930239644970412
center_z = 25.64494674556215
size_x = 22
size_y = 22
size_z = 22
energy_range = 9
exhaustiveness = 32
num_modes = 10