center_x = 4.3280625
center_y = -13.95548026315789
center_z = 25.287865131578958
size_x = 22
size_y = 22
size_z = 22
energy_range = 9
exhaustiveness = 32
num_modes = 10