center_x = 4.362675539568349
center_y = -13.94187482014389
center_z = 30.31956906474815
size_x = 22
size_y = 22
size_z = 22
energy_range = 9
exhaustiveness = 32
num_modes = 10