center_x = 4.515349834983501
center_y = -14.942778877887775
center_z = 35.65543399339931
size_x = 22
size_y = 22
size_z = 22
energy_range = 9
exhaustiveness = 32
num_modes = 10