center_x = 4.043480891719744
center_y = -13.920506369426748
center_z = 14.37573885350318
size_x = 22
size_y = 22
size_z = 22
energy_range = 9
exhaustiveness = 32
num_modes = 10