center_x = 5.185821989528795
center_y = -15.36602094240836
center_z = 30.512581151832443
size_x = 22
size_y = 22
size_z = 22
energy_range = 9
exhaustiveness = 32
num_modes = 10