center_x = 4.203749999999999
center_y = -13.913419811320756
center_z = 20.417712264150943
size_x = 22
size_y = 22
size_z = 22
energy_range = 9
exhaustiveness = 32
num_modes = 10