center_x = 4.8086304985337245
center_y = -14.55865102639296
center_z = 44.21400586510263
size_x = 22
size_y = 22
size_z = 22
energy_range = 9
exhaustiveness = 32
num_modes = 10