center_x = 4.0614015151515135
center_y = -13.918515151515162
center_z = 12.482030303030305
size_x = 22
size_y = 22
size_z = 22
energy_range = 9
exhaustiveness = 32
num_modes = 10