center_x = 6.654265822784811
center_y = -9.141763713080168
center_z = 17.76922362869199
size_x = 22
size_y = 22
size_z = 22
energy_range = 9
exhaustiveness = 32
num_modes = 10