center_x = 4.42096853146853
center_y = -13.960283216783225
center_z = 34.10809790209789
size_x = 22
size_y = 22
size_z = 22
energy_range = 9
exhaustiveness = 32
num_modes = 10