center_x = 4.084156250000002
center_y = -13.907553124999996
center_z = 13.2722125
size_x = 22
size_y = 22
size_z = 22
energy_range = 9
exhaustiveness = 32
num_modes = 10