center_x = 4.071900000000004
center_y = -13.9507
center_z = 12.024140625000005
size_x = 22
size_y = 22
size_z = 22
energy_range = 9
exhaustiveness = 32
num_modes = 10