center_x = 30.02183035714282
center_y = 1.4880952381192611e-05
center_z = -3.5714285714214376e-05
size_x = 22
size_y = 22
size_z = 22
energy_range = 9
exhaustiveness = 32
num_modes = 10