center_x = 14.050120805369142
center_y = 1.6778523490060688e-05
center_z = 1.3422818792186248e-05
size_x = 22
size_y = 22
size_z = 22
energy_range = 9
exhaustiveness = 32
num_modes = 10