center_x = 35.10748958333331
center_y = -1.7886926507849742e-16
center_z = 8.326672684688674e-17
size_x = 22
size_y = 22
size_z = 22
energy_range = 9
exhaustiveness = 32
num_modes = 10