center_x = 26.861884848484824
center_y = 0.0025909090909089
center_z = -0.0034727272727283
size_x = 22
size_y = 22
size_z = 22
energy_range = 9
exhaustiveness = 32
num_modes = 10