center_x = 29.96768807339449
center_y = 6.880733944894091e-05
center_z = 0.0001055045871558
size_x = 22
size_y = 22
size_z = 22
energy_range = 9
exhaustiveness = 32
num_modes = 10