center_x = 35.10748958333333
center_y = -2.683038976177461e-16
center_z = -9.251858538542972e-17
size_x = 22
size_y = 22
size_z = 22
energy_range = 9
exhaustiveness = 32
num_modes = 10