center_x = 26.86188484848481
center_y = 0.0025909090909088
center_z = -0.003472727272728
size_x = 22
size_y = 22
size_z = 22
energy_range = 9
exhaustiveness = 32
num_modes = 10