center_x = 26.24454022988508
center_y = 4.900294729380001e-16
center_z = 3.8283552573281256e-17
size_x = 22
size_y = 22
size_z = 22
energy_range = 9
exhaustiveness = 32
num_modes = 10