center_x = 14.050120805369144
center_y = 1.6778523490132218e-05
center_z = 1.3422818791837531e-05
size_x = 22
size_y = 22
size_z = 22
energy_range = 9
exhaustiveness = 32
num_modes = 10