center_x = 4.911870588235292
center_y = 1.0449157878825004e-16
center_z = -2.4033063121297505e-16
size_x = 22
size_y = 22
size_z = 22
energy_range = 9
exhaustiveness = 32
num_modes = 10