center_x = 11.039931192660555
center_y = 0.0004357798165131
center_z = -0.0007155963302752
size_x = 22
size_y = 22
size_z = 22
energy_range = 9
exhaustiveness = 32
num_modes = 10