center_x = 38.8177837837838
center_y = 5.601125169280069e-16
center_z = -5.601125169280069e-16
size_x = 22
size_y = 22
size_z = 22
energy_range = 9
exhaustiveness = 32
num_modes = 10