center_x = 37.69214224137931
center_y = 0.0038491379310348
center_z = -0.0012931034482759
size_x = 22
size_y = 22
size_z = 22
energy_range = 9
exhaustiveness = 32
num_modes = 10