center_x = 23.79149999999999
center_y = -3.139251311009063e-16
center_z = 4.310344827377087e-06
size_x = 22
size_y = 22
size_z = 22
energy_range = 9
exhaustiveness = 32
num_modes = 10