center_x = 21.961846153846157
center_y = 2.7328566760003855e-17
center_z = -6.285570354800888e-16
size_x = 22
size_y = 22
size_z = 22
energy_range = 9
exhaustiveness = 32
num_modes = 10