center_x = 26.24454022988505
center_y = -8.167157882300002e-17
center_z = 4.083578941150001e-17
size_x = 22
size_y = 22
size_z = 22
energy_range = 9
exhaustiveness = 32
num_modes = 10