center_x = 23.791500000000028
center_y = -1.9141776286640631e-16
center_z = 4.3103448274077135e-06
size_x = 22
size_y = 22
size_z = 22
energy_range = 9
exhaustiveness = 32
num_modes = 10