center_x = 39.04118333333332
center_y = -5.555555556529473e-06
center_z = 5.555555555596885e-06
size_x = 22
size_y = 22
size_z = 22
energy_range = 9
exhaustiveness = 32
num_modes = 10