center_x = 29.19186231884058
center_y = -1.6090188762683428e-16
center_z = 3.623188406033228e-06
size_x = 22
size_y = 22
size_z = 22
energy_range = 9
exhaustiveness = 32
num_modes = 10