center_x = 24.01863157894736
center_y = 1.6573664291054966e-16
center_z = -9.349246523159211e-17
size_x = 22
size_y = 22
size_z = 22
energy_range = 9
exhaustiveness = 32
num_modes = 10