center_x = 24.01863157894737
center_y = 1.4873801286844204e-16
center_z = -3.739698609263685e-16
size_x = 22
size_y = 22
size_z = 22
energy_range = 9
exhaustiveness = 32
num_modes = 10