center_x = 15.151630434782607
center_y = 7.24637681119115e-06
center_z = -8.69565217387733e-05
size_x = 22
size_y = 22
size_z = 22
energy_range = 9
exhaustiveness = 32
num_modes = 10