center_x = 21.55896756756757
center_y = 5.089022296660177e-16
center_z = -2.856573836332835e-16
size_x = 22
size_y = 22
size_z = 22
energy_range = 9
exhaustiveness = 32
num_modes = 10