center_x = 21.96184615384616
center_y = -1.3664283380001929e-17
center_z = -3.4160708450004823e-16
size_x = 22
size_y = 22
size_z = 22
energy_range = 9
exhaustiveness = 32
num_modes = 10