center_x = 31.122222448979585
center_y = -0.0001653061224492
center_z = -0.0018265306122448
size_x = 22
size_y = 22
size_z = 22
energy_range = 9
exhaustiveness = 32
num_modes = 10