center_x = -31.021264462809924
center_y = 90.29719834710744
center_z = 47.062834710743815
size_x = 22
size_y = 22
size_z = 22
energy_range = 9
exhaustiveness = 32
num_modes = 10