center_x = -28.39050555555553
center_y = 87.35132777777775
center_z = 66.64002777777773
size_x = 22
size_y = 22
size_z = 22
energy_range = 9
exhaustiveness = 32
num_modes = 10