center_x = -39.96695505617976
center_y = 64.13203370786518
center_z = 66.70034831460676
size_x = 22
size_y = 22
size_z = 22
energy_range = 9
exhaustiveness = 32
num_modes = 10