center_x = -29.910759615384617
center_y = 106.21138461538466
center_z = 61.88461538461537
size_x = 22
size_y = 22
size_z = 22
energy_range = 9
exhaustiveness = 32
num_modes = 10