center_x = -23.380007518796997
center_y = 87.94651127819549
center_z = 49.47325563909772
size_x = 22
size_y = 22
size_z = 22
energy_range = 9
exhaustiveness = 32
num_modes = 10