center_x = -25.43790397350993
center_y = 96.90145695364237
center_z = 51.39200662251652
size_x = 22
size_y = 22
size_z = 22
energy_range = 9
exhaustiveness = 32
num_modes = 10