center_x = -46.29532231404958
center_y = 88.65102479338846
center_z = 71.89949999999999
size_x = 22
size_y = 22
size_z = 22
energy_range = 9
exhaustiveness = 32
num_modes = 10