center_x = -58.32543650793648
center_y = 78.92238095238095
center_z = 72.10818253968253
size_x = 22
size_y = 22
size_z = 22
energy_range = 9
exhaustiveness = 32
num_modes = 10