center_x = -31.450896907216507
center_y = 102.06082474226804
center_z = 47.46804123711341
size_x = 22
size_y = 22
size_z = 22
energy_range = 9
exhaustiveness = 32
num_modes = 10