center_x = -35.87765584415586
center_y = 92.21889610389609
center_z = 66.90382467532464
size_x = 22
size_y = 22
size_z = 22
energy_range = 9
exhaustiveness = 32
num_modes = 10