center_x = -40.509344155844175
center_y = 72.62414935064935
center_z = 82.17632467532472
size_x = 22
size_y = 22
size_z = 22
energy_range = 9
exhaustiveness = 32
num_modes = 10