center_x = -16.927915966386557
center_y = 94.48650420168067
center_z = 59.09249579831932
size_x = 22
size_y = 22
size_z = 22
energy_range = 9
exhaustiveness = 32
num_modes = 10