center_x = -27.56347761194028
center_y = 97.49466417910448
center_z = 61.83202985074627
size_x = 22
size_y = 22
size_z = 22
energy_range = 9
exhaustiveness = 32
num_modes = 10