center_x = -45.71417341040464
center_y = 83.04802312138723
center_z = 64.26757803468209
size_x = 22
size_y = 22
size_z = 22
energy_range = 9
exhaustiveness = 32
num_modes = 10