center_x = -55.83552427184467
center_y = 69.11300970873785
center_z = 68.6619126213592
size_x = 22
size_y = 22
size_z = 22
energy_range = 9
exhaustiveness = 32
num_modes = 10