center_x = -21.07992028985508
center_y = 99.54331159420288
center_z = 45.31255072463768
size_x = 22
size_y = 22
size_z = 22
energy_range = 9
exhaustiveness = 32
num_modes = 10