center_x = -51.381435606060606
center_y = 76.17670833333334
center_z = 62.01188636363635
size_x = 22
size_y = 22
size_z = 22
energy_range = 9
exhaustiveness = 32
num_modes = 10