center_x = -45.113392405063294
center_y = 96.18725949367088
center_z = 66.22764556962026
size_x = 22
size_y = 22
size_z = 22
energy_range = 9
exhaustiveness = 32
num_modes = 10