center_x = -30.033039735099347
center_y = 85.76831125827809
center_z = 63.32511258278144
size_x = 22
size_y = 22
size_z = 22
energy_range = 9
exhaustiveness = 32
num_modes = 10