center_x = -26.008092105263163
center_y = 94.50977631578948
center_z = 64.88814473684211
size_x = 22
size_y = 22
size_z = 22
energy_range = 9
exhaustiveness = 32
num_modes = 10