center_x = -43.88903141361258
center_y = 85.0819319371728
center_z = 85.3694345549738
size_x = 22
size_y = 22
size_z = 22
energy_range = 9
exhaustiveness = 32
num_modes = 10