center_x = -36.13781428571429
center_y = 86.31130714285717
center_z = 76.87950000000001
size_x = 22
size_y = 22
size_z = 22
energy_range = 9
exhaustiveness = 32
num_modes = 10