center_x = -53.84145070422535
center_y = 88.47648356807512
center_z = 74.24379812206574
size_x = 22
size_y = 22
size_z = 22
energy_range = 9
exhaustiveness = 32
num_modes = 10