center_x = -51.22686821705428
center_y = 5.574418604651164
center_z = 8.22907751937985
size_x = 22
size_y = 22
size_z = 22
energy_range = 9
exhaustiveness = 32
num_modes = 10