center_x = -60.68474774774777
center_y = 18.412882882882883
center_z = 15.479531531531531
size_x = 22
size_y = 22
size_z = 22
energy_range = 9
exhaustiveness = 32
num_modes = 10