center_x = -48.67384782608698
center_y = 15.573826086956528
center_z = 23.946673913043483
size_x = 22
size_y = 22
size_z = 22
energy_range = 9
exhaustiveness = 32
num_modes = 10