center_x = -70.64199999999998
center_y = 20.06515555555556
center_z = -0.7352222222222222
size_x = 22
size_y = 22
size_z = 22
energy_range = 9
exhaustiveness = 32
num_modes = 10