center_x = -39.87763636363636
center_y = 7.707948051948051
center_z = 10.065753246753244
size_x = 22
size_y = 22
size_z = 22
energy_range = 9
exhaustiveness = 32
num_modes = 10