center_x = -58.70928125
center_y = 3.7779375
center_z = 16.66742968749999
size_x = 22
size_y = 22
size_z = 22
energy_range = 9
exhaustiveness = 32
num_modes = 10