center_x = 11.178391891891891
center_y = -28.06822297297298
center_z = -21.2110337837838
size_x = 22
size_y = 22
size_z = 22
energy_range = 9
exhaustiveness = 32
num_modes = 10