center_x = 14.383528846153848
center_y = -4.627759615384616
center_z = -22.48134615384616
size_x = 22
size_y = 22
size_z = 22
energy_range = 9
exhaustiveness = 32
num_modes = 10