center_x = 11.79505319148936
center_y = -38.14674468085104
center_z = -30.708925531914904
size_x = 22
size_y = 22
size_z = 22
energy_range = 9
exhaustiveness = 32
num_modes = 10