center_x = 21.364720338983066
center_y = -15.239898305084743
center_z = 6.041305084745764
size_x = 22
size_y = 22
size_z = 22
energy_range = 9
exhaustiveness = 32
num_modes = 10