center_x = 14.244827814569543
center_y = -18.305251655629142
center_z = 13.766132450331126
size_x = 22
size_y = 22
size_z = 22
energy_range = 9
exhaustiveness = 32
num_modes = 10