center_x = 4.89169014084507
center_y = -16.394612676056337
center_z = 7.2786197183098595
size_x = 22
size_y = 22
size_z = 22
energy_range = 9
exhaustiveness = 32
num_modes = 10