center_x = 12.601858823529414
center_y = -27.04718235294117
center_z = -8.281729411764704
size_x = 22
size_y = 22
size_z = 22
energy_range = 9
exhaustiveness = 32
num_modes = 10