center_x = 21.57088461538463
center_y = -11.363646153846156
center_z = -0.1758615384615385
size_x = 22
size_y = 22
size_z = 22
energy_range = 9
exhaustiveness = 32
num_modes = 10