center_x = 6.57606910569106
center_y = -31.7115
center_z = -18.8249918699187
size_x = 22
size_y = 22
size_z = 22
energy_range = 9
exhaustiveness = 32
num_modes = 10