center_x = -3.110115702479338
center_y = -28.46296694214876
center_z = 10.548611570247935
size_x = 22
size_y = 22
size_z = 22
energy_range = 9
exhaustiveness = 32
num_modes = 10