center_x = -7.165196969696969
center_y = -24.056643939393936
center_z = -24.497818181818168
size_x = 22
size_y = 22
size_z = 22
energy_range = 9
exhaustiveness = 32
num_modes = 10