center_x = 4.9178451612903205
center_y = -9.074690322580649
center_z = -28.97196129032258
size_x = 22
size_y = 22
size_z = 22
energy_range = 9
exhaustiveness = 32
num_modes = 10