center_x = 2.5504144144144147
center_y = -34.234081081081094
center_z = 9.616018018018016
size_x = 22
size_y = 22
size_z = 22
energy_range = 9
exhaustiveness = 32
num_modes = 10