center_x = -2.722663043478262
center_y = -17.38282246376811
center_z = -9.43172463768116
size_x = 22
size_y = 22
size_z = 22
energy_range = 9
exhaustiveness = 32
num_modes = 10