center_x = -2.6030454545454544
center_y = -9.944626262626263
center_z = 3.4018080808080824
size_x = 22
size_y = 22
size_z = 22
energy_range = 9
exhaustiveness = 32
num_modes = 10