center_x = -7.722929411764703
center_y = -13.86928235294118
center_z = -25.24096862745098
size_x = 22
size_y = 22
size_z = 22
energy_range = 9
exhaustiveness = 32
num_modes = 10