center_x = 11.852401360544222
center_y = -14.559503401360551
center_z = -28.045625850340134
size_x = 22
size_y = 22
size_z = 22
energy_range = 9
exhaustiveness = 32
num_modes = 10