center_x = -2.5759171270718237
center_y = -2.9441215469613264
center_z = -2.306895027624308
size_x = 22
size_y = 22
size_z = 22
energy_range = 9
exhaustiveness = 32
num_modes = 10