center_x = 6.35851724137931
center_y = 0.3045431034482759
center_z = -18.518586206896547
size_x = 22
size_y = 22
size_z = 22
energy_range = 9
exhaustiveness = 32
num_modes = 10