center_x = 3.989496240601505
center_y = -34.28145112781955
center_z = -2.7442481203007527
size_x = 22
size_y = 22
size_z = 22
energy_range = 9
exhaustiveness = 32
num_modes = 10