center_x = 4.863878787878788
center_y = -33.28753535353537
center_z = -42.62649494949495
size_x = 22
size_y = 22
size_z = 22
energy_range = 9
exhaustiveness = 32
num_modes = 10