center_x = 2.242125
center_y = -19.50057291666666
center_z = -29.76671875
size_x = 22
size_y = 22
size_z = 22
energy_range = 9
exhaustiveness = 32
num_modes = 10