center_x = 22.65341346153847
center_y = 9.132697115384612
center_z = -27.425259615384604
size_x = 22
size_y = 22
size_z = 22
energy_range = 9
exhaustiveness = 32
num_modes = 10