center_x = 23.755020202020216
center_y = 17.579025252525263
center_z = -25.98379797979799
size_x = 22
size_y = 22
size_z = 22
energy_range = 9
exhaustiveness = 32
num_modes = 10