center_x = 22.542485380116943
center_y = 21.383046783625723
center_z = -30.49743567251464
size_x = 22
size_y = 22
size_z = 22
energy_range = 9
exhaustiveness = 32
num_modes = 10