center_x = 21.98927112676057
center_y = 24.269961267605645
center_z = -27.227852112676068
size_x = 22
size_y = 22
size_z = 22
energy_range = 9
exhaustiveness = 32
num_modes = 10