center_x = 24.10322692307692
center_y = 20.36183076923077
center_z = -27.02844230769229
size_x = 22
size_y = 22
size_z = 22
energy_range = 9
exhaustiveness = 32
num_modes = 10