center_x = 21.057082191780815
center_y = 17.351417808219196
center_z = -27.363417808219157
size_x = 22
size_y = 22
size_z = 22
energy_range = 9
exhaustiveness = 32
num_modes = 10