center_x = 23.02751811594201
center_y = 8.203702898550723
center_z = -27.24606159420288
size_x = 22
size_y = 22
size_z = 22
energy_range = 9
exhaustiveness = 32
num_modes = 10