center_x = 22.558175704989143
center_y = 18.837630151843825
center_z = -28.06020065075917
size_x = 22
size_y = 22
size_z = 22
energy_range = 9
exhaustiveness = 32
num_modes = 10