center_x = 21.802348484848483
center_y = 22.489313852813865
center_z = -30.76827272727272
size_x = 22
size_y = 22
size_z = 22
energy_range = 9
exhaustiveness = 32
num_modes = 10