center_x = 22.400851851851854
center_y = 28.019541666666665
center_z = -29.626217592592567
size_x = 22
size_y = 22
size_z = 22
energy_range = 9
exhaustiveness = 32
num_modes = 10