center_x = 22.58635258964144
center_y = 18.4795029880478
center_z = -28.072294820717133
size_x = 22
size_y = 22
size_z = 22
energy_range = 9
exhaustiveness = 32
num_modes = 10