center_x = 21.03894636015327
center_y = 26.2298237547893
center_z = -28.5635287356322
size_x = 22
size_y = 22
size_z = 22
energy_range = 9
exhaustiveness = 32
num_modes = 10