center_x = 24.543225308641954
center_y = 18.147373456790135
center_z = -28.826395061728395
size_x = 22
size_y = 22
size_z = 22
energy_range = 9
exhaustiveness = 32
num_modes = 10