center_x = 20.85719343065692
center_y = 25.20536861313868
center_z = -31.31675547445253
size_x = 22
size_y = 22
size_z = 22
energy_range = 9
exhaustiveness = 32
num_modes = 10