center_x = 23.160509259259264
center_y = 8.543759259259256
center_z = -26.00205555555555
size_x = 22
size_y = 22
size_z = 22
energy_range = 9
exhaustiveness = 32
num_modes = 10