center_x = 21.24288235294117
center_y = 32.102007352941165
center_z = -31.54833823529412
size_x = 22
size_y = 22
size_z = 22
energy_range = 9
exhaustiveness = 32
num_modes = 10