center_x = 24.666586363636355
center_y = 3.7840363636363623
center_z = -25.744127272727265
size_x = 22
size_y = 22
size_z = 22
energy_range = 9
exhaustiveness = 32
num_modes = 10