center_x = 21.225879844961245
center_y = 15.231616279069767
center_z = -27.75788372093024
size_x = 22
size_y = 22
size_z = 22
energy_range = 9
exhaustiveness = 32
num_modes = 10