center_x = -78.67476308539942
center_y = -54.441297520661145
center_z = 206.2027410468322
size_x = 22
size_y = 22
size_z = 22
energy_range = 9
exhaustiveness = 32
num_modes = 10