center_x = -54.555062618595805
center_y = -38.86289943074003
center_z = 207.0608709677419
size_x = 22
size_y = 22
size_z = 22
energy_range = 9
exhaustiveness = 32
num_modes = 10