center_x = -72.3216468253968
center_y = -57.59108333333332
center_z = 214.8954404761905
size_x = 22
size_y = 22
size_z = 22
energy_range = 9
exhaustiveness = 32
num_modes = 10