center_x = -40.90413661202179
center_y = -31.35576138433516
center_z = 205.1656156648452
size_x = 22
size_y = 22
size_z = 22
energy_range = 9
exhaustiveness = 32
num_modes = 10