center_x = -52.88840590405904
center_y = -37.92569741697414
center_z = 207.02488007380092
size_x = 22
size_y = 22
size_z = 22
energy_range = 9
exhaustiveness = 32
num_modes = 10