center_x = -63.36100000000005
center_y = -50.65626869158878
center_z = 204.1518855140185
size_x = 22
size_y = 22
size_z = 22
energy_range = 9
exhaustiveness = 32
num_modes = 10