center_x = -49.11307905982907
center_y = -38.7185277777778
center_z = 210.14268376068392
size_x = 22
size_y = 22
size_z = 22
energy_range = 9
exhaustiveness = 32
num_modes = 10