center_x = -75.06085737439221
center_y = -56.954709886547775
center_z = 209.6543808752025
size_x = 22
size_y = 22
size_z = 22
energy_range = 9
exhaustiveness = 32
num_modes = 10