center_x = -54.767813614744256
center_y = -40.51801248513681
center_z = 207.43919262782424
size_x = 22
size_y = 22
size_z = 22
energy_range = 9
exhaustiveness = 32
num_modes = 10