center_x = -47.79753161592503
center_y = -42.21439344262296
center_z = 205.51436768149856
size_x = 22
size_y = 22
size_z = 22
energy_range = 9
exhaustiveness = 32
num_modes = 10