center_x = -46.302059620596175
center_y = -35.90378861788617
center_z = 208.74268699187
size_x = 22
size_y = 22
size_z = 22
energy_range = 9
exhaustiveness = 32
num_modes = 10