center_x = -67.47973239436624
center_y = -45.76686760563383
center_z = 210.37390704225345
size_x = 22
size_y = 22
size_z = 22
energy_range = 9
exhaustiveness = 32
num_modes = 10