center_x = -71.99380434782609
center_y = -45.84092826086955
center_z = 210.33619130434784
size_x = 22
size_y = 22
size_z = 22
energy_range = 9
exhaustiveness = 32
num_modes = 10