center_x = -75.67233035714288
center_y = -58.008549107142855
center_z = 210.2344933035716
size_x = 22
size_y = 22
size_z = 22
energy_range = 9
exhaustiveness = 32
num_modes = 10