center_x = -80.01553767123283
center_y = -57.492780821917805
center_z = 206.08041095890405
size_x = 22
size_y = 22
size_z = 22
energy_range = 9
exhaustiveness = 32
num_modes = 10