center_x = -73.92524230769234
center_y = -55.49782692307691
center_z = 207.0299884615385
size_x = 22
size_y = 22
size_z = 22
energy_range = 9
exhaustiveness = 32
num_modes = 10