center_x = -62.288387168141576
center_y = -39.00833628318582
center_z = 209.5285243362832
size_x = 22
size_y = 22
size_z = 22
energy_range = 9
exhaustiveness = 32
num_modes = 10