center_x = -49.621696551724135
center_y = -31.232767816091965
center_z = 211.45595172413795
size_x = 22
size_y = 22
size_z = 22
energy_range = 9
exhaustiveness = 32
num_modes = 10