center_x = -54.06357523809525
center_y = -43.00634476190477
center_z = 208.4455257142857
size_x = 22
size_y = 22
size_z = 22
energy_range = 9
exhaustiveness = 32
num_modes = 10