center_x = -73.08116404494383
center_y = -54.25673932584269
center_z = 207.0896966292136
size_x = 22
size_y = 22
size_z = 22
energy_range = 9
exhaustiveness = 32
num_modes = 10