center_x = -48.845076562500026
center_y = -32.543474218749985
center_z = 208.9072421875
size_x = 22
size_y = 22
size_z = 22
energy_range = 9
exhaustiveness = 32
num_modes = 10