center_x = -51.64921493902444
center_y = -32.79834908536586
center_z = 211.53697103658533
size_x = 22
size_y = 22
size_z = 22
energy_range = 9
exhaustiveness = 32
num_modes = 10