center_x = -47.11552710843374
center_y = -32.059626506024124
center_z = 209.26258885542177
size_x = 22
size_y = 22
size_z = 22
energy_range = 9
exhaustiveness = 32
num_modes = 10