center_x = -50.14543511450388
center_y = -39.10815076335877
center_z = 207.30344847328251
size_x = 22
size_y = 22
size_z = 22
energy_range = 9
exhaustiveness = 32
num_modes = 10