center_x = -49.61308844765344
center_y = -36.52355054151628
center_z = 204.0190613718412
size_x = 22
size_y = 22
size_z = 22
energy_range = 9
exhaustiveness = 32
num_modes = 10