center_x = -48.4164133333333
center_y = -37.96173333333334
center_z = 206.5509600000001
size_x = 22
size_y = 22
size_z = 22
energy_range = 9
exhaustiveness = 32
num_modes = 10