center_x = -64.52897922848668
center_y = -45.71670919881305
center_z = 204.6010118694361
size_x = 22
size_y = 22
size_z = 22
energy_range = 9
exhaustiveness = 32
num_modes = 10