center_x = -44.84124644549766
center_y = -36.99355292259081
center_z = 212.28264454976303
size_x = 22
size_y = 22
size_z = 22
energy_range = 9
exhaustiveness = 32
num_modes = 10