center_x = -45.16065019011406
center_y = -34.2676958174905
center_z = 212.9033117870722
size_x = 22
size_y = 22
size_z = 22
energy_range = 9
exhaustiveness = 32
num_modes = 10