center_x = -75.23612499999992
center_y = -48.58626388888887
center_z = 205.30895138888883
size_x = 22
size_y = 22
size_z = 22
energy_range = 9
exhaustiveness = 32
num_modes = 10