center_x = -64.3038518518518
center_y = -50.76974074074075
center_z = 213.4608148148148
size_x = 22
size_y = 22
size_z = 22
energy_range = 9
exhaustiveness = 32
num_modes = 10