center_x = -48.433762711864446
center_y = -33.716175141242935
center_z = 208.71335404896408
size_x = 22
size_y = 22
size_z = 22
energy_range = 9
exhaustiveness = 32
num_modes = 10