center_x = -75.29300240963852
center_y = -47.60286265060237
center_z = 212.0218819277108
size_x = 22
size_y = 22
size_z = 22
energy_range = 9
exhaustiveness = 32
num_modes = 10