center_x = -47.38033199999995
center_y = -40.044072000000014
center_z = 210.622332
size_x = 22
size_y = 22
size_z = 22
energy_range = 9
exhaustiveness = 32
num_modes = 10