center_x = -63.92995499021524
center_y = -48.52809393346379
center_z = 210.17404500978463
size_x = 22
size_y = 22
size_z = 22
energy_range = 9
exhaustiveness = 32
num_modes = 10