center_x = -49.54743887147336
center_y = -38.02778683385578
center_z = 210.623460815047
size_x = 22
size_y = 22
size_z = 22
energy_range = 9
exhaustiveness = 32
num_modes = 10