center_x = -47.11784210526313
center_y = -33.47272997711669
center_z = 211.66098627002287
size_x = 22
size_y = 22
size_z = 22
energy_range = 9
exhaustiveness = 32
num_modes = 10