center_x = -54.59364356435642
center_y = -38.173627062706274
center_z = 211.4756633663368
size_x = 22
size_y = 22
size_z = 22
energy_range = 9
exhaustiveness = 32
num_modes = 10