center_x = -61.11950357142855
center_y = -33.66063571428573
center_z = 211.76312142857157
size_x = 22
size_y = 22
size_z = 22
energy_range = 9
exhaustiveness = 32
num_modes = 10