center_x = -52.06668849206351
center_y = -39.6889007936508
center_z = 208.2535932539682
size_x = 22
size_y = 22
size_z = 22
energy_range = 9
exhaustiveness = 32
num_modes = 10