center_x = -49.74389642184553
center_y = -41.92290583804144
center_z = 210.8194858757061
size_x = 22
size_y = 22
size_z = 22
energy_range = 9
exhaustiveness = 32
num_modes = 10