center_x = -73.46890848214284
center_y = -45.12404241071429
center_z = 208.61570535714267
size_x = 22
size_y = 22
size_z = 22
energy_range = 9
exhaustiveness = 32
num_modes = 10