center_x = -55.4604593837536
center_y = -42.78446946778712
center_z = 209.69628571428584
size_x = 22
size_y = 22
size_z = 22
energy_range = 9
exhaustiveness = 32
num_modes = 10