center_x = -51.13544337811905
center_y = -40.13893090211128
center_z = 204.71112859884823
size_x = 22
size_y = 22
size_z = 22
energy_range = 9
exhaustiveness = 32
num_modes = 10