center_x = -48.961290178571446
center_y = -33.71596874999999
center_z = 211.2851874999999
size_x = 22
size_y = 22
size_z = 22
energy_range = 9
exhaustiveness = 32
num_modes = 10