center_x = -77.69694661921716
center_y = -51.66056583629891
center_z = 202.905544483986
size_x = 22
size_y = 22
size_z = 22
energy_range = 9
exhaustiveness = 32
num_modes = 10