center_x = -69.55420867208682
center_y = -52.98332520325206
center_z = 211.18685907859089
size_x = 22
size_y = 22
size_z = 22
energy_range = 9
exhaustiveness = 32
num_modes = 10