center_x = -49.38939843750003
center_y = -32.22091276041669
center_z = 206.62715234375003
size_x = 22
size_y = 22
size_z = 22
energy_range = 9
exhaustiveness = 32
num_modes = 10