center_x = -50.56292319508444
center_y = -41.47898156682028
center_z = 209.4749754224268
size_x = 22
size_y = 22
size_z = 22
energy_range = 9
exhaustiveness = 32
num_modes = 10