center_x = 19.14875796178344
center_y = -21.09431847133757
center_z = 24.448796178343954
size_x = 22
size_y = 22
size_z = 22
energy_range = 9
exhaustiveness = 32
num_modes = 10