center_x = 28.77998578199053
center_y = -4.6899336492891015
center_z = 33.94204739336493
size_x = 22
size_y = 22
size_z = 22
energy_range = 9
exhaustiveness = 32
num_modes = 10