center_x = 28.935333333333336
center_y = -9.28780808080808
center_z = 8.44730303030303
size_x = 22
size_y = 22
size_z = 22
energy_range = 9
exhaustiveness = 32
num_modes = 10