center_x = 23.088999999999995
center_y = -28.17882758620689
center_z = 25.09885344827588
size_x = 22
size_y = 22
size_z = 22
energy_range = 9
exhaustiveness = 32
num_modes = 10