center_x = 15.474266331658283
center_y = -13.460954773869346
center_z = 12.560964824120605
size_x = 22
size_y = 22
size_z = 22
energy_range = 9
exhaustiveness = 32
num_modes = 10