center_x = 23.72018926553675
center_y = -22.251384180790957
center_z = 31.683333333333326
size_x = 22
size_y = 22
size_z = 22
energy_range = 9
exhaustiveness = 32
num_modes = 10