center_x = 12.135695652173917
center_y = 4.998934782608694
center_z = 26.853641304347825
size_x = 22
size_y = 22
size_z = 22
energy_range = 9
exhaustiveness = 32
num_modes = 10