center_x = 31.15094736842106
center_y = -25.87893859649122
center_z = 13.1724649122807
size_x = 22
size_y = 22
size_z = 22
energy_range = 9
exhaustiveness = 32
num_modes = 10