center_x = 21.19204310344828
center_y = -0.3758922413793105
center_z = 17.36910344827585
size_x = 22
size_y = 22
size_z = 22
energy_range = 9
exhaustiveness = 32
num_modes = 10