center_x = 29.21708290155441
center_y = -2.683979274611398
center_z = 22.610761658031095
size_x = 22
size_y = 22
size_z = 22
energy_range = 9
exhaustiveness = 32
num_modes = 10