center_x = 17.448906542056076
center_y = -1.2703177570093458
center_z = 38.80019626168224
size_x = 22
size_y = 22
size_z = 22
energy_range = 9
exhaustiveness = 32
num_modes = 10