center_x = -23.02405194805196
center_y = -34.211603896103895
center_z = 41.63503896103895
size_x = 22
size_y = 22
size_z = 22
energy_range = 9
exhaustiveness = 32
num_modes = 10