center_x = -18.14412857142856
center_y = -40.53690000000001
center_z = 35.03639285714286
size_x = 22
size_y = 22
size_z = 22
energy_range = 9
exhaustiveness = 32
num_modes = 10