center_x = -19.300010416666662
center_y = -57.54008333333334
center_z = 38.29703125
size_x = 22
size_y = 22
size_z = 22
energy_range = 9
exhaustiveness = 32
num_modes = 10