center_x = -24.192791304347825
center_y = -39.902834782608686
center_z = 21.018417391304343
size_x = 22
size_y = 22
size_z = 22
energy_range = 9
exhaustiveness = 32
num_modes = 10