center_x = -1.0542695652173917
center_y = -42.31330434782609
center_z = 49.741626086956536
size_x = 22
size_y = 22
size_z = 22
energy_range = 9
exhaustiveness = 32
num_modes = 10