center_x = -2.3777603550295856
center_y = -16.961535502958586
center_z = 26.211369822485217
size_x = 22
size_y = 22
size_z = 22
energy_range = 9
exhaustiveness = 32
num_modes = 10