center_x = -14.890803571428572
center_y = -13.867044642857138
center_z = 14.513535714285718
size_x = 22
size_y = 22
size_z = 22
energy_range = 9
exhaustiveness = 32
num_modes = 10