center_x = 19.999802631578948
center_y = -33.47878947368421
center_z = -8.17197368421053
size_x = 22
size_y = 22
size_z = 22
energy_range = 9
exhaustiveness = 32
num_modes = 10