center_x = 3.9523243243243233
center_y = -22.73188288288287
center_z = 35.186549549549554
size_x = 22
size_y = 22
size_z = 22
energy_range = 9
exhaustiveness = 32
num_modes = 10