center_x = -13.519496062992124
center_y = -13.094543307086616
center_z = 26.74962204724409
size_x = 22
size_y = 22
size_z = 22
energy_range = 9
exhaustiveness = 32
num_modes = 10