center_x = -9.482435714285716
center_y = -50.81939285714285
center_z = 50.31517142857142
size_x = 22
size_y = 22
size_z = 22
energy_range = 9
exhaustiveness = 32
num_modes = 10