center_x = 20.01168518518519
center_y = -26.471709876543205
center_z = -9.919592592592592
size_x = 22
size_y = 22
size_z = 22
energy_range = 9
exhaustiveness = 32
num_modes = 10