center_x = -29.12666887417219
center_y = -47.68713907284768
center_z = 43.16150331125829
size_x = 22
size_y = 22
size_z = 22
energy_range = 9
exhaustiveness = 32
num_modes = 10