center_x = 20.03765217391304
center_y = -35.00651304347826
center_z = 16.015478260869564
size_x = 22
size_y = 22
size_z = 22
energy_range = 9
exhaustiveness = 32
num_modes = 10