center_x = 5.138811369509041
center_y = -39.52523514211887
center_z = 19.244961240310086
size_x = 22
size_y = 22
size_z = 22
energy_range = 9
exhaustiveness = 32
num_modes = 10