center_x = 0.1670295857988163
center_y = -7.05210650887574
center_z = 13.838366863905328
size_x = 22
size_y = 22
size_z = 22
energy_range = 9
exhaustiveness = 32
num_modes = 10