center_x = 20.20929054054054
center_y = -21.427067567567555
center_z = 11.690486486486485
size_x = 22
size_y = 22
size_z = 22
energy_range = 9
exhaustiveness = 32
num_modes = 10