center_x = -2.73262745098039
center_y = -8.902431372549014
center_z = 28.241653594771243
size_x = 22
size_y = 22
size_z = 22
energy_range = 9
exhaustiveness = 32
num_modes = 10