center_x = 5.089506849315071
center_y = -26.0663904109589
center_z = 28.88002739726027
size_x = 22
size_y = 22
size_z = 22
energy_range = 9
exhaustiveness = 32
num_modes = 10