center_x = -4.75020740740741
center_y = -13.706592592592596
center_z = 34.6014
size_x = 22
size_y = 22
size_z = 22
energy_range = 9
exhaustiveness = 32
num_modes = 10