center_x = 11.656843930635834
center_y = -26.934346820809253
center_z = -9.247335260115603
size_x = 22
size_y = 22
size_z = 22
energy_range = 9
exhaustiveness = 32
num_modes = 10