center_x = 6.094075675675675
center_y = -32.701535135135124
center_z = 37.33458918918919
size_x = 22
size_y = 22
size_z = 22
energy_range = 9
exhaustiveness = 32
num_modes = 10