center_x = -25.70697402597404
center_y = -53.37014285714282
center_z = 35.06575324675326
size_x = 22
size_y = 22
size_z = 22
energy_range = 9
exhaustiveness = 32
num_modes = 10