center_x = -14.719484536082474
center_y = -23.751639175257733
center_z = 43.14857731958764
size_x = 22
size_y = 22
size_z = 22
energy_range = 9
exhaustiveness = 32
num_modes = 10