center_x = 12.78238738738739
center_y = -26.030540540540542
center_z = 24.646306306306304
size_x = 22
size_y = 22
size_z = 22
energy_range = 9
exhaustiveness = 32
num_modes = 10