center_x = -19.88334453781511
center_y = -44.8780588235294
center_z = 15.526773109243702
size_x = 22
size_y = 22
size_z = 22
energy_range = 9
exhaustiveness = 32
num_modes = 10