center_x = -8.632636363636362
center_y = -24.430206060606054
center_z = 6.739509090909088
size_x = 22
size_y = 22
size_z = 22
energy_range = 9
exhaustiveness = 32
num_modes = 10