center_x = -24.760435028248587
center_y = -41.73471751412431
center_z = 34.65674011299436
size_x = 22
size_y = 22
size_z = 22
energy_range = 9
exhaustiveness = 32
num_modes = 10