center_x = 11.539184466019416
center_y = -34.54301941747572
center_z = -6.751553398058251
size_x = 22
size_y = 22
size_z = 22
energy_range = 9
exhaustiveness = 32
num_modes = 10