center_x = -13.670062500000002
center_y = -49.87046428571429
center_z = 20.104544642857142
size_x = 22
size_y = 22
size_z = 22
energy_range = 9
exhaustiveness = 32
num_modes = 10