center_x = 12.308496183206108
center_y = -17.17632442748092
center_z = 15.661385496183208
size_x = 22
size_y = 22
size_z = 22
energy_range = 9
exhaustiveness = 32
num_modes = 10