center_x = 12.19294318181818
center_y = -30.80945454545456
center_z = 22.684590909090904
size_x = 22
size_y = 22
size_z = 22
energy_range = 9
exhaustiveness = 32
num_modes = 10