center_x = 9.2998417266187
center_y = -39.39484172661871
center_z = 30.31722302158274
size_x = 22
size_y = 22
size_z = 22
energy_range = 9
exhaustiveness = 32
num_modes = 10