center_x = 23.500218181818187
center_y = -30.672800000000016
center_z = 5.670736363636367
size_x = 22
size_y = 22
size_z = 22
energy_range = 9
exhaustiveness = 32
num_modes = 10