center_x = 9.240396946564886
center_y = -15.969122137404582
center_z = 29.51527480916029
size_x = 22
size_y = 22
size_z = 22
energy_range = 9
exhaustiveness = 32
num_modes = 10