center_x = 3.698686274509804
center_y = 5.0875490196078434
center_z = 169.37355882352944
size_x = 22
size_y = 22
size_z = 22
energy_range = 9
exhaustiveness = 32
num_modes = 10