center_x = 15.123142857142865
center_y = 16.805976190476187
center_z = 154.76098809523805
size_x = 22
size_y = 22
size_z = 22
energy_range = 9
exhaustiveness = 32
num_modes = 10