center_x = 17.83947524752475
center_y = 7.059514851485148
center_z = 160.48867326732676
size_x = 22
size_y = 22
size_z = 22
energy_range = 9
exhaustiveness = 32
num_modes = 10