center_x = 12.887634146341467
center_y = 8.6099837398374
center_z = 167.7631707317073
size_x = 22
size_y = 22
size_z = 22
energy_range = 9
exhaustiveness = 32
num_modes = 10