center_x = 7.570736842105264
center_y = 34.70224210526316
center_z = 157.20862105263154
size_x = 22
size_y = 22
size_z = 22
energy_range = 9
exhaustiveness = 32
num_modes = 10