center_x = 9.1219
center_y = 29.997966666666667
center_z = 169.59981666666673
size_x = 22
size_y = 22
size_z = 22
energy_range = 9
exhaustiveness = 32
num_modes = 10