center_x = 11.91138059701493
center_y = 29.478544776119417
center_z = 150.88380597014927
size_x = 22
size_y = 22
size_z = 22
energy_range = 9
exhaustiveness = 32
num_modes = 10