center_x = -0.8454769230769237
center_y = 8.28340769230769
center_z = 164.8725769230769
size_x = 22
size_y = 22
size_z = 22
energy_range = 9
exhaustiveness = 32
num_modes = 10