center_x = 11.802726027397254
center_y = 19.78910273972601
center_z = 169.27698630136987
size_x = 22
size_y = 22
size_z = 22
energy_range = 9
exhaustiveness = 32
num_modes = 10