center_x = 2.405026086956522
center_y = 31.278617391304337
center_z = 165.1626782608696
size_x = 22
size_y = 22
size_z = 22
energy_range = 9
exhaustiveness = 32
num_modes = 10