center_x = 5.306639175257732
center_y = 25.30234020618557
center_z = 156.81405154639174
size_x = 22
size_y = 22
size_z = 22
energy_range = 9
exhaustiveness = 32
num_modes = 10