center_x = 8.200928143712572
center_y = 2.106748502994012
center_z = 10.534994011976051
size_x = 22
size_y = 22
size_z = 22
energy_range = 9
exhaustiveness = 32
num_modes = 10