center_x = 24.75352127659574
center_y = 13.219170212765954
center_z = 4.012776595744681
size_x = 22
size_y = 22
size_z = 22
energy_range = 9
exhaustiveness = 32
num_modes = 10