center_x = 14.670992187499992
center_y = 8.462914062500001
center_z = -11.169539062499998
size_x = 22
size_y = 22
size_z = 22
energy_range = 9
exhaustiveness = 32
num_modes = 10