center_x = 26.56023
center_y = 8.21923
center_z = -12.55845
size_x = 22
size_y = 22
size_z = 22
energy_range = 9
exhaustiveness = 32
num_modes = 10