center_x = 19.60046428571428
center_y = 8.844907142857139
center_z = -7.810139285714287
size_x = 22
size_y = 22
size_z = 22
energy_range = 9
exhaustiveness = 32
num_modes = 10