center_x = 15.702608695652174
center_y = 3.533060869565217
center_z = -13.250808695652175
size_x = 22
size_y = 22
size_z = 22
energy_range = 9
exhaustiveness = 32
num_modes = 10