center_x = 25.20179605263157
center_y = 0.7476513157894741
center_z = -3.9565328947368417
size_x = 22
size_y = 22
size_z = 22
energy_range = 9
exhaustiveness = 32
num_modes = 10