center_x = 12.39245
center_y = -5.942233333333335
center_z = 9.31415
size_x = 22
size_y = 22
size_z = 22
energy_range = 9
exhaustiveness = 32
num_modes = 10