center_x = 7.013435714285716
center_y = 9.910878571428572
center_z = 4.719557142857142
size_x = 22
size_y = 22
size_z = 22
energy_range = 9
exhaustiveness = 32
num_modes = 10