center_x = -10.345404761904769
center_y = 48.759714285714274
center_z = 2.2181666666666664
size_x = 22
size_y = 22
size_z = 22
energy_range = 9
exhaustiveness = 32
num_modes = 10