center_x = 18.81168548387096
center_y = 21.32178225806452
center_z = 8.199951612903222
size_x = 22
size_y = 22
size_z = 22
energy_range = 9
exhaustiveness = 32
num_modes = 10