center_x = 11.88362209302326
center_y = 22.400249999999996
center_z = 9.033709302325583
size_x = 22
size_y = 22
size_z = 22
energy_range = 9
exhaustiveness = 32
num_modes = 10