center_x = -3.6305263157894734
center_y = 54.54757894736841
center_z = 8.232063157894736
size_x = 22
size_y = 22
size_z = 22
energy_range = 9
exhaustiveness = 32
num_modes = 10