center_x = 27.456242990654207
center_y = 30.68485981308412
center_z = -14.481457943925244
size_x = 22
size_y = 22
size_z = 22
energy_range = 9
exhaustiveness = 32
num_modes = 10