center_x = 12.45969354838709
center_y = 64.14709677419356
center_z = -4.919669354838709
size_x = 22
size_y = 22
size_z = 22
energy_range = 9
exhaustiveness = 32
num_modes = 10