center_x = 22.10902290076337
center_y = 50.24376335877861
center_z = 6.9982595419847335
size_x = 22
size_y = 22
size_z = 22
energy_range = 9
exhaustiveness = 32
num_modes = 10