center_x = 29.792813186813184
center_y = 56.404593406593406
center_z = 3.9217802197802194
size_x = 22
size_y = 22
size_z = 22
energy_range = 9
exhaustiveness = 32
num_modes = 10