center_x = 6.259047619047619
center_y = 64.9639880952381
center_z = -0.5892023809523812
size_x = 22
size_y = 22
size_z = 22
energy_range = 9
exhaustiveness = 32
num_modes = 10