center_x = 18.64093636363636
center_y = 67.7514090909091
center_z = 0.5297545454545454
size_x = 22
size_y = 22
size_z = 22
energy_range = 9
exhaustiveness = 32
num_modes = 10