center_x = 3.90226174496644
center_y = 53.376140939597306
center_z = -10.946845637583897
size_x = 22
size_y = 22
size_z = 22
energy_range = 9
exhaustiveness = 32
num_modes = 10