center_x = 17.21977272727273
center_y = 19.675666666666665
center_z = -18.042924242424245
size_x = 22
size_y = 22
size_z = 22
energy_range = 9
exhaustiveness = 32
num_modes = 10