center_x = 22.627366666666678
center_y = 16.504533333333338
center_z = 0.8373888888888888
size_x = 22
size_y = 22
size_z = 22
energy_range = 9
exhaustiveness = 32
num_modes = 10