center_x = 5.320107843137257
center_y = 56.09889215686273
center_z = 10.345235294117648
size_x = 22
size_y = 22
size_z = 22
energy_range = 9
exhaustiveness = 32
num_modes = 10