center_x = 17.756601515151495
center_y = 40.41159696969695
center_z = -6.480322727272726
size_x = 22
size_y = 22
size_z = 22
energy_range = 9
exhaustiveness = 32
num_modes = 10