center_x = 20.055076923076918
center_y = 60.66546153846156
center_z = 14.548323076923076
size_x = 22
size_y = 22
size_z = 22
energy_range = 9
exhaustiveness = 32
num_modes = 10