center_x = -1.0828794326241142
center_y = 41.98256737588657
center_z = -8.372170212765957
size_x = 22
size_y = 22
size_z = 22
energy_range = 9
exhaustiveness = 32
num_modes = 10