center_x = -1.8198978102189776
center_y = 43.363197080292
center_z = 12.87120437956204
size_x = 22
size_y = 22
size_z = 22
energy_range = 9
exhaustiveness = 32
num_modes = 10