center_x = 7.224920863309356
center_y = 33.04582733812952
center_z = -11.46956834532374
size_x = 22
size_y = 22
size_z = 22
energy_range = 9
exhaustiveness = 32
num_modes = 10