center_x = 26.28215463917525
center_y = 48.26445876288657
center_z = 0.7510515463917524
size_x = 22
size_y = 22
size_z = 22
energy_range = 9
exhaustiveness = 32
num_modes = 10