center_x = 16.017410958904108
center_y = 31.609849315068494
center_z = 18.77995890410958
size_x = 22
size_y = 22
size_z = 22
energy_range = 9
exhaustiveness = 32
num_modes = 10