center_x = 10.608704918032789
center_y = 54.99080327868854
center_z = -11.744770491803283
size_x = 22
size_y = 22
size_z = 22
energy_range = 9
exhaustiveness = 32
num_modes = 10