center_x = 24.331436241610724
center_y = 31.099020134228198
center_z = 8.928369127516774
size_x = 22
size_y = 22
size_z = 22
energy_range = 9
exhaustiveness = 32
num_modes = 10