center_x = -1.053469026548673
center_y = 53.801716814159285
center_z = -9.589628318584074
size_x = 22
size_y = 22
size_z = 22
energy_range = 9
exhaustiveness = 32
num_modes = 10