center_x = -18.034731707317068
center_y = 62.72875609756095
center_z = -49.024394308943066
size_x = 22
size_y = 22
size_z = 22
energy_range = 9
exhaustiveness = 32
num_modes = 10