center_x = -16.996987903225808
center_y = 52.81960887096775
center_z = -43.36327822580645
size_x = 22
size_y = 22
size_z = 22
energy_range = 9
exhaustiveness = 32
num_modes = 10