center_x = -17.392965863453814
center_y = 47.79843775100402
center_z = -25.883048192771074
size_x = 22
size_y = 22
size_z = 22
energy_range = 9
exhaustiveness = 32
num_modes = 10