center_x = -25.251999999999995
center_y = 43.81658333333335
center_z = -18.31857291666667
size_x = 22
size_y = 22
size_z = 22
energy_range = 9
exhaustiveness = 32
num_modes = 10