center_x = -18.391995833333333
center_y = 54.350254166666666
center_z = -44.552575
size_x = 22
size_y = 22
size_z = 22
energy_range = 9
exhaustiveness = 32
num_modes = 10