center_x = -15.894951428571432
center_y = 41.77230857142855
center_z = -20.38294857142856
size_x = 22
size_y = 22
size_z = 22
energy_range = 9
exhaustiveness = 32
num_modes = 10