receptor = data/6pka/6pka_ligand.pdbqt
ligand = data/6pka/6pka_protein.pdbqt
center_x = -17.392965863453814
center_y = 47.79843775100402
center_z = -25.883048192771074
size_x = 58.21406827309237
size_y = 36.048875502008045
size_z = 31.743903614457857
energy_range = 9
exhaustiveness = 32
num_modes = 10