center_x = -21.03974918566773
center_y = 49.848034201954384
center_z = -26.823068403908795
size_x = 22
size_y = 22
size_z = 22
energy_range = 9
exhaustiveness = 32
num_modes = 10