center_x = -20.777690140845078
center_y = 54.72689788732398
center_z = -48.47619718309858
size_x = 22
size_y = 22
size_z = 22
energy_range = 9
exhaustiveness = 32
num_modes = 10