center_x = -16.94577586206896
center_y = 47.097454022988494
center_z = -38.21645402298852
size_x = 22
size_y = 22
size_z = 22
energy_range = 9
exhaustiveness = 32
num_modes = 10