center_x = -13.752895312499996
center_y = 45.557443749999976
center_z = -23.99091406249999
size_x = 22
size_y = 22
size_z = 22
energy_range = 9
exhaustiveness = 32
num_modes = 10