center_x = -20.359091836734702
center_y = 67.79564795918364
center_z = -46.68127551020411
size_x = 22
size_y = 22
size_z = 22
energy_range = 9
exhaustiveness = 32
num_modes = 10