center_x = -22.50787272727272
center_y = 50.41207272727275
center_z = -15.75887878787879
size_x = 22
size_y = 22
size_z = 22
energy_range = 9
exhaustiveness = 32
num_modes = 10