center_x = -18.41762096774193
center_y = 60.689931451612885
center_z = -53.69509274193548
size_x = 22
size_y = 22
size_z = 22
energy_range = 9
exhaustiveness = 32
num_modes = 10