center_x = -28.95192258064515
center_y = 54.74031612903224
center_z = -21.76414838709677
size_x = 22
size_y = 22
size_z = 22
energy_range = 9
exhaustiveness = 32
num_modes = 10