center_x = -16.983894230769224
center_y = 55.35919711538458
center_z = -16.846879807692304
size_x = 22
size_y = 22
size_z = 22
energy_range = 9
exhaustiveness = 32
num_modes = 10