center_x = -14.964852941176485
center_y = 46.69184873949578
center_z = -20.76939075630253
size_x = 22
size_y = 22
size_z = 22
energy_range = 9
exhaustiveness = 32
num_modes = 10