center_x = -10.223837209302328
center_y = 51.90438372093025
center_z = -20.24469767441861
size_x = 22
size_y = 22
size_z = 22
energy_range = 9
exhaustiveness = 32
num_modes = 10