center_x = -26.845380597014927
center_y = 61.82278358208953
center_z = -39.91797388059701
size_x = 22
size_y = 22
size_z = 22
energy_range = 9
exhaustiveness = 32
num_modes = 10