center_x = -20.18590223463687
center_y = 60.9907793296089
center_z = -39.87080726256984
size_x = 22
size_y = 22
size_z = 22
energy_range = 9
exhaustiveness = 32
num_modes = 10