center_x = -19.821309045226123
center_y = 52.62197989949745
center_z = -24.279253768844217
size_x = 22
size_y = 22
size_z = 22
energy_range = 9
exhaustiveness = 32
num_modes = 10