center_x = -20.3590918367347
center_y = 67.79564795918368
center_z = -46.68127551020411
size_x = 22
size_y = 22
size_z = 22
energy_range = 9
exhaustiveness = 32
num_modes = 10