center_x = 27.28366666666668
center_y = 8.961575757575755
center_z = 26.9653696969697
size_x = 22
size_y = 22
size_z = 22
energy_range = 9
exhaustiveness = 32
num_modes = 10