center_x = 19.39047435897436
center_y = -17.012057692307685
center_z = 28.356839743589745
size_x = 22
size_y = 22
size_z = 22
energy_range = 9
exhaustiveness = 32
num_modes = 10