center_x = 10.283427350427347
center_y = -4.088017094017094
center_z = 16.601427350427347
size_x = 22
size_y = 22
size_z = 22
energy_range = 9
exhaustiveness = 32
num_modes = 10