center_x = 17.891704225352125
center_y = 8.101542253521128
center_z = 19.56938028169014
size_x = 22
size_y = 22
size_z = 22
energy_range = 9
exhaustiveness = 32
num_modes = 10