center_x = 26.71214184397164
center_y = 10.399879432624116
center_z = 14.699375886524829
size_x = 22
size_y = 22
size_z = 22
energy_range = 9
exhaustiveness = 32
num_modes = 10