center_x = 7.762790476190476
center_y = -16.908952380952382
center_z = 30.320619047619044
size_x = 22
size_y = 22
size_z = 22
energy_range = 9
exhaustiveness = 32
num_modes = 10