center_x = 33.276330097087374
center_y = -8.796990291262139
center_z = 2.530262135922329
size_x = 22
size_y = 22
size_z = 22
energy_range = 9
exhaustiveness = 32
num_modes = 10