center_x = 14.28058878504673
center_y = -6.1953738317757
center_z = 9.627158878504671
size_x = 22
size_y = 22
size_z = 22
energy_range = 9
exhaustiveness = 32
num_modes = 10