center_x = 27.167067484662574
center_y = 2.264269938650308
center_z = 7.24676687116564
size_x = 22
size_y = 22
size_z = 22
energy_range = 9
exhaustiveness = 32
num_modes = 10