center_x = 39.68219090909089
center_y = -12.979845454545451
center_z = 27.289218181818185
size_x = 22
size_y = 22
size_z = 22
energy_range = 9
exhaustiveness = 32
num_modes = 10