center_x = 2.078558441558441
center_y = -15.954597402597408
center_z = 28.784701298701293
size_x = 22
size_y = 22
size_z = 22
energy_range = 9
exhaustiveness = 32
num_modes = 10