center_x = 10.040280373831775
center_y = 4.4683738317757005
center_z = 11.415420560747664
size_x = 22
size_y = 22
size_z = 22
energy_range = 9
exhaustiveness = 32
num_modes = 10