center_x = 24.91642972972972
center_y = -8.292040540540546
center_z = 11.591575675675667
size_x = 22
size_y = 22
size_z = 22
energy_range = 9
exhaustiveness = 32
num_modes = 10