center_x = -27.444416342412477
center_y = -18.24521789883268
center_z = 27.12725291828794
size_x = 22
size_y = 22
size_z = 22
energy_range = 9
exhaustiveness = 32
num_modes = 10