center_x = -23.58007291666665
center_y = -16.199789583333338
center_z = 25.15728125
size_x = 22
size_y = 22
size_z = 22
energy_range = 9
exhaustiveness = 32
num_modes = 10