center_x = -25.65057446808509
center_y = -16.241356382978722
center_z = 26.10922340425532
size_x = 22
size_y = 22
size_z = 22
energy_range = 9
exhaustiveness = 32
num_modes = 10