center_x = -8.401911016949153
center_y = -10.59016949152542
center_z = 11.293449152542374
size_x = 22
size_y = 22
size_z = 22
energy_range = 9
exhaustiveness = 32
num_modes = 10