center_x = -13.013888888888893
center_y = -12.527952991452985
center_z = 15.461072649572651
size_x = 22
size_y = 22
size_z = 22
energy_range = 9
exhaustiveness = 32
num_modes = 10