center_x = -16.949197696737034
center_y = -14.214391554702487
center_z = 18.86872168905948
size_x = 22
size_y = 22
size_z = 22
energy_range = 9
exhaustiveness = 32
num_modes = 10