center_x = -13.24771621621621
center_y = -12.641200000000005
center_z = 15.56451081081081
size_x = 22
size_y = 22
size_z = 22
energy_range = 9
exhaustiveness = 32
num_modes = 10