center_x = -11.163275449101796
center_y = -11.978943113772456
center_z = 13.681685628742532
size_x = 22
size_y = 22
size_z = 22
energy_range = 9
exhaustiveness = 32
num_modes = 10