center_x = -18.86261290322581
center_y = -15.639935483870966
center_z = 21.07183870967742
size_x = 22
size_y = 22
size_z = 22
energy_range = 9
exhaustiveness = 32
num_modes = 10