center_x = -26.56238170347001
center_y = -17.979599369085165
center_z = 28.31004100946374
size_x = 22
size_y = 22
size_z = 22
energy_range = 9
exhaustiveness = 32
num_modes = 10