center_x = -17.664044999999998
center_y = -12.652535
center_z = 21.030330000000017
size_x = 22
size_y = 22
size_z = 22
energy_range = 9
exhaustiveness = 32
num_modes = 10