center_x = -23.664391191709825
center_y = -16.953922279792742
center_z = 25.019987046632146
size_x = 22
size_y = 22
size_z = 22
energy_range = 9
exhaustiveness = 32
num_modes = 10