center_x = -30.69638495575221
center_y = -19.76153982300884
center_z = 28.316106194690253
size_x = 22
size_y = 22
size_z = 22
energy_range = 9
exhaustiveness = 32
num_modes = 10