center_x = -20.2584105691057
center_y = -14.851601626016263
center_z = 21.9675081300813
size_x = 22
size_y = 22
size_z = 22
energy_range = 9
exhaustiveness = 32
num_modes = 10