center_x = -12.93729846938776
center_y = -12.513795918367345
center_z = 15.287609693877544
size_x = 22
size_y = 22
size_z = 22
energy_range = 9
exhaustiveness = 32
num_modes = 10