center_x = -20.46123611111112
center_y = -15.85608796296296
center_z = 21.830745370370373
size_x = 22
size_y = 22
size_z = 22
energy_range = 9
exhaustiveness = 32
num_modes = 10