center_x = -11.055195789473691
center_y = -11.626692631578951
center_z = 13.48554736842105
size_x = 22
size_y = 22
size_z = 22
energy_range = 9
exhaustiveness = 32
num_modes = 10