center_x = -21.75398717948719
center_y = -16.278737179487187
center_z = 23.28008012820514
size_x = 22
size_y = 22
size_z = 22
energy_range = 9
exhaustiveness = 32
num_modes = 10