center_x = -10.391923076923076
center_y = -11.43613461538462
center_z = 13.050782967032966
size_x = 22
size_y = 22
size_z = 22
energy_range = 9
exhaustiveness = 32
num_modes = 10