center_x = -17.699376779026217
center_y = -14.047615730337116
center_z = 19.800613483146066
size_x = 22
size_y = 22
size_z = 22
energy_range = 9
exhaustiveness = 32
num_modes = 10