center_x = -8.578836879432625
center_y = -10.149723404255315
center_z = 10.548028368794329
size_x = 22
size_y = 22
size_z = 22
energy_range = 9
exhaustiveness = 32
num_modes = 10