center_x = -19.70008156028368
center_y = -15.484170212765944
center_z = 21.11680496453901
size_x = 22
size_y = 22
size_z = 22
energy_range = 9
exhaustiveness = 32
num_modes = 10