center_x = -10.652187500000004
center_y = -11.75713920454546
center_z = 13.208545454545456
size_x = 22
size_y = 22
size_z = 22
energy_range = 9
exhaustiveness = 32
num_modes = 10