center_x = -26.28081818181819
center_y = -18.295748251748247
center_z = 27.375513986014
size_x = 22
size_y = 22
size_z = 22
energy_range = 9
exhaustiveness = 32
num_modes = 10