center_x = 5.957389920424403
center_y = 55.73611671087531
center_z = 19.872209549071616
size_x = 22
size_y = 22
size_z = 22
energy_range = 9
exhaustiveness = 32
num_modes = 10