center_x = 21.719145015105745
center_y = 63.61864048338367
center_z = 11.999
size_x = 22
size_y = 22
size_z = 22
energy_range = 9
exhaustiveness = 32
num_modes = 10