center_x = 2.7668847117794484
center_y = 59.09032330827069
center_z = 22.07464661654136
size_x = 22
size_y = 22
size_z = 22
energy_range = 9
exhaustiveness = 32
num_modes = 10