center_x = 20.556950310559007
center_y = 51.76354037267079
center_z = 18.189111801242227
size_x = 22
size_y = 22
size_z = 22
energy_range = 9
exhaustiveness = 32
num_modes = 10