center_x = 13.617101694915256
center_y = 70.15857966101697
center_z = 24.21418644067797
size_x = 22
size_y = 22
size_z = 22
energy_range = 9
exhaustiveness = 32
num_modes = 10