center_x = 14.234002493765589
center_y = 72.0764364089775
center_z = 18.89223690773068
size_x = 22
size_y = 22
size_z = 22
energy_range = 9
exhaustiveness = 32
num_modes = 10