center_x = 17.60605555555555
center_y = 63.99560555555557
center_z = 17.99915555555556
size_x = 22
size_y = 22
size_z = 22
energy_range = 9
exhaustiveness = 32
num_modes = 10