center_x = 12.595021653543307
center_y = 62.41774606299208
center_z = 22.09075787401577
size_x = 22
size_y = 22
size_z = 22
energy_range = 9
exhaustiveness = 32
num_modes = 10