center_x = 11.293208092485548
center_y = 59.09644508670521
center_z = 23.033705202312127
size_x = 22
size_y = 22
size_z = 22
energy_range = 9
exhaustiveness = 32
num_modes = 10