center_x = -2.028019230769231
center_y = 43.01571153846154
center_z = 21.64230769230769
size_x = 22
size_y = 22
size_z = 22
energy_range = 9
exhaustiveness = 32
num_modes = 10