center_x = 1.714491666666668
center_y = 61.01949583333339
center_z = 31.007195833333338
size_x = 22
size_y = 22
size_z = 22
energy_range = 9
exhaustiveness = 32
num_modes = 10