center_x = 20.14593206521739
center_y = 55.86526358695657
center_z = 13.898152173913042
size_x = 22
size_y = 22
size_z = 22
energy_range = 9
exhaustiveness = 32
num_modes = 10