center_x = 24.01825954198475
center_y = 59.19891221374045
center_z = 23.82386259541985
size_x = 22
size_y = 22
size_z = 22
energy_range = 9
exhaustiveness = 32
num_modes = 10