center_x = 17.132157303370782
center_y = 56.72455617977529
center_z = 19.68893539325843
size_x = 22
size_y = 22
size_z = 22
energy_range = 9
exhaustiveness = 32
num_modes = 10