center_x = 5.939354260089684
center_y = 61.76591479820627
center_z = 16.335103139013444
size_x = 22
size_y = 22
size_z = 22
energy_range = 9
exhaustiveness = 32
num_modes = 10