center_x = 11.42346863468635
center_y = 64.99597785977858
center_z = 19.794789667896687
size_x = 22
size_y = 22
size_z = 22
energy_range = 9
exhaustiveness = 32
num_modes = 10