center_x = 14.083770270270268
center_y = 65.16396621621621
center_z = 30.89279729729731
size_x = 22
size_y = 22
size_z = 22
energy_range = 9
exhaustiveness = 32
num_modes = 10