center_x = 17.860381889763776
center_y = 70.00836220472442
center_z = 19.134728346456715
size_x = 22
size_y = 22
size_z = 22
energy_range = 9
exhaustiveness = 32
num_modes = 10