center_x = 20.228342028985526
center_y = 57.41191594202893
center_z = 16.136266666666664
size_x = 22
size_y = 22
size_z = 22
energy_range = 9
exhaustiveness = 32
num_modes = 10