center_x = 8.298578947368425
center_y = 68.47977327935222
center_z = 16.380574898785422
size_x = 22
size_y = 22
size_z = 22
energy_range = 9
exhaustiveness = 32
num_modes = 10