center_x = -10.996911564625854
center_y = 36.93025850340137
center_z = 25.92452380952381
size_x = 22
size_y = 22
size_z = 22
energy_range = 9
exhaustiveness = 32
num_modes = 10