center_x = 2.36716030534351
center_y = 46.57024427480914
center_z = 33.02796183206107
size_x = 22
size_y = 22
size_z = 22
energy_range = 9
exhaustiveness = 32
num_modes = 10