center_x = 13.691606986899568
center_y = 74.70328384279479
center_z = 20.95797379912664
size_x = 22
size_y = 22
size_z = 22
energy_range = 9
exhaustiveness = 32
num_modes = 10