center_x = 10.420065420560748
center_y = 56.45544859813084
center_z = 35.41689719626171
size_x = 22
size_y = 22
size_z = 22
energy_range = 9
exhaustiveness = 32
num_modes = 10