center_x = 18.654331838565035
center_y = 66.99888340807173
center_z = 26.781091928251143
size_x = 22
size_y = 22
size_z = 22
energy_range = 9
exhaustiveness = 32
num_modes = 10