center_x = -18.978693693693693
center_y = 42.97135135135137
center_z = 21.47834234234234
size_x = 22
size_y = 22
size_z = 22
energy_range = 9
exhaustiveness = 32
num_modes = 10