center_x = 13.623397260273975
center_y = 63.75784931506847
center_z = 21.200315068493143
size_x = 22
size_y = 22
size_z = 22
energy_range = 9
exhaustiveness = 32
num_modes = 10