center_x = -1.811333333333334
center_y = 36.95016666666666
center_z = 17.402874999999995
size_x = 22
size_y = 22
size_z = 22
energy_range = 9
exhaustiveness = 32
num_modes = 10