center_x = 9.07055737704918
center_y = 55.88616721311477
center_z = 32.4442131147541
size_x = 22
size_y = 22
size_z = 22
energy_range = 9
exhaustiveness = 32
num_modes = 10