center_x = 19.623728632478635
center_y = 65.08438247863249
center_z = 16.820662393162404
size_x = 22
size_y = 22
size_z = 22
energy_range = 9
exhaustiveness = 32
num_modes = 10