center_x = 14.582290155440417
center_y = 62.77095336787563
center_z = 20.928419689119185
size_x = 22
size_y = 22
size_z = 22
energy_range = 9
exhaustiveness = 32
num_modes = 10