center_x = 36.48761467889907
center_y = 45.38885321100916
center_z = 14.096137614678897
size_x = 22
size_y = 22
size_z = 22
energy_range = 9
exhaustiveness = 32
num_modes = 10