center_x = -3.305451025056948
center_y = 28.500045558086565
center_z = 40.66195444191344
size_x = 22
size_y = 22
size_z = 22
energy_range = 9
exhaustiveness = 32
num_modes = 10