center_x = 1.336845360824742
center_y = 46.10989690721647
center_z = 28.43258247422681
size_x = 22
size_y = 22
size_z = 22
energy_range = 9
exhaustiveness = 32
num_modes = 10