center_x = -12.94020786516854
center_y = 27.285241573033712
center_z = 38.899522471910124
size_x = 22
size_y = 22
size_z = 22
energy_range = 9
exhaustiveness = 32
num_modes = 10