center_x = 2.053881873727087
center_y = 28.675676171079417
center_z = 26.86118533604889
size_x = 22
size_y = 22
size_z = 22
energy_range = 9
exhaustiveness = 32
num_modes = 10