center_x = 8.259126315789477
center_y = 44.56651578947368
center_z = 42.63496842105264
size_x = 22
size_y = 22
size_z = 22
energy_range = 9
exhaustiveness = 32
num_modes = 10