center_x = -5.7204
center_y = 13.374881081081083
center_z = 38.10897837837839
size_x = 22
size_y = 22
size_z = 22
energy_range = 9
exhaustiveness = 32
num_modes = 10