center_x = 16.700083798882673
center_y = 28.52059217877096
center_z = 35.71644692737427
size_x = 22
size_y = 22
size_z = 22
energy_range = 9
exhaustiveness = 32
num_modes = 10