center_x = 3.88386776859504
center_y = 21.28697520661157
center_z = 36.63829752066115
size_x = 22
size_y = 22
size_z = 22
energy_range = 9
exhaustiveness = 32
num_modes = 10