center_x = -0.3246022727272727
center_y = 9.126136363636364
center_z = 31.401147727272733
size_x = 22
size_y = 22
size_z = 22
energy_range = 9
exhaustiveness = 32
num_modes = 10