center_x = 18.08056962025317
center_y = 32.054721518987336
center_z = 14.415886075949368
size_x = 22
size_y = 22
size_z = 22
energy_range = 9
exhaustiveness = 32
num_modes = 10