center_x = -10.922413793103452
center_y = 35.2402672413793
center_z = 19.64799137931034
size_x = 22
size_y = 22
size_z = 22
energy_range = 9
exhaustiveness = 32
num_modes = 10