center_x = 4.660262295081968
center_y = 35.97281147540984
center_z = 11.780590163934423
size_x = 22
size_y = 22
size_z = 22
energy_range = 9
exhaustiveness = 32
num_modes = 10