center_x = 13.845139664804464
center_y = 14.488324022346372
center_z = 26.95186592178771
size_x = 22
size_y = 22
size_z = 22
energy_range = 9
exhaustiveness = 32
num_modes = 10