center_x = -1.2905244755244756
center_y = 39.774720279720256
center_z = 45.203328671328656
size_x = 22
size_y = 22
size_z = 22
energy_range = 9
exhaustiveness = 32
num_modes = 10