center_x = 12.161081632653062
center_y = 46.81548979591837
center_z = 15.279673469387754
size_x = 22
size_y = 22
size_z = 22
energy_range = 9
exhaustiveness = 32
num_modes = 10