center_x = -9.622591999999996
center_y = 44.89770399999997
center_z = 33.110104
size_x = 22
size_y = 22
size_z = 22
energy_range = 9
exhaustiveness = 32
num_modes = 10