center_x = 2.531940298507461
center_y = 12.266634328358212
center_z = 34.125537313432844
size_x = 22
size_y = 22
size_z = 22
energy_range = 9
exhaustiveness = 32
num_modes = 10