center_x = -18.69403418803419
center_y = 22.120743589743597
center_z = 30.071213675213684
size_x = 22
size_y = 22
size_z = 22
energy_range = 9
exhaustiveness = 32
num_modes = 10