center_x = 10.890535714285711
center_y = 35.41676785714285
center_z = 40.83800000000001
size_x = 22
size_y = 22
size_z = 22
energy_range = 9
exhaustiveness = 32
num_modes = 10