center_x = 13.23738157894736
center_y = 47.98282894736842
center_z = 20.275776315789468
size_x = 22
size_y = 22
size_z = 22
energy_range = 9
exhaustiveness = 32
num_modes = 10