center_x = 4.920000000000001
center_y = 45.57432407407406
center_z = 24.134157407407404
size_x = 22
size_y = 22
size_z = 22
energy_range = 9
exhaustiveness = 32
num_modes = 10