center_x = 1.224135802469137
center_y = 18.273617283950617
center_z = 22.571148148148158
size_x = 22
size_y = 22
size_z = 22
energy_range = 9
exhaustiveness = 32
num_modes = 10