center_x = 11.599173913043476
center_y = 30.00614492753623
center_z = 46.39737681159421
size_x = 22
size_y = 22
size_z = 22
energy_range = 9
exhaustiveness = 32
num_modes = 10