center_x = 23.6747810218978
center_y = 28.7472189781022
center_z = 22.15083211678832
size_x = 22
size_y = 22
size_z = 22
energy_range = 9
exhaustiveness = 32
num_modes = 10