center_x = 9.591413978494623
center_y = 23.60128494623655
center_z = 8.633596774193547
size_x = 22
size_y = 22
size_z = 22
energy_range = 9
exhaustiveness = 32
num_modes = 10