center_x = 13.363019607843135
center_y = 33.577578431372544
center_z = 6.224588235294115
size_x = 22
size_y = 22
size_z = 22
energy_range = 9
exhaustiveness = 32
num_modes = 10