center_x = 1.351717105263159
center_y = 39.79088815789471
center_z = 29.419631578947374
size_x = 22
size_y = 22
size_z = 22
energy_range = 9
exhaustiveness = 32
num_modes = 10