center_x = 21.85159821428571
center_y = 18.26199107142857
center_z = 14.16425
size_x = 22
size_y = 22
size_z = 22
energy_range = 9
exhaustiveness = 32
num_modes = 10