center_x = -4.052879999999998
center_y = 39.09642399999999
center_z = 24.915376
size_x = 22
size_y = 22
size_z = 22
energy_range = 9
exhaustiveness = 32
num_modes = 10