center_x = 17.67151612903226
center_y = 41.30518548387097
center_z = 18.914233870967752
size_x = 22
size_y = 22
size_z = 22
energy_range = 9
exhaustiveness = 32
num_modes = 10