center_x = 17.673152046783613
center_y = 36.38804093567253
center_z = 31.520122807017525
size_x = 22
size_y = 22
size_z = 22
energy_range = 9
exhaustiveness = 32
num_modes = 10