center_x = 7.34770238095238
center_y = 25.524780952380947
center_z = 25.043578571428576
size_x = 22
size_y = 22
size_z = 22
energy_range = 9
exhaustiveness = 32
num_modes = 10