center_x = 94.24686527514248
center_y = 226.79505882352947
center_z = 320.56975711574995
size_x = 22
size_y = 22
size_z = 22
energy_range = 9
exhaustiveness = 32
num_modes = 10