center_x = 91.53597045454548
center_y = 226.07462727272724
center_z = 318.767459090909
size_x = 22
size_y = 22
size_z = 22
energy_range = 9
exhaustiveness = 32
num_modes = 10