center_x = 98.94226734104056
center_y = 223.53232369942197
center_z = 323.5016661849711
size_x = 22
size_y = 22
size_z = 22
energy_range = 9
exhaustiveness = 32
num_modes = 10