center_x = 89.33261609195391
center_y = 219.2322827586208
center_z = 324.9055839080459
size_x = 22
size_y = 22
size_z = 22
energy_range = 9
exhaustiveness = 32
num_modes = 10