center_x = 87.50034966592429
center_y = 222.71718262806243
center_z = 322.4908841870826
size_x = 22
size_y = 22
size_z = 22
energy_range = 9
exhaustiveness = 32
num_modes = 10