center_x = 87.74775000000011
center_y = 230.4749854014596
center_z = 319.10694890510945
size_x = 22
size_y = 22
size_z = 22
energy_range = 9
exhaustiveness = 32
num_modes = 10