center_x = 83.23857798165145
center_y = 224.20555275229347
center_z = 325.9492408256884
size_x = 22
size_y = 22
size_z = 22
energy_range = 9
exhaustiveness = 32
num_modes = 10