center_x = 98.32841882352938
center_y = 235.31916705882355
center_z = 322.9797200000004
size_x = 22
size_y = 22
size_z = 22
energy_range = 9
exhaustiveness = 32
num_modes = 10