center_x = 108.00762831858404
center_y = 241.6155014749263
center_z = 324.746318584071
size_x = 22
size_y = 22
size_z = 22
energy_range = 9
exhaustiveness = 32
num_modes = 10