center_x = 103.78338785046724
center_y = 237.32790654205596
center_z = 315.30543925233644
size_x = 22
size_y = 22
size_z = 22
energy_range = 9
exhaustiveness = 32
num_modes = 10