center_x = 89.67976908752331
center_y = 223.64240223463685
center_z = 320.6714748603355
size_x = 22
size_y = 22
size_z = 22
energy_range = 9
exhaustiveness = 32
num_modes = 10