center_x = 89.26396788008569
center_y = 223.2667451820128
center_z = 321.9157344753746
size_x = 22
size_y = 22
size_z = 22
energy_range = 9
exhaustiveness = 32
num_modes = 10