center_x = 89.09675971223025
center_y = 228.0632100719426
center_z = 323.6441352517986
size_x = 22
size_y = 22
size_z = 22
energy_range = 9
exhaustiveness = 32
num_modes = 10