center_x = 89.99198679245289
center_y = 227.5768962264152
center_z = 320.6292773584907
size_x = 22
size_y = 22
size_z = 22
energy_range = 9
exhaustiveness = 32
num_modes = 10