center_x = 115.19911678832116
center_y = 236.20347688564468
center_z = 324.6816958637472
size_x = 22
size_y = 22
size_z = 22
energy_range = 9
exhaustiveness = 32
num_modes = 10