center_x = 117.8272844036697
center_y = 246.15442660550457
center_z = 320.2670688073397
size_x = 22
size_y = 22
size_z = 22
energy_range = 9
exhaustiveness = 32
num_modes = 10