center_x = 93.30608136482935
center_y = 223.47921259842536
center_z = 320.62940419947506
size_x = 22
size_y = 22
size_z = 22
energy_range = 9
exhaustiveness = 32
num_modes = 10