center_x = 101.94942
center_y = 236.22166999999996
center_z = 312.85795
size_x = 22
size_y = 22
size_z = 22
energy_range = 9
exhaustiveness = 32
num_modes = 10