center_x = 85.1369482758621
center_y = 222.9091839080461
center_z = 322.5302892720306
size_x = 22
size_y = 22
size_z = 22
energy_range = 9
exhaustiveness = 32
num_modes = 10