center_x = 89.57154331450096
center_y = 228.3634576271185
center_z = 324.5560169491528
size_x = 22
size_y = 22
size_z = 22
energy_range = 9
exhaustiveness = 32
num_modes = 10