center_x = 87.59913213213211
center_y = 230.9989159159158
center_z = 321.6767477477476
size_x = 22
size_y = 22
size_z = 22
energy_range = 9
exhaustiveness = 32
num_modes = 10