center_x = 93.17461870503595
center_y = 223.33054316546767
center_z = 325.09064028776965
size_x = 22
size_y = 22
size_z = 22
energy_range = 9
exhaustiveness = 32
num_modes = 10