center_x = 85.61849642857146
center_y = 221.37615357142843
center_z = 316.9698660714287
size_x = 22
size_y = 22
size_z = 22
energy_range = 9
exhaustiveness = 32
num_modes = 10