center_x = 85.62850244584193
center_y = 223.9924276729556
center_z = 322.26122921034295
size_x = 22
size_y = 22
size_z = 22
energy_range = 9
exhaustiveness = 32
num_modes = 10