center_x = 87.84330478087641
center_y = 226.74310557768936
center_z = 324.36273505976067
size_x = 22
size_y = 22
size_z = 22
energy_range = 9
exhaustiveness = 32
num_modes = 10