center_x = 109.77142233856898
center_y = 242.921479930192
center_z = 325.75566666666685
size_x = 22
size_y = 22
size_z = 22
energy_range = 9
exhaustiveness = 32
num_modes = 10