center_x = 96.08333379694014
center_y = 225.6676689847006
center_z = 321.68610987482595
size_x = 22
size_y = 22
size_z = 22
energy_range = 9
exhaustiveness = 32
num_modes = 10