center_x = 117.90015976331355
center_y = 244.8841952662723
center_z = 317.2049585798816
size_x = 22
size_y = 22
size_z = 22
energy_range = 9
exhaustiveness = 32
num_modes = 10