center_x = 91.41861591695496
center_y = 232.09655709342576
center_z = 318.4128615916954
size_x = 22
size_y = 22
size_z = 22
energy_range = 9
exhaustiveness = 32
num_modes = 10