center_x = 120.38497035573124
center_y = 243.46177865612637
center_z = 315.7677588932808
size_x = 22
size_y = 22
size_z = 22
energy_range = 9
exhaustiveness = 32
num_modes = 10