center_x = 84.20977017114913
center_y = 219.2576014669929
center_z = 325.77415403423004
size_x = 22
size_y = 22
size_z = 22
energy_range = 9
exhaustiveness = 32
num_modes = 10