center_x = 90.7776542669583
center_y = 232.598328227571
center_z = 319.4485929978119
size_x = 22
size_y = 22
size_z = 22
energy_range = 9
exhaustiveness = 32
num_modes = 10