center_x = 114.21265692007792
center_y = 245.03759454191032
center_z = 322.0075087719299
size_x = 22
size_y = 22
size_z = 22
energy_range = 9
exhaustiveness = 32
num_modes = 10