center_x = 106.41070486111116
center_y = 243.01984722222215
center_z = 327.5381805555557
size_x = 22
size_y = 22
size_z = 22
energy_range = 9
exhaustiveness = 32
num_modes = 10