center_x = 77.06129577464792
center_y = 210.19802816901415
center_z = 319.3189107981222
size_x = 22
size_y = 22
size_z = 22
energy_range = 9
exhaustiveness = 32
num_modes = 10