center_x = 85.79940340909093
center_y = 223.9293750000004
center_z = 326.17174621212143
size_x = 22
size_y = 22
size_z = 22
energy_range = 9
exhaustiveness = 32
num_modes = 10