center_x = 95.50512370486672
center_y = 229.24365588697037
center_z = 321.2386687598115
size_x = 22
size_y = 22
size_z = 22
energy_range = 9
exhaustiveness = 32
num_modes = 10