center_x = 108.91807758620688
center_y = 236.7082413793105
center_z = 320.0972155172413
size_x = 22
size_y = 22
size_z = 22
energy_range = 9
exhaustiveness = 32
num_modes = 10