center_x = 89.15087245841039
center_y = 228.92288539741227
center_z = 323.1117375231055
size_x = 22
size_y = 22
size_z = 22
energy_range = 9
exhaustiveness = 32
num_modes = 10