center_x = 86.81368825301206
center_y = 219.97395933734933
center_z = 322.71753915662646
size_x = 22
size_y = 22
size_z = 22
energy_range = 9
exhaustiveness = 32
num_modes = 10