center_x = 89.89796033994337
center_y = 223.51273796034005
center_z = 323.964664305949
size_x = 22
size_y = 22
size_z = 22
energy_range = 9
exhaustiveness = 32
num_modes = 10