center_x = 102.89516666666664
center_y = 232.42335384615365
center_z = 322.1043384615384
size_x = 22
size_y = 22
size_z = 22
energy_range = 9
exhaustiveness = 32
num_modes = 10