center_x = 110.8390748663102
center_y = 237.24815909090933
center_z = 322.2268716577541
size_x = 22
size_y = 22
size_z = 22
energy_range = 9
exhaustiveness = 32
num_modes = 10