center_x = 113.49699401197591
center_y = 244.85725548902172
center_z = 323.5068682634734
size_x = 22
size_y = 22
size_z = 22
energy_range = 9
exhaustiveness = 32
num_modes = 10