center_x = 92.67153412462912
center_y = 226.5137418397624
center_z = 323.29884272997043
size_x = 22
size_y = 22
size_z = 22
energy_range = 9
exhaustiveness = 32
num_modes = 10