center_x = 113.98047959183668
center_y = 230.92436394557816
center_z = 323.5535952380952
size_x = 22
size_y = 22
size_z = 22
energy_range = 9
exhaustiveness = 32
num_modes = 10