center_x = 89.94957925636004
center_y = 227.74566927592943
center_z = 317.76157534246585
size_x = 22
size_y = 22
size_z = 22
energy_range = 9
exhaustiveness = 32
num_modes = 10