center_x = 84.85104942965775
center_y = 222.23784790874524
center_z = 326.4257376425858
size_x = 22
size_y = 22
size_z = 22
energy_range = 9
exhaustiveness = 32
num_modes = 10