center_x = 111.40448095238104
center_y = 241.01734999999985
center_z = 318.3910738095238
size_x = 22
size_y = 22
size_z = 22
energy_range = 9
exhaustiveness = 32
num_modes = 10