center_x = 93.7171847619048
center_y = 230.9398190476191
center_z = 321.9442552380951
size_x = 22
size_y = 22
size_z = 22
energy_range = 9
exhaustiveness = 32
num_modes = 10