center_x = 106.56858651026386
center_y = 233.6670058651028
center_z = 324.0455601173022
size_x = 22
size_y = 22
size_z = 22
energy_range = 9
exhaustiveness = 32
num_modes = 10