center_x = 96.72926388888884
center_y = 223.72675277777805
center_z = 321.9367138888887
size_x = 22
size_y = 22
size_z = 22
energy_range = 9
exhaustiveness = 32
num_modes = 10