center_x = 114.14312757201648
center_y = 235.5393539094648
center_z = 322.85199794238696
size_x = 22
size_y = 22
size_z = 22
energy_range = 9
exhaustiveness = 32
num_modes = 10