center_x = 112.36888455988452
center_y = 237.1233924963923
center_z = 322.0234256854258
size_x = 22
size_y = 22
size_z = 22
energy_range = 9
exhaustiveness = 32
num_modes = 10