center_x = 87.64010021171505
center_y = 219.97637050105828
center_z = 322.8032575864501
size_x = 22
size_y = 22
size_z = 22
energy_range = 9
exhaustiveness = 32
num_modes = 10