center_x = 124.35648823529428
center_y = 245.3437088235293
center_z = 317.6756558823526
size_x = 22
size_y = 22
size_z = 22
energy_range = 9
exhaustiveness = 32
num_modes = 10