center_x = 83.98154128440363
center_y = 228.13023165137625
center_z = 326.5184816513764
size_x = 22
size_y = 22
size_z = 22
energy_range = 9
exhaustiveness = 32
num_modes = 10