center_x = 115.53801746724892
center_y = 246.25070524017443
center_z = 323.96255240174685
size_x = 22
size_y = 22
size_z = 22
energy_range = 9
exhaustiveness = 32
num_modes = 10