center_x = 102.96055089820358
center_y = 236.2624051896207
center_z = 323.26928143712587
size_x = 22
size_y = 22
size_z = 22
energy_range = 9
exhaustiveness = 32
num_modes = 10