center_x = 90.46174423076928
center_y = 220.83765769230777
center_z = 319.7057249999999
size_x = 22
size_y = 22
size_z = 22
energy_range = 9
exhaustiveness = 32
num_modes = 10