center_x = 93.45209803921568
center_y = 42.03388235294117
center_z = 84.8699411764706
size_x = 22
size_y = 22
size_z = 22
energy_range = 9
exhaustiveness = 32
num_modes = 10