center_x = 85.41553676470586
center_y = 57.509617647058846
center_z = 107.30708823529412
size_x = 22
size_y = 22
size_z = 22
energy_range = 9
exhaustiveness = 32
num_modes = 10