center_x = 91.40678839590444
center_y = 40.28538225255972
center_z = 103.3989897610921
size_x = 22
size_y = 22
size_z = 22
energy_range = 9
exhaustiveness = 32
num_modes = 10