center_x = 94.14981502890174
center_y = 31.466994219653174
center_z = 117.77186705202315
size_x = 22
size_y = 22
size_z = 22
energy_range = 9
exhaustiveness = 32
num_modes = 10