center_x = 98.86504487179484
center_y = 55.705
center_z = 112.9899230769231
size_x = 22
size_y = 22
size_z = 22
energy_range = 9
exhaustiveness = 32
num_modes = 10