center_x = 99.76193309859153
center_y = 42.97034154929576
center_z = 108.3552535211268
size_x = 22
size_y = 22
size_z = 22
energy_range = 9
exhaustiveness = 32
num_modes = 10