center_x = 103.71368125
center_y = 45.74384374999998
center_z = 120.14235
size_x = 22
size_y = 22
size_z = 22
energy_range = 9
exhaustiveness = 32
num_modes = 10