center_x = 90.4873777777778
center_y = 37.47967777777779
center_z = 87.64382222222224
size_x = 22
size_y = 22
size_z = 22
energy_range = 9
exhaustiveness = 32
num_modes = 10