center_x = 81.6735743243243
center_y = 47.99972972972976
center_z = 98.40141891891888
size_x = 22
size_y = 22
size_z = 22
energy_range = 9
exhaustiveness = 32
num_modes = 10