center_x = 94.40085161290324
center_y = 55.66125806451613
center_z = 103.29898709677424
size_x = 22
size_y = 22
size_z = 22
energy_range = 9
exhaustiveness = 32
num_modes = 10