center_x = 108.82270297029706
center_y = 40.14489108910891
center_z = 118.13190099009896
size_x = 22
size_y = 22
size_z = 22
energy_range = 9
exhaustiveness = 32
num_modes = 10