center_x = 95.2112089552239
center_y = 42.84873134328359
center_z = 93.24014925373136
size_x = 22
size_y = 22
size_z = 22
energy_range = 9
exhaustiveness = 32
num_modes = 10