center_x = 77.5253765432099
center_y = 52.05018518518519
center_z = 114.48814814814811
size_x = 22
size_y = 22
size_z = 22
energy_range = 9
exhaustiveness = 32
num_modes = 10