center_x = 85.03643750000005
center_y = 62.35577083333334
center_z = 110.74306249999994
size_x = 22
size_y = 22
size_z = 22
energy_range = 9
exhaustiveness = 32
num_modes = 10