center_x = 81.39970945945947
center_y = 33.15393243243243
center_z = 111.06827027027022
size_x = 22
size_y = 22
size_z = 22
energy_range = 9
exhaustiveness = 32
num_modes = 10