center_x = 15.346211678832114
center_y = -40.40241605839416
center_z = 15.630291970802926
size_x = 22
size_y = 22
size_z = 22
energy_range = 9
exhaustiveness = 32
num_modes = 10