center_x = 9.490274809160306
center_y = -40.99490076335878
center_z = 20.781687022900773
size_x = 22
size_y = 22
size_z = 22
energy_range = 9
exhaustiveness = 32
num_modes = 10