center_x = 31.76391025641025
center_y = -58.78107692307693
center_z = 9.320858974358975
size_x = 22
size_y = 22
size_z = 22
energy_range = 9
exhaustiveness = 32
num_modes = 10