center_x = 29.38431578947368
center_y = -56.893052631578925
center_z = 18.19119736842105
size_x = 22
size_y = 22
size_z = 22
energy_range = 9
exhaustiveness = 32
num_modes = 10