center_x = 14.15921495327103
center_y = -57.080967289719645
center_z = 2.2159906542056085
size_x = 22
size_y = 22
size_z = 22
energy_range = 9
exhaustiveness = 32
num_modes = 10