center_x = 32.26333684210525
center_y = -54.80382105263159
center_z = 12.653452631578949
size_x = 22
size_y = 22
size_z = 22
energy_range = 9
exhaustiveness = 32
num_modes = 10