center_x = 17.724377777777782
center_y = -71.30385555555554
center_z = -0.6445444444444445
size_x = 22
size_y = 22
size_z = 22
energy_range = 9
exhaustiveness = 32
num_modes = 10