center_x = 22.40871895424836
center_y = -44.96083660130719
center_z = 10.633326797385624
size_x = 22
size_y = 22
size_z = 22
energy_range = 9
exhaustiveness = 32
num_modes = 10