center_x = 23.74244720496896
center_y = -56.0290931677018
center_z = 0.6515217391304352
size_x = 22
size_y = 22
size_z = 22
energy_range = 9
exhaustiveness = 32
num_modes = 10