center_x = 2.9241353383458657
center_y = -41.07688721804511
center_z = 15.676714285714285
size_x = 22
size_y = 22
size_z = 22
energy_range = 9
exhaustiveness = 32
num_modes = 10