center_x = 11.495
center_y = -50.28503149606302
center_z = 23.21458267716536
size_x = 22
size_y = 22
size_z = 22
energy_range = 9
exhaustiveness = 32
num_modes = 10