center_x = 30.33453076923078
center_y = -54.52307692307693
center_z = 7.723653846153848
size_x = 22
size_y = 22
size_z = 22
energy_range = 9
exhaustiveness = 32
num_modes = 10