center_x = 70.8006788321167
center_y = -2.1883248175182475
center_z = 22.53890875912407
size_x = 22
size_y = 22
size_z = 22
energy_range = 9
exhaustiveness = 32
num_modes = 10