center_x = 71.99518012422367
center_y = 1.3197018633540378
center_z = 13.5886397515528
size_x = 22
size_y = 22
size_z = 22
energy_range = 9
exhaustiveness = 32
num_modes = 10