center_x = 72.08797445529677
center_y = -4.842039819684453
center_z = 22.92942524417732
size_x = 22
size_y = 22
size_z = 22
energy_range = 9
exhaustiveness = 32
num_modes = 10