center_x = 72.02875688073395
center_y = -3.9338451834862393
center_z = 25.91206995412844
size_x = 22
size_y = 22
size_z = 22
energy_range = 9
exhaustiveness = 32
num_modes = 10