center_x = 65.37023645320197
center_y = -5.625440886699507
center_z = 16.93104433497536
size_x = 22
size_y = 22
size_z = 22
energy_range = 9
exhaustiveness = 32
num_modes = 10