center_x = 72.80459677419358
center_y = -5.222189516129032
center_z = 27.1978185483871
size_x = 22
size_y = 22
size_z = 22
energy_range = 9
exhaustiveness = 32
num_modes = 10