center_x = 75.98084824902728
center_y = -1.8778365758754856
center_z = 6.723073929961088
size_x = 22
size_y = 22
size_z = 22
energy_range = 9
exhaustiveness = 32
num_modes = 10