center_x = 72.77564013840828
center_y = -4.800685121107267
center_z = 15.508083044982705
size_x = 22
size_y = 22
size_z = 22
energy_range = 9
exhaustiveness = 32
num_modes = 10