center_x = 73.98855063291137
center_y = -6.124126582278478
center_z = 22.473107594936703
size_x = 22
size_y = 22
size_z = 22
energy_range = 9
exhaustiveness = 32
num_modes = 10