center_x = 69.8914319526627
center_y = 1.2615443786982246
center_z = 9.33973372781065
size_x = 22
size_y = 22
size_z = 22
energy_range = 9
exhaustiveness = 32
num_modes = 10