center_x = 71.53205963302749
center_y = -6.401045871559636
center_z = 42.42933027522934
size_x = 22
size_y = 22
size_z = 22
energy_range = 9
exhaustiveness = 32
num_modes = 10