center_x = 71.28083333333335
center_y = -6.668005208333334
center_z = 46.97869270833335
size_x = 22
size_y = 22
size_z = 22
energy_range = 9
exhaustiveness = 32
num_modes = 10