center_x = 71.78568814968813
center_y = -2.6100103950103968
center_z = 8.433091476091478
size_x = 22
size_y = 22
size_z = 22
energy_range = 9
exhaustiveness = 32
num_modes = 10