center_x = 72.44830555555555
center_y = -5.921430555555556
center_z = 31.97522222222224
size_x = 22
size_y = 22
size_z = 22
energy_range = 9
exhaustiveness = 32
num_modes = 10