center_x = 71.37854661016948
center_y = -6.835826271186443
center_z = 46.51727118644066
size_x = 22
size_y = 22
size_z = 22
energy_range = 9
exhaustiveness = 32
num_modes = 10