center_x = 72.14636956521738
center_y = -5.987413043478263
center_z = 34.78119293478263
size_x = 22
size_y = 22
size_z = 22
energy_range = 9
exhaustiveness = 32
num_modes = 10