center_x = 73.7265894039735
center_y = -5.023387417218544
center_z = 20.546801324503317
size_x = 22
size_y = 22
size_z = 22
energy_range = 9
exhaustiveness = 32
num_modes = 10