center_x = 71.98646473029044
center_y = -4.88814107883817
center_z = 22.4016348547718
size_x = 22
size_y = 22
size_z = 22
energy_range = 9
exhaustiveness = 32
num_modes = 10