center_x = 71.99317543859647
center_y = -5.824654970760228
center_z = 21.143625730994152
size_x = 22
size_y = 22
size_z = 22
energy_range = 9
exhaustiveness = 32
num_modes = 10