center_x = 71.27754746835441
center_y = -5.346731012658228
center_z = 30.853297468354423
size_x = 22
size_y = 22
size_z = 22
energy_range = 9
exhaustiveness = 32
num_modes = 10