center_x = 72.1822055555556
center_y = -6.417755555555554
center_z = 27.425522222222213
size_x = 22
size_y = 22
size_z = 22
energy_range = 9
exhaustiveness = 32
num_modes = 10