center_x = 72.36549541284401
center_y = -5.3374770642201845
center_z = 29.77941743119268
size_x = 22
size_y = 22
size_z = 22
energy_range = 9
exhaustiveness = 32
num_modes = 10