center_x = 72.28526984126985
center_y = -5.431940476190473
center_z = 30.450226190476204
size_x = 22
size_y = 22
size_z = 22
energy_range = 9
exhaustiveness = 32
num_modes = 10