center_x = 75.72647328244278
center_y = -9.641923664122135
center_z = 38.34974045801528
size_x = 22
size_y = 22
size_z = 22
energy_range = 9
exhaustiveness = 32
num_modes = 10