center_x = 71.75963253012047
center_y = -6.323421686746989
center_z = 40.40693975903616
size_x = 22
size_y = 22
size_z = 22
energy_range = 9
exhaustiveness = 32
num_modes = 10