center_x = 71.34111510791367
center_y = -6.630057553956835
center_z = 45.54135251798561
size_x = 22
size_y = 22
size_z = 22
energy_range = 9
exhaustiveness = 32
num_modes = 10