center_x = 63.87912522045849
center_y = -2.5478835978835934
center_z = 9.980340388007054
size_x = 22
size_y = 22
size_z = 22
energy_range = 9
exhaustiveness = 32
num_modes = 10