center_x = 71.73717647058828
center_y = -5.729052287581697
center_z = 32.29222222222224
size_x = 22
size_y = 22
size_z = 22
energy_range = 9
exhaustiveness = 32
num_modes = 10