center_x = 72.06897388059697
center_y = -5.726309701492543
center_z = 35.562376865671666
size_x = 22
size_y = 22
size_z = 22
energy_range = 9
exhaustiveness = 32
num_modes = 10