center_x = 71.54061199999997
center_y = -6.146308000000003
center_z = 40.902472
size_x = 22
size_y = 22
size_z = 22
energy_range = 9
exhaustiveness = 32
num_modes = 10