center_x = 71.66986690647481
center_y = -6.273111510791366
center_z = 39.17290287769782
size_x = 22
size_y = 22
size_z = 22
energy_range = 9
exhaustiveness = 32
num_modes = 10