center_x = 71.75832890365447
center_y = -5.198438538205981
center_z = 16.52482392026578
size_x = 22
size_y = 22
size_z = 22
energy_range = 9
exhaustiveness = 32
num_modes = 10