center_x = 73.08961775362319
center_y = -3.296306159420288
center_z = 18.514494565217383
size_x = 22
size_y = 22
size_z = 22
energy_range = 9
exhaustiveness = 32
num_modes = 10