center_x = 72.32617137809181
center_y = -5.488816254416965
center_z = 25.487782685512386
size_x = 22
size_y = 22
size_z = 22
energy_range = 9
exhaustiveness = 32
num_modes = 10