center_x = 71.943984
center_y = -5.894748000000002
center_z = 37.291804
size_x = 22
size_y = 22
size_z = 22
energy_range = 9
exhaustiveness = 32
num_modes = 10