center_x = 71.63928899082569
center_y = -6.5145504587156
center_z = 42.22123394495414
size_x = 22
size_y = 22
size_z = 22
energy_range = 9
exhaustiveness = 32
num_modes = 10