center_x = -7.49796850393701
center_y = 16.618039370078733
center_z = -15.547464566929133
size_x = 22
size_y = 22
size_z = 22
energy_range = 9
exhaustiveness = 32
num_modes = 10