center_x = -19.609518518518517
center_y = -2.195796296296296
center_z = -19.05144444444445
size_x = 22
size_y = 22
size_z = 22
energy_range = 9
exhaustiveness = 32
num_modes = 10