center_x = -12.118282894736842
center_y = 11.666690789473682
center_z = -5.345835526315789
size_x = 22
size_y = 22
size_z = 22
energy_range = 9
exhaustiveness = 32
num_modes = 10