center_x = 4.833261904761902
center_y = 14.987535714285714
center_z = -18.91960714285715
size_x = 22
size_y = 22
size_z = 22
energy_range = 9
exhaustiveness = 32
num_modes = 10