center_x = -2.463457831325301
center_y = 8.494228915662655
center_z = 0.0247590361445783
size_x = 22
size_y = 22
size_z = 22
energy_range = 9
exhaustiveness = 32
num_modes = 10