center_x = -13.974406451612888
center_y = 2.554458064516129
center_z = -7.772283870967737
size_x = 22
size_y = 22
size_z = 22
energy_range = 9
exhaustiveness = 32
num_modes = 10