center_x = 4.0272462462462455
center_y = 1.6572282282282282
center_z = -9.89055555555556
size_x = 22
size_y = 22
size_z = 22
energy_range = 9
exhaustiveness = 32
num_modes = 10