center_x = -11.574115044247794
center_y = 16.26882300884956
center_z = -22.50251327433628
size_x = 22
size_y = 22
size_z = 22
energy_range = 9
exhaustiveness = 32
num_modes = 10