center_x = -13.787661202185792
center_y = -1.1130765027322405
center_z = -16.234584699453556
size_x = 22
size_y = 22
size_z = 22
energy_range = 9
exhaustiveness = 32
num_modes = 10