center_x = -3.0275460526315814
center_y = 9.682947368421054
center_z = -18.17627631578948
size_x = 22
size_y = 22
size_z = 22
energy_range = 9
exhaustiveness = 32
num_modes = 10