center_x = 21.751095238095232
center_y = 105.6325238095238
center_z = -88.77573809523808
size_x = 22
size_y = 22
size_z = 22
energy_range = 9
exhaustiveness = 32
num_modes = 10