center_x = 20.156595
center_y = 109.42826249999996
center_z = -101.48760500000007
size_x = 22
size_y = 22
size_z = 22
energy_range = 9
exhaustiveness = 32
num_modes = 10