center_x = 9.518276422764227
center_y = 116.87966666666668
center_z = -107.1542601626016
size_x = 22
size_y = 22
size_z = 22
energy_range = 9
exhaustiveness = 32
num_modes = 10