center_x = 31.30426213592233
center_y = 103.79314563106796
center_z = -116.99286407766996
size_x = 22
size_y = 22
size_z = 22
energy_range = 9
exhaustiveness = 32
num_modes = 10