center_x = 27.41971764705884
center_y = 97.83244705882358
center_z = -104.8243294117647
size_x = 22
size_y = 22
size_z = 22
energy_range = 9
exhaustiveness = 32
num_modes = 10