center_x = 25.108958333333334
center_y = 111.19793750000002
center_z = -117.90835416666674
size_x = 22
size_y = 22
size_z = 22
energy_range = 9
exhaustiveness = 32
num_modes = 10