center_x = 31.708439655172423
center_y = 114.38558620689648
center_z = -106.82227586206892
size_x = 22
size_y = 22
size_z = 22
energy_range = 9
exhaustiveness = 32
num_modes = 10