center_x = 7.095036199095024
center_y = 106.12075113122172
center_z = -104.34414932126693
size_x = 22
size_y = 22
size_z = 22
energy_range = 9
exhaustiveness = 32
num_modes = 10