center_x = 4.227664122137405
center_y = 97.87023664122135
center_z = -113.12981679389314
size_x = 22
size_y = 22
size_z = 22
energy_range = 9
exhaustiveness = 32
num_modes = 10