center_x = 17.403223300970872
center_y = 117.45148543689324
center_z = -113.63298058252424
size_x = 22
size_y = 22
size_z = 22
energy_range = 9
exhaustiveness = 32
num_modes = 10