center_x = 12.124093750000004
center_y = 86.16001041666664
center_z = -108.79416666666668
size_x = 22
size_y = 22
size_z = 22
energy_range = 9
exhaustiveness = 32
num_modes = 10