center_x = 20.41364473684209
center_y = 102.31377631578953
center_z = -85.04005263157896
size_x = 22
size_y = 22
size_z = 22
energy_range = 9
exhaustiveness = 32
num_modes = 10