center_x = 71.31378571428571
center_y = 62.21661764705885
center_z = 8.275575630252105
size_x = 22
size_y = 22
size_z = 22
energy_range = 9
exhaustiveness = 32
num_modes = 10