center_x = 71.20387972508594
center_y = 64.54603092783505
center_z = 6.279206185567011
size_x = 22
size_y = 22
size_z = 22
energy_range = 9
exhaustiveness = 32
num_modes = 10