center_x = 70.5754191616766
center_y = 50.533556886227565
center_z = 23.57305389221556
size_x = 22
size_y = 22
size_z = 22
energy_range = 9
exhaustiveness = 32
num_modes = 10