center_x = 70.43756038647344
center_y = 61.123161835748775
center_z = 9.873925120772943
size_x = 22
size_y = 22
size_z = 22
energy_range = 9
exhaustiveness = 32
num_modes = 10