center_x = 71.01670786516858
center_y = 56.35610674157313
center_z = 16.76729775280899
size_x = 22
size_y = 22
size_z = 22
energy_range = 9
exhaustiveness = 32
num_modes = 10