center_x = 70.0315072463768
center_y = 62.314333333333366
center_z = 8.42205797101449
size_x = 22
size_y = 22
size_z = 22
energy_range = 9
exhaustiveness = 32
num_modes = 10