center_x = 71.10430630630634
center_y = 57.145789414414445
center_z = 15.446504504504508
size_x = 22
size_y = 22
size_z = 22
energy_range = 9
exhaustiveness = 32
num_modes = 10