center_x = 71.31964179104476
center_y = 53.96632089552242
center_z = 19.414485074626874
size_x = 22
size_y = 22
size_z = 22
energy_range = 9
exhaustiveness = 32
num_modes = 10