center_x = 70.05627881040894
center_y = 62.7170408921933
center_z = 7.665107806691447
size_x = 22
size_y = 22
size_z = 22
energy_range = 9
exhaustiveness = 32
num_modes = 10