center_x = 71.4895291262136
center_y = 65.67220873786407
center_z = 3.7000873786407777
size_x = 22
size_y = 22
size_z = 22
energy_range = 9
exhaustiveness = 32
num_modes = 10