receptor = data/6oxy/6oxy_ligand.pdbqt
ligand = data/6oxy/6oxy_protein.pdbqt
center_x = 71.10430630630634
center_y = 57.145789414414445
center_z = 15.446504504504508
size_x = 28.59538738738732
size_y = 27.4264211711711
size_z = 27.053009009009017
energy_range = 9
exhaustiveness = 32
num_modes = 10