center_x = 71.14582894736843
center_y = 51.95824013157895
center_z = 22.671720394736827
size_x = 22
size_y = 22
size_z = 22
energy_range = 9
exhaustiveness = 32
num_modes = 10