center_x = 70.84103654485054
center_y = 56.21650830564782
center_z = 15.838435215946834
size_x = 22
size_y = 22
size_z = 22
energy_range = 9
exhaustiveness = 32
num_modes = 10