center_x = -5.9235075987841945
center_y = -0.5714255319148944
center_z = 16.09979331306991
size_x = 22
size_y = 22
size_z = 22
energy_range = 9
exhaustiveness = 32
num_modes = 10