center_x = -18.65442580645161
center_y = -5.549390322580647
center_z = 28.40203548387097
size_x = 22
size_y = 22
size_z = 22
energy_range = 9
exhaustiveness = 32
num_modes = 10