center_x = -8.21638283828383
center_y = -2.054026402640264
center_z = 18.573013201320126
size_x = 22
size_y = 22
size_z = 22
energy_range = 9
exhaustiveness = 32
num_modes = 10