center_x = -18.7322983770287
center_y = -5.423229712858934
center_z = 28.10694257178529
size_x = 22
size_y = 22
size_z = 22
energy_range = 9
exhaustiveness = 32
num_modes = 10