center_x = 1.2583491847826105
center_y = 1.415848505434783
center_z = 9.960348505434787
size_x = 22
size_y = 22
size_z = 22
energy_range = 9
exhaustiveness = 32
num_modes = 10