center_x = -20.406070588235316
center_y = -4.683143529411765
center_z = 26.84629411764707
size_x = 22
size_y = 22
size_z = 22
energy_range = 9
exhaustiveness = 32
num_modes = 10