center_x = 9.799935779816517
center_y = 2.6109357798165136
center_z = 1.2500871559633018
size_x = 22
size_y = 22
size_z = 22
energy_range = 9
exhaustiveness = 32
num_modes = 10