center_x = 10.502080717488791
center_y = 2.9612152466367703
center_z = 5.11898206278027
size_x = 22
size_y = 22
size_z = 22
energy_range = 9
exhaustiveness = 32
num_modes = 10