center_x = -4.286391437308865
center_y = -1.077923547400612
center_z = 15.073137614678892
size_x = 22
size_y = 22
size_z = 22
energy_range = 9
exhaustiveness = 32
num_modes = 10