center_x = -0.6982601246105923
center_y = 0.6395436137071648
center_z = 11.733313084112153
size_x = 22
size_y = 22
size_z = 22
energy_range = 9
exhaustiveness = 32
num_modes = 10