center_x = -4.946992012779554
center_y = -1.6475990415335455
center_z = 20.148535143769976
size_x = 22
size_y = 22
size_z = 22
energy_range = 9
exhaustiveness = 32
num_modes = 10