center_x = -17.089868735083538
center_y = -3.346298329355609
center_z = 24.19995465393796
size_x = 22
size_y = 22
size_z = 22
energy_range = 9
exhaustiveness = 32
num_modes = 10