center_x = -4.0233919413919415
center_y = -0.4893369963369947
center_z = 15.197358974358972
size_x = 22
size_y = 22
size_z = 22
energy_range = 9
exhaustiveness = 32
num_modes = 10