center_x = -15.42346441947566
center_y = -4.713771535580525
center_z = 24.881014981273392
size_x = 22
size_y = 22
size_z = 22
energy_range = 9
exhaustiveness = 32
num_modes = 10