center_x = -14.033074193548387
center_y = -6.669351612903228
center_z = 21.125725806451616
size_x = 22
size_y = 22
size_z = 22
energy_range = 9
exhaustiveness = 32
num_modes = 10