center_x = -14.835451505016731
center_y = -4.396645484949833
center_z = 25.658197324414733
size_x = 22
size_y = 22
size_z = 22
energy_range = 9
exhaustiveness = 32
num_modes = 10