center_x = -0.7281339031339035
center_y = 0.2189202279202277
center_z = 13.83066096866098
size_x = 22
size_y = 22
size_z = 22
energy_range = 9
exhaustiveness = 32
num_modes = 10