center_x = -3.329670076726344
center_y = -0.4522557544757045
center_z = 14.918999999999995
size_x = 22
size_y = 22
size_z = 22
energy_range = 9
exhaustiveness = 32
num_modes = 10