center_x = -4.442698387096777
center_y = -1.50122419354839
center_z = 19.71307096774196
size_x = 22
size_y = 22
size_z = 22
energy_range = 9
exhaustiveness = 32
num_modes = 10