center_x = -20.74844863731656
center_y = -4.654102725366876
center_z = 27.883626834381563
size_x = 22
size_y = 22
size_z = 22
energy_range = 9
exhaustiveness = 32
num_modes = 10