center_x = -2.385070707070707
center_y = 0.4133535353535352
center_z = 12.992348484848495
size_x = 22
size_y = 22
size_z = 22
energy_range = 9
exhaustiveness = 32
num_modes = 10