center_x = -12.176334862385328
center_y = -5.257057339449536
center_z = 22.92796788990826
size_x = 22
size_y = 22
size_z = 22
energy_range = 9
exhaustiveness = 32
num_modes = 10