center_x = -5.473813559322034
center_y = -1.1368060263653486
center_z = 16.572062146892666
size_x = 22
size_y = 22
size_z = 22
energy_range = 9
exhaustiveness = 32
num_modes = 10