center_x = -3.589455284552848
center_y = -0.850338753387534
center_z = 14.561360433604328
size_x = 22
size_y = 22
size_z = 22
energy_range = 9
exhaustiveness = 32
num_modes = 10