center_x = -15.964791946308722
center_y = 8.000234899328856
center_z = 140.81308724832218
size_x = 22
size_y = 22
size_z = 22
energy_range = 9
exhaustiveness = 32
num_modes = 10