center_x = -21.09607035175879
center_y = 18.171489949748743
center_z = 132.29523618090454
size_x = 22
size_y = 22
size_z = 22
energy_range = 9
exhaustiveness = 32
num_modes = 10