center_x = -25.56094642857143
center_y = 10.156000000000002
center_z = 147.19864285714286
size_x = 22
size_y = 22
size_z = 22
energy_range = 9
exhaustiveness = 32
num_modes = 10