center_x = -6.390034285714285
center_y = 19.38881142857142
center_z = 124.70073714285716
size_x = 22
size_y = 22
size_z = 22
energy_range = 9
exhaustiveness = 32
num_modes = 10