center_x = -41.68919298245615
center_y = 17.343771929824563
center_z = 131.63698245614034
size_x = 22
size_y = 22
size_z = 22
energy_range = 9
exhaustiveness = 32
num_modes = 10