center_x = -32.22177777777778
center_y = 24.42737037037037
center_z = 127.5585037037037
size_x = 22
size_y = 22
size_z = 22
energy_range = 9
exhaustiveness = 32
num_modes = 10