center_x = -11.488078571428568
center_y = 22.869985714285715
center_z = 120.16252142857144
size_x = 22
size_y = 22
size_z = 22
energy_range = 9
exhaustiveness = 32
num_modes = 10