center_x = -27.518576470588236
center_y = 1.2305294117647054
center_z = 137.36675294117651
size_x = 22
size_y = 22
size_z = 22
energy_range = 9
exhaustiveness = 32
num_modes = 10