center_x = -32.171478571428565
center_y = 16.638457142857145
center_z = 139.49302857142857
size_x = 22
size_y = 22
size_z = 22
energy_range = 9
exhaustiveness = 32
num_modes = 10