center_x = -22.862215053763443
center_y = 4.36101075268817
center_z = 141.45181720430097
size_x = 22
size_y = 22
size_z = 22
energy_range = 9
exhaustiveness = 32
num_modes = 10