center_x = -5.378868613138688
center_y = 0.7661897810218977
center_z = 0.261131386861314
size_x = 22
size_y = 22
size_z = 22
energy_range = 9
exhaustiveness = 32
num_modes = 10