center_x = -14.122686813186814
center_y = 9.125714285714285
center_z = 5.136263736263733
size_x = 22
size_y = 22
size_z = 22
energy_range = 9
exhaustiveness = 32
num_modes = 10