center_x = -18.9928346456693
center_y = -9.074181102362203
center_z = -4.70913385826772
size_x = 22
size_y = 22
size_z = 22
energy_range = 9
exhaustiveness = 32
num_modes = 10