center_x = -19.8049898989899
center_y = -13.096272727272725
center_z = 2.470949494949495
size_x = 22
size_y = 22
size_z = 22
energy_range = 9
exhaustiveness = 32
num_modes = 10