center_x = -20.22628813559322
center_y = 4.739177966101696
center_z = 1.411771186440678
size_x = 22
size_y = 22
size_z = 22
energy_range = 9
exhaustiveness = 32
num_modes = 10