center_x = -22.22347580645161
center_y = -0.5739112903225813
center_z = 8.501508064516127
size_x = 22
size_y = 22
size_z = 22
energy_range = 9
exhaustiveness = 32
num_modes = 10