center_x = -22.920359374999997
center_y = 11.361273437499994
center_z = 10.864906250000002
size_x = 22
size_y = 22
size_z = 22
energy_range = 9
exhaustiveness = 32
num_modes = 10