center_x = 62.39944680851059
center_y = 110.02455744680842
center_z = 275.6181574468084
size_x = 22
size_y = 22
size_z = 22
energy_range = 9
exhaustiveness = 32
num_modes = 10