center_x = 64.58476515151516
center_y = 91.14934848484847
center_z = 272.824037878788
size_x = 22
size_y = 22
size_z = 22
energy_range = 9
exhaustiveness = 32
num_modes = 10