center_x = 26.68819801980199
center_y = 84.29595049504954
center_z = 246.4947920792077
size_x = 22
size_y = 22
size_z = 22
energy_range = 9
exhaustiveness = 32
num_modes = 10