center_x = 20.57323849372385
center_y = 90.87609205020914
center_z = 255.6243598326361
size_x = 22
size_y = 22
size_z = 22
energy_range = 9
exhaustiveness = 32
num_modes = 10