center_x = 66.63368345323738
center_y = 122.88810071942444
center_z = 275.0226978417266
size_x = 22
size_y = 22
size_z = 22
energy_range = 9
exhaustiveness = 32
num_modes = 10