center_x = 28.3152081218274
center_y = 96.08231472081226
center_z = 233.54613197969545
size_x = 22
size_y = 22
size_z = 22
energy_range = 9
exhaustiveness = 32
num_modes = 10