center_x = 70.416773006135
center_y = 116.9880613496932
center_z = 283.2267177914112
size_x = 22
size_y = 22
size_z = 22
energy_range = 9
exhaustiveness = 32
num_modes = 10