center_x = 28.53289147286821
center_y = 94.9046899224806
center_z = 266.79061240310085
size_x = 22
size_y = 22
size_z = 22
energy_range = 9
exhaustiveness = 32
num_modes = 10