center_x = 53.116165644171765
center_y = 105.70539263803684
center_z = 288.26763803681
size_x = 22
size_y = 22
size_z = 22
energy_range = 9
exhaustiveness = 32
num_modes = 10