center_x = 45.11652787456445
center_y = 83.19657491289207
center_z = 266.22034668989534
size_x = 22
size_y = 22
size_z = 22
energy_range = 9
exhaustiveness = 32
num_modes = 10