center_x = 22.771126984126987
center_y = 105.41014285714289
center_z = 244.0531190476192
size_x = 22
size_y = 22
size_z = 22
energy_range = 9
exhaustiveness = 32
num_modes = 10