center_x = 39.63201470588236
center_y = 77.74355882352941
center_z = 247.53395588235296
size_x = 22
size_y = 22
size_z = 22
energy_range = 9
exhaustiveness = 32
num_modes = 10