center_x = 30.661696629213484
center_y = 88.56329775280899
center_z = 245.37208426966285
size_x = 22
size_y = 22
size_z = 22
energy_range = 9
exhaustiveness = 32
num_modes = 10