center_x = 53.55107619047619
center_y = 116.81554285714289
center_z = 296.25341904761905
size_x = 22
size_y = 22
size_z = 22
energy_range = 9
exhaustiveness = 32
num_modes = 10