center_x = 44.03997790055252
center_y = 89.49976795580115
center_z = 280.2737513812154
size_x = 22
size_y = 22
size_z = 22
energy_range = 9
exhaustiveness = 32
num_modes = 10