center_x = 38.44435869565217
center_y = 76.2447391304348
center_z = 254.33491304347825
size_x = 22
size_y = 22
size_z = 22
energy_range = 9
exhaustiveness = 32
num_modes = 10