center_x = 20.59146022727273
center_y = 92.8128522727273
center_z = 235.1315965909092
size_x = 22
size_y = 22
size_z = 22
energy_range = 9
exhaustiveness = 32
num_modes = 10