center_x = 42.502612244897946
center_y = 78.41472448979594
center_z = 271.1344387755101
size_x = 22
size_y = 22
size_z = 22
energy_range = 9
exhaustiveness = 32
num_modes = 10