center_x = 59.88787500000003
center_y = 126.643
center_z = 278.17013541666654
size_x = 22
size_y = 22
size_z = 22
energy_range = 9
exhaustiveness = 32
num_modes = 10