center_x = 28.66382954545456
center_y = 83.43011363636359
center_z = 259.3617651515151
size_x = 22
size_y = 22
size_z = 22
energy_range = 9
exhaustiveness = 32
num_modes = 10