center_x = 32.60060377358492
center_y = 79.02333018867922
center_z = 249.8392641509435
size_x = 22
size_y = 22
size_z = 22
energy_range = 9
exhaustiveness = 32
num_modes = 10