center_x = 34.12935211267606
center_y = 109.05941549295775
center_z = 262.5061690140845
size_x = 22
size_y = 22
size_z = 22
energy_range = 9
exhaustiveness = 32
num_modes = 10