center_x = 35.431640703517566
center_y = 106.58555527638192
center_z = 255.44388442211056
size_x = 22
size_y = 22
size_z = 22
energy_range = 9
exhaustiveness = 32
num_modes = 10