center_x = 48.14340410958904
center_y = 92.18158219178083
center_z = 247.5533219178081
size_x = 22
size_y = 22
size_z = 22
energy_range = 9
exhaustiveness = 32
num_modes = 10