center_x = 34.34649635036497
center_y = 89.73515328467153
center_z = 239.09879562043807
size_x = 22
size_y = 22
size_z = 22
energy_range = 9
exhaustiveness = 32
num_modes = 10