center_x = 24.53722222222222
center_y = 95.71744444444442
center_z = 227.10465277777783
size_x = 22
size_y = 22
size_z = 22
energy_range = 9
exhaustiveness = 32
num_modes = 10