center_x = 52.72824852071005
center_y = 81.64317159763314
center_z = 268.74026627218944
size_x = 22
size_y = 22
size_z = 22
energy_range = 9
exhaustiveness = 32
num_modes = 10