center_x = 15.7039435483871
center_y = 102.355935483871
center_z = 248.4191209677419
size_x = 22
size_y = 22
size_z = 22
energy_range = 9
exhaustiveness = 32
num_modes = 10