center_x = 19.562200000000004
center_y = 100.0476818181818
center_z = 234.0417090909091
size_x = 22
size_y = 22
size_z = 22
energy_range = 9
exhaustiveness = 32
num_modes = 10