center_x = 69.24669696969698
center_y = 121.12808080808082
center_z = 291.1649797979798
size_x = 22
size_y = 22
size_z = 22
energy_range = 9
exhaustiveness = 32
num_modes = 10