center_x = 70.01205769230768
center_y = 57.97557692307692
center_z = 12.983871794871796
size_x = 22
size_y = 22
size_z = 22
energy_range = 9
exhaustiveness = 32
num_modes = 10