center_x = 69.86336241610738
center_y = 53.22259060402685
center_z = 18.087201342281883
size_x = 22
size_y = 22
size_z = 22
energy_range = 9
exhaustiveness = 32
num_modes = 10