center_x = 71.41320873786407
center_y = 66.72781553398057
center_z = 3.85918932038835
size_x = 22
size_y = 22
size_z = 22
energy_range = 9
exhaustiveness = 32
num_modes = 10