center_x = 71.08061313868619
center_y = 52.54403649635034
center_z = 21.571583941605823
size_x = 22
size_y = 22
size_z = 22
energy_range = 9
exhaustiveness = 32
num_modes = 10