center_x = 70.7611541501976
center_y = 55.317924901185776
center_z = 17.192229249011866
size_x = 22
size_y = 22
size_z = 22
energy_range = 9
exhaustiveness = 32
num_modes = 10