center_x = 70.62442718446606
center_y = 63.725466019417446
center_z = 7.287257281553396
size_x = 22
size_y = 22
size_z = 22
energy_range = 9
exhaustiveness = 32
num_modes = 10