center_x = 71.15543909348439
center_y = 63.00956373937674
center_z = 9.100634560906522
size_x = 22
size_y = 22
size_z = 22
energy_range = 9
exhaustiveness = 32
num_modes = 10