center_x = 72.18365846994537
center_y = 61.865174863388006
center_z = 10.111428961748633
size_x = 22
size_y = 22
size_z = 22
energy_range = 9
exhaustiveness = 32
num_modes = 10