center_x = 71.7058888888889
center_y = 63.92527272727273
center_z = 7.289287878787881
size_x = 22
size_y = 22
size_z = 22
energy_range = 9
exhaustiveness = 32
num_modes = 10