center_x = 70.81097101449276
center_y = 63.476525362318846
center_z = 7.612913043478262
size_x = 22
size_y = 22
size_z = 22
energy_range = 9
exhaustiveness = 32
num_modes = 10