center_x = 71.09062331838581
center_y = 56.72325919282511
center_z = 16.092602690583
size_x = 22
size_y = 22
size_z = 22
energy_range = 9
exhaustiveness = 32
num_modes = 10