center_x = -25.539189349112437
center_y = -49.34308875739648
center_z = 0.3419349112426033
size_x = 22
size_y = 22
size_z = 22
energy_range = 9
exhaustiveness = 32
num_modes = 10