center_x = -14.77073515981735
center_y = -34.4555799086758
center_z = -10.930401826484012
size_x = 22
size_y = 22
size_z = 22
energy_range = 9
exhaustiveness = 32
num_modes = 10