center_x = -18.419166666666666
center_y = -20.40846078431373
center_z = 6.640843137254903
size_x = 22
size_y = 22
size_z = 22
energy_range = 9
exhaustiveness = 32
num_modes = 10