center_x = -22.3885
center_y = -16.511555555555553
center_z = 0.5306333333333332
size_x = 22
size_y = 22
size_z = 22
energy_range = 9
exhaustiveness = 32
num_modes = 10