center_x = -25.85563636363636
center_y = -31.82570454545456
center_z = 6.179500000000001
size_x = 22
size_y = 22
size_z = 22
energy_range = 9
exhaustiveness = 32
num_modes = 10