center_x = -22.25304729729731
center_y = -55.2960608108108
center_z = 9.882432432432433
size_x = 22
size_y = 22
size_z = 22
energy_range = 9
exhaustiveness = 32
num_modes = 10