center_x = 1.3212482269503545
center_y = -41.97356028368795
center_z = -8.464489361702126
size_x = 22
size_y = 22
size_z = 22
energy_range = 9
exhaustiveness = 32
num_modes = 10