center_x = -22.529828125000005
center_y = -40.704078125
center_z = -1.851816406250002
size_x = 22
size_y = 22
size_z = 22
energy_range = 9
exhaustiveness = 32
num_modes = 10