center_x = -10.435721311475408
center_y = -54.96457377049181
center_z = -11.69322950819672
size_x = 22
size_y = 22
size_z = 22
energy_range = 9
exhaustiveness = 32
num_modes = 10