center_x = -18.33711403508773
center_y = -67.55978070175439
center_z = -0.6154035087719296
size_x = 22
size_y = 22
size_z = 22
energy_range = 9
exhaustiveness = 32
num_modes = 10