center_x = -9.675993288590602
center_y = -44.07811409395974
center_z = -6.467503355704698
size_x = 22
size_y = 22
size_z = 22
energy_range = 9
exhaustiveness = 32
num_modes = 10