center_x = -14.593325925925924
center_y = -63.36698518518517
center_z = -5.369911111111111
size_x = 22
size_y = 22
size_z = 22
energy_range = 9
exhaustiveness = 32
num_modes = 10