center_x = 3.886821052631579
center_y = -54.40784210526316
center_z = 8.23372631578947
size_x = 22
size_y = 22
size_z = 22
energy_range = 9
exhaustiveness = 32
num_modes = 10