center_x = -5.699906666666666
center_y = -24.756853333333325
center_z = -3.169386666666665
size_x = 22
size_y = 22
size_z = 22
energy_range = 9
exhaustiveness = 32
num_modes = 10