center_x = -28.155390625000013
center_y = -30.18183593750001
center_z = -14.226546875
size_x = 22
size_y = 22
size_z = 22
energy_range = 9
exhaustiveness = 32
num_modes = 10