center_x = 6.415275109170307
center_y = -44.84909170305678
center_z = 1.6580218340611346
size_x = 22
size_y = 22
size_z = 22
energy_range = 9
exhaustiveness = 32
num_modes = 10