center_x = -16.752672413793103
center_y = -61.25231034482758
center_z = 16.136620689655167
size_x = 22
size_y = 22
size_z = 22
energy_range = 9
exhaustiveness = 32
num_modes = 10