center_x = -30.058341269841268
center_y = -54.24420634920632
center_z = 3.874626984126983
size_x = 22
size_y = 22
size_z = 22
energy_range = 9
exhaustiveness = 32
num_modes = 10