center_x = -6.466813008130079
center_y = 13.647300813008124
center_z = -3.192170731707316
size_x = 22
size_y = 22
size_z = 22
energy_range = 9
exhaustiveness = 32
num_modes = 10