center_x = 15.334558139534886
center_y = 13.441151162790698
center_z = 0.0949534883720931
size_x = 22
size_y = 22
size_z = 22
energy_range = 9
exhaustiveness = 32
num_modes = 10