center_x = -9.97242635658915
center_y = 8.114527131782946
center_z = 9.705046511627906
size_x = 22
size_y = 22
size_z = 22
energy_range = 9
exhaustiveness = 32
num_modes = 10