center_x = 4.379920731707319
center_y = 18.385359756097564
center_z = -7.285097560975605
size_x = 22
size_y = 22
size_z = 22
energy_range = 9
exhaustiveness = 32
num_modes = 10