center_x = 0.974566666666666
center_y = 5.40311555555556
center_z = 10.070531111111109
size_x = 22
size_y = 22
size_z = 22
energy_range = 9
exhaustiveness = 32
num_modes = 10