center_x = 17.03213043478261
center_y = 16.630547826086957
center_z = 7.339156521739134
size_x = 22
size_y = 22
size_z = 22
energy_range = 9
exhaustiveness = 32
num_modes = 10