center_x = -1.482189655172414
center_y = 3.834646551724138
center_z = 4.100456896551725
size_x = 22
size_y = 22
size_z = 22
energy_range = 9
exhaustiveness = 32
num_modes = 10