center_x = 6.239905172413793
center_y = 6.074870689655173
center_z = 15.991379310344838
size_x = 22
size_y = 22
size_z = 22
energy_range = 9
exhaustiveness = 32
num_modes = 10