center_x = 1.6822325581395352
center_y = 26.12452325581395
center_z = 24.548860465116288
size_x = 22
size_y = 22
size_z = 22
energy_range = 9
exhaustiveness = 32
num_modes = 10