center_x = -10.415846153846156
center_y = 26.229145299145305
center_z = 16.33685470085469
size_x = 22
size_y = 22
size_z = 22
energy_range = 9
exhaustiveness = 32
num_modes = 10