center_x = 6.165915057915056
center_y = 25.707204633204636
center_z = 9.551876447876444
size_x = 22
size_y = 22
size_z = 22
energy_range = 9
exhaustiveness = 32
num_modes = 10