center_x = 12.20753642384106
center_y = 7.999721854304636
center_z = -5.873960264900659
size_x = 22
size_y = 22
size_z = 22
energy_range = 9
exhaustiveness = 32
num_modes = 10