center_x = 14.667006711409396
center_y = 4.158845637583892
center_z = -0.1375503355704689
size_x = 22
size_y = 22
size_z = 22
energy_range = 9
exhaustiveness = 32
num_modes = 10