center_x = -25.04042016806724
center_y = -9.659915966386556
center_z = -11.58185714285714
size_x = 22
size_y = 22
size_z = 22
energy_range = 9
exhaustiveness = 32
num_modes = 10