center_x = -1.077972972972974
center_y = 3.0394324324324327
center_z = -26.871040540540545
size_x = 22
size_y = 22
size_z = 22
energy_range = 9
exhaustiveness = 32
num_modes = 10