center_x = -25.5274427480916
center_y = 6.06153435114504
center_z = -3.6298473282442743
size_x = 22
size_y = 22
size_z = 22
energy_range = 9
exhaustiveness = 32
num_modes = 10