center_x = -10.455065868263471
center_y = -11.194712574850303
center_z = -14.50131736526947
size_x = 22
size_y = 22
size_z = 22
energy_range = 9
exhaustiveness = 32
num_modes = 10