center_x = 20.803007874015744
center_y = 8.358795275590552
center_z = -7.244543307086612
size_x = 22
size_y = 22
size_z = 22
energy_range = 9
exhaustiveness = 32
num_modes = 10