center_x = -2.7017677419354835
center_y = 7.602540860215048
center_z = -7.8344053763440735
size_x = 22
size_y = 22
size_z = 22
energy_range = 9
exhaustiveness = 32
num_modes = 10