center_x = -14.654788990825685
center_y = 12.685330275229363
center_z = 8.555266055045875
size_x = 22
size_y = 22
size_z = 22
energy_range = 9
exhaustiveness = 32
num_modes = 10