center_x = 11.01320930232558
center_y = -6.954172093023255
center_z = 5.095279069767439
size_x = 22
size_y = 22
size_z = 22
energy_range = 9
exhaustiveness = 32
num_modes = 10