center_x = -16.54892694063927
center_y = 6.583004566210043
center_z = -24.439433789954347
size_x = 22
size_y = 22
size_z = 22
energy_range = 9
exhaustiveness = 32
num_modes = 10