center_x = 23.3913831775701
center_y = 4.906971962616823
center_z = -1.125822429906543
size_x = 22
size_y = 22
size_z = 22
energy_range = 9
exhaustiveness = 32
num_modes = 10