center_x = 0.0430353982300886
center_y = 13.689469026548675
center_z = -12.644221238938051
size_x = 22
size_y = 22
size_z = 22
energy_range = 9
exhaustiveness = 32
num_modes = 10