center_x = -16.57388586956522
center_y = 6.205407608695652
center_z = -2.114228260869564
size_x = 22
size_y = 22
size_z = 22
energy_range = 9
exhaustiveness = 32
num_modes = 10