center_x = -15.247671875
center_y = -4.1934140625000005
center_z = 9.253617187499998
size_x = 22
size_y = 22
size_z = 22
energy_range = 9
exhaustiveness = 32
num_modes = 10