receptor = data/6hhh/6hhh_ligand.pdbqt
ligand = data/6hhh/6hhh_protein.pdbqt
center_x = -25.5274427480916
center_y = 6.06153435114504
center_z = -3.6298473282442743
size_x = 20.6631145038168
size_y = 14.52493129770992
size_z = 11.664305343511453
energy_range = 9
exhaustiveness = 32
num_modes = 10