center_x = -1.0531532846715332
center_y = 20.0061094890511
center_z = -16.18974452554744
size_x = 22
size_y = 22
size_z = 22
energy_range = 9
exhaustiveness = 32
num_modes = 10