center_x = -0.9532805429864248
center_y = -6.266850678733031
center_z = 2.555323529411761
size_x = 22
size_y = 22
size_z = 22
energy_range = 9
exhaustiveness = 32
num_modes = 10