center_x = -17.97818045112781
center_y = -15.358639097744357
center_z = 1.0651654135338344
size_x = 22
size_y = 22
size_z = 22
energy_range = 9
exhaustiveness = 32
num_modes = 10