center_x = -4.521483606557377
center_y = 19.78227049180328
center_z = -22.024049180327875
size_x = 22
size_y = 22
size_z = 22
energy_range = 9
exhaustiveness = 32
num_modes = 10