center_x = -2.7633750000000004
center_y = 19.293787499999997
center_z = -8.297912499999999
size_x = 22
size_y = 22
size_z = 22
energy_range = 9
exhaustiveness = 32
num_modes = 10