center_x = 18.77439181286549
center_y = 5.834923976608188
center_z = 5.037052631578946
size_x = 22
size_y = 22
size_z = 22
energy_range = 9
exhaustiveness = 32
num_modes = 10