center_x = -6.000899328859059
center_y = 12.243013422818802
center_z = 5.167436241610741
size_x = 22
size_y = 22
size_z = 22
energy_range = 9
exhaustiveness = 32
num_modes = 10