center_x = -11.64342741935484
center_y = -2.810387096774193
center_z = -21.19685483870968
size_x = 22
size_y = 22
size_z = 22
energy_range = 9
exhaustiveness = 32
num_modes = 10