center_x = -9.764886956521735
center_y = -39.40397391304346
center_z = 16.93195652173914
size_x = 22
size_y = 22
size_z = 22
energy_range = 9
exhaustiveness = 32
num_modes = 10