center_x = -14.712934343434338
center_y = -24.01256565656565
center_z = 25.196292929292923
size_x = 22
size_y = 22
size_z = 22
energy_range = 9
exhaustiveness = 32
num_modes = 10