center_x = -15.909555555555553
center_y = 3.368344827586207
center_z = 32.31504980842911
size_x = 22
size_y = 22
size_z = 22
energy_range = 9
exhaustiveness = 32
num_modes = 10