center_x = -31.449194174757263
center_y = -19.5735145631068
center_z = 24.34797087378641
size_x = 22
size_y = 22
size_z = 22
energy_range = 9
exhaustiveness = 32
num_modes = 10