center_x = -10.304081081081074
center_y = -27.258013513513504
center_z = 3.793472972972972
size_x = 22
size_y = 22
size_z = 22
energy_range = 9
exhaustiveness = 32
num_modes = 10