center_x = -14.844163043478256
center_y = -41.05334782608695
center_z = 21.55721739130435
size_x = 22
size_y = 22
size_z = 22
energy_range = 9
exhaustiveness = 32
num_modes = 10