center_x = -20.126241071428574
center_y = 10.63550892857143
center_z = 22.24759821428574
size_x = 22
size_y = 22
size_z = 22
energy_range = 9
exhaustiveness = 32
num_modes = 10