center_x = -10.60519130434783
center_y = 7.187878260869565
center_z = 18.936452173913043
size_x = 22
size_y = 22
size_z = 22
energy_range = 9
exhaustiveness = 32
num_modes = 10