center_x = 2.6370731707317083
center_y = -17.274861788617883
center_z = 5.748349593495939
size_x = 22
size_y = 22
size_z = 22
energy_range = 9
exhaustiveness = 32
num_modes = 10