center_x = -21.58797333333333
center_y = -5.094086666666665
center_z = 2.7095933333333337
size_x = 22
size_y = 22
size_z = 22
energy_range = 9
exhaustiveness = 32
num_modes = 10