center_x = -29.71741520467836
center_y = -14.530046783625735
center_z = 16.880491228070174
size_x = 22
size_y = 22
size_z = 22
energy_range = 9
exhaustiveness = 32
num_modes = 10