center_x = -23.06961454545453
center_y = -10.11920727272727
center_z = 3.6261345454545446
size_x = 22
size_y = 22
size_z = 22
energy_range = 9
exhaustiveness = 32
num_modes = 10