center_x = -11.19996907216495
center_y = -16.12984994272622
center_z = 12.895602520045808
size_x = 22
size_y = 22
size_z = 22
energy_range = 9
exhaustiveness = 32
num_modes = 10