center_x = -1.084809523809524
center_y = -27.951
center_z = -0.1525047619047619
size_x = 22
size_y = 22
size_z = 22
energy_range = 9
exhaustiveness = 32
num_modes = 10