center_x = -25.00033110367893
center_y = -24.399715719063536
center_z = 20.98151505016723
size_x = 22
size_y = 22
size_z = 22
energy_range = 9
exhaustiveness = 32
num_modes = 10