center_x = -1.91863503649635
center_y = -18.817262773722632
center_z = 23.342503649635034
size_x = 22
size_y = 22
size_z = 22
energy_range = 9
exhaustiveness = 32
num_modes = 10