center_x = -23.196653110047865
center_y = -20.625007177033478
center_z = 28.30170574162678
size_x = 22
size_y = 22
size_z = 22
energy_range = 9
exhaustiveness = 32
num_modes = 10