center_x = -9.963801526717557
center_y = -14.354526717557254
center_z = 32.97745038167937
size_x = 22
size_y = 22
size_z = 22
energy_range = 9
exhaustiveness = 32
num_modes = 10