center_x = -10.520594405594409
center_y = 11.949510489510487
center_z = 6.578839160839162
size_x = 22
size_y = 22
size_z = 22
energy_range = 9
exhaustiveness = 32
num_modes = 10