center_x = -2.7194452830188687
center_y = 2.2772226415094354
center_z = 4.692064150943397
size_x = 22
size_y = 22
size_z = 22
energy_range = 9
exhaustiveness = 32
num_modes = 10