center_x = -10.652453125
center_y = -1.6101354166666668
center_z = 20.83191145833333
size_x = 22
size_y = 22
size_z = 22
energy_range = 9
exhaustiveness = 32
num_modes = 10