center_x = -10.335603174603175
center_y = -1.849539682539684
center_z = -0.4417089947089954
size_x = 22
size_y = 22
size_z = 22
energy_range = 9
exhaustiveness = 32
num_modes = 10