center_x = -4.530083333333331
center_y = -20.704302631578933
center_z = -7.704004385964909
size_x = 22
size_y = 22
size_z = 22
energy_range = 9
exhaustiveness = 32
num_modes = 10