center_x = 1.0331511627906975
center_y = -13.80863953488372
center_z = 26.1265988372093
size_x = 22
size_y = 22
size_z = 22
energy_range = 9
exhaustiveness = 32
num_modes = 10