center_x = 112.73871999999996
center_y = -3.293448
center_z = 7.854336000000003
size_x = 22
size_y = 22
size_z = 22
energy_range = 9
exhaustiveness = 32
num_modes = 10