center_x = 110.0397222222222
center_y = -26.383583333333338
center_z = 11.980708333333332
size_x = 22
size_y = 22
size_z = 22
energy_range = 9
exhaustiveness = 32
num_modes = 10