center_x = 119.0657748344371
center_y = -14.975437086092716
center_z = -13.029556291390726
size_x = 22
size_y = 22
size_z = 22
energy_range = 9
exhaustiveness = 32
num_modes = 10