center_x = 102.64869090909094
center_y = -11.053081818181818
center_z = 19.26441818181818
size_x = 22
size_y = 22
size_z = 22
energy_range = 9
exhaustiveness = 32
num_modes = 10