center_x = 111.4365595238095
center_y = -33.29730952380952
center_z = -4.826261904761905
size_x = 22
size_y = 22
size_z = 22
energy_range = 9
exhaustiveness = 32
num_modes = 10