center_x = 114.88612500000004
center_y = -18.60864705882353
center_z = 16.884419117647067
size_x = 22
size_y = 22
size_z = 22
energy_range = 9
exhaustiveness = 32
num_modes = 10