center_x = 120.95307558139532
center_y = -1.933761627906977
center_z = -1.0624011627906986
size_x = 22
size_y = 22
size_z = 22
energy_range = 9
exhaustiveness = 32
num_modes = 10