center_x = 98.44106542056076
center_y = -27.88133644859813
center_z = 8.759841121495326
size_x = 22
size_y = 22
size_z = 22
energy_range = 9
exhaustiveness = 32
num_modes = 10