center_x = 107.16601425661916
center_y = -13.34073523421589
center_z = -2.2656272912423647
size_x = 22
size_y = 22
size_z = 22
energy_range = 9
exhaustiveness = 32
num_modes = 10