center_x = 103.85266956521735
center_y = -6.130443478260871
center_z = -1.4074347826086957
size_x = 22
size_y = 22
size_z = 22
energy_range = 9
exhaustiveness = 32
num_modes = 10