center_x = 121.21145833333333
center_y = -31.06532499999999
center_z = -12.11516666666666
size_x = 22
size_y = 22
size_z = 22
energy_range = 9
exhaustiveness = 32
num_modes = 10