center_x = 105.56585074626864
center_y = -34.65462686567164
center_z = 11.595253731343286
size_x = 22
size_y = 22
size_z = 22
energy_range = 9
exhaustiveness = 32
num_modes = 10