center_x = 121.02185344827586
center_y = -24.65842241379309
center_z = 5.220603448275863
size_x = 22
size_y = 22
size_z = 22
energy_range = 9
exhaustiveness = 32
num_modes = 10