center_x = 109.14173770491804
center_y = -12.202459016393444
center_z = 18.282893442622942
size_x = 22
size_y = 22
size_z = 22
energy_range = 9
exhaustiveness = 32
num_modes = 10