center_x = 108.71241666666668
center_y = -23.59585416666667
center_z = -10.828166666666668
size_x = 22
size_y = 22
size_z = 22
energy_range = 9
exhaustiveness = 32
num_modes = 10