center_x = 105.92528333333324
center_y = -27.256275000000013
center_z = 4.022050000000001
size_x = 22
size_y = 22
size_z = 22
energy_range = 9
exhaustiveness = 32
num_modes = 10