center_x = 110.41867543859654
center_y = 0.9590175438596488
center_z = -2.012114035087719
size_x = 22
size_y = 22
size_z = 22
energy_range = 9
exhaustiveness = 32
num_modes = 10