center_x = 104.51108139534884
center_y = 132.1924302325581
center_z = 123.0368139534884
size_x = 22
size_y = 22
size_z = 22
energy_range = 9
exhaustiveness = 32
num_modes = 10