center_x = 77.45463551401866
center_y = 135.38367289719625
center_z = 124.9818785046729
size_x = 22
size_y = 22
size_z = 22
energy_range = 9
exhaustiveness = 32
num_modes = 10