center_x = 99.18778260869566
center_y = 137.76321739130432
center_z = 116.2175652173913
size_x = 22
size_y = 22
size_z = 22
energy_range = 9
exhaustiveness = 32
num_modes = 10