center_x = 89.02842068965514
center_y = 137.9125724137932
center_z = 123.43404137931036
size_x = 22
size_y = 22
size_z = 22
energy_range = 9
exhaustiveness = 32
num_modes = 10