center_x = 105.37572727272725
center_y = 132.5184393939394
center_z = 113.404893939394
size_x = 22
size_y = 22
size_z = 22
energy_range = 9
exhaustiveness = 32
num_modes = 10