center_x = 102.94534408602152
center_y = 107.6447741935484
center_z = 98.51851612903224
size_x = 22
size_y = 22
size_z = 22
energy_range = 9
exhaustiveness = 32
num_modes = 10