center_x = 96.31150000000004
center_y = 114.57902
center_z = 114.49780999999992
size_x = 22
size_y = 22
size_z = 22
energy_range = 9
exhaustiveness = 32
num_modes = 10