center_x = 84.4430576923077
center_y = 145.2051057692308
center_z = 121.48984615384612
size_x = 22
size_y = 22
size_z = 22
energy_range = 9
exhaustiveness = 32
num_modes = 10