center_x = 76.56515517241377
center_y = 130.11859482758618
center_z = 123.5003620689656
size_x = 22
size_y = 22
size_z = 22
energy_range = 9
exhaustiveness = 32
num_modes = 10