center_x = 78.78288059701492
center_y = 115.27246268656714
center_z = 109.85979104477612
size_x = 22
size_y = 22
size_z = 22
energy_range = 9
exhaustiveness = 32
num_modes = 10