center_x = 102.37342901234568
center_y = 123.80256172839508
center_z = 113.84792901234565
size_x = 22
size_y = 22
size_z = 22
energy_range = 9
exhaustiveness = 32
num_modes = 10