center_x = 80.41845643153522
center_y = 130.70038174273864
center_z = 119.09720331950204
size_x = 22
size_y = 22
size_z = 22
energy_range = 9
exhaustiveness = 32
num_modes = 10