center_x = 94.55135526315792
center_y = 108.37139473684208
center_z = 107.47778947368418
size_x = 22
size_y = 22
size_z = 22
energy_range = 9
exhaustiveness = 32
num_modes = 10