center_x = 90.93615189873414
center_y = 115.9607594936709
center_z = 105.38184810126582
size_x = 22
size_y = 22
size_z = 22
energy_range = 9
exhaustiveness = 32
num_modes = 10