center_x = 81.82163157894735
center_y = 120.00974736842105
center_z = 116.53663157894738
size_x = 22
size_y = 22
size_z = 22
energy_range = 9
exhaustiveness = 32
num_modes = 10