center_x = 89.40595774647889
center_y = 144.01284507042251
center_z = 114.54802816901412
size_x = 22
size_y = 22
size_z = 22
energy_range = 9
exhaustiveness = 32
num_modes = 10