center_x = 98.69001369863018
center_y = 119.7713630136986
center_z = 92.6312602739726
size_x = 22
size_y = 22
size_z = 22
energy_range = 9
exhaustiveness = 32
num_modes = 10