center_x = 99.27735877862592
center_y = 125.37946564885492
center_z = 105.36564122137406
size_x = 22
size_y = 22
size_z = 22
energy_range = 9
exhaustiveness = 32
num_modes = 10