center_x = 105.20162804878052
center_y = 118.435993902439
center_z = 85.10295731707313
size_x = 22
size_y = 22
size_z = 22
energy_range = 9
exhaustiveness = 32
num_modes = 10