center_x = 97.87198235294125
center_y = 132.85986470588244
center_z = 127.14300588235297
size_x = 22
size_y = 22
size_z = 22
energy_range = 9
exhaustiveness = 32
num_modes = 10