center_x = 82.63281818181818
center_y = 105.3384696969697
center_z = 94.6763787878788
size_x = 22
size_y = 22
size_z = 22
energy_range = 9
exhaustiveness = 32
num_modes = 10