center_x = 89.40564736842106
center_y = 124.21161052631578
center_z = 113.51161052631576
size_x = 22
size_y = 22
size_z = 22
energy_range = 9
exhaustiveness = 32
num_modes = 10