center_x = 96.38795035460991
center_y = 131.4587092198582
center_z = 105.14068794326246
size_x = 22
size_y = 22
size_z = 22
energy_range = 9
exhaustiveness = 32
num_modes = 10