center_x = 97.99816969696973
center_y = 113.53578787878784
center_z = 99.01392727272729
size_x = 22
size_y = 22
size_z = 22
energy_range = 9
exhaustiveness = 32
num_modes = 10