center_x = 90.0480681818182
center_y = 131.00408333333334
center_z = 122.77434090909082
size_x = 22
size_y = 22
size_z = 22
energy_range = 9
exhaustiveness = 32
num_modes = 10