center_x = 87.52771573604065
center_y = 108.73828934010145
center_z = 101.7207918781726
size_x = 22
size_y = 22
size_z = 22
energy_range = 9
exhaustiveness = 32
num_modes = 10