center_x = 105.92190066225164
center_y = 113.432821192053
center_z = 102.3236622516556
size_x = 22
size_y = 22
size_z = 22
energy_range = 9
exhaustiveness = 32
num_modes = 10