center_x = 100.10116842105263
center_y = 125.79393684210532
center_z = 86.35954736842108
size_x = 22
size_y = 22
size_z = 22
energy_range = 9
exhaustiveness = 32
num_modes = 10