center_x = 101.92014285714284
center_y = 109.31909183673471
center_z = 107.48088775510205
size_x = 22
size_y = 22
size_z = 22
energy_range = 9
exhaustiveness = 32
num_modes = 10