center_x = 107.5973742690058
center_y = -38.01191812865496
center_z = 46.92090643274854
size_x = 22
size_y = 22
size_z = 22
energy_range = 9
exhaustiveness = 32
num_modes = 10