center_x = 113.80576146788988
center_y = -50.51289449541284
center_z = 44.27247247706423
size_x = 22
size_y = 22
size_z = 22
energy_range = 9
exhaustiveness = 32
num_modes = 10