center_x = 104.1614065934066
center_y = -41.18752747252746
center_z = 38.22909890109891
size_x = 22
size_y = 22
size_z = 22
energy_range = 9
exhaustiveness = 32
num_modes = 10