center_x = 104.69077319587626
center_y = -48.74882989690721
center_z = 54.310525773195856
size_x = 22
size_y = 22
size_z = 22
energy_range = 9
exhaustiveness = 32
num_modes = 10