center_x = 121.63664912280709
center_y = -52.201122807017526
center_z = 47.91968421052631
size_x = 22
size_y = 22
size_z = 22
energy_range = 9
exhaustiveness = 32
num_modes = 10