center_x = 128.16272807017543
center_y = -48.877061403508776
center_z = 45.19380701754386
size_x = 22
size_y = 22
size_z = 22
energy_range = 9
exhaustiveness = 32
num_modes = 10