center_x = 118.99386399999996
center_y = -41.24802399999998
center_z = 68.944872
size_x = 22
size_y = 22
size_z = 22
energy_range = 9
exhaustiveness = 32
num_modes = 10