center_x = 109.627288
center_y = -49.17769600000002
center_z = 29.669888
size_x = 22
size_y = 22
size_z = 22
energy_range = 9
exhaustiveness = 32
num_modes = 10