center_x = 113.96731481481486
center_y = -53.10052777777775
center_z = 64.29833333333333
size_x = 22
size_y = 22
size_z = 22
energy_range = 9
exhaustiveness = 32
num_modes = 10