center_x = 121.49614814814812
center_y = -44.40126543209875
center_z = 37.38769753086419
size_x = 22
size_y = 22
size_z = 22
energy_range = 9
exhaustiveness = 32
num_modes = 10