center_x = 107.96533175355454
center_y = -50.23567772511847
center_z = 39.30061611374405
size_x = 22
size_y = 22
size_z = 22
energy_range = 9
exhaustiveness = 32
num_modes = 10