center_x = 115.38902479338849
center_y = -42.44833884297519
center_z = 41.66842975206612
size_x = 22
size_y = 22
size_z = 22
energy_range = 9
exhaustiveness = 32
num_modes = 10