center_x = 117.454417218543
center_y = -32.86805960264902
center_z = 45.923225165562926
size_x = 22
size_y = 22
size_z = 22
energy_range = 9
exhaustiveness = 32
num_modes = 10