center_x = 97.97085454545451
center_y = -46.88116363636364
center_z = 54.48908181818182
size_x = 22
size_y = 22
size_z = 22
energy_range = 9
exhaustiveness = 32
num_modes = 10