center_x = 24.81510294117648
center_y = -3.75102205882353
center_z = 31.698639705882343
size_x = 22
size_y = 22
size_z = 22
energy_range = 9
exhaustiveness = 32
num_modes = 10