center_x = 8.025325581395348
center_y = 40.57562790697674
center_z = 84.69998837209305
size_x = 22
size_y = 22
size_z = 22
energy_range = 9
exhaustiveness = 32
num_modes = 10