center_x = 19.663109090909085
center_y = 8.573654545454543
center_z = 48.983945454545456
size_x = 22
size_y = 22
size_z = 22
energy_range = 9
exhaustiveness = 32
num_modes = 10