center_x = 21.718442176870735
center_y = 33.530462585034016
center_z = 86.732768707483
size_x = 22
size_y = 22
size_z = 22
energy_range = 9
exhaustiveness = 32
num_modes = 10