center_x = 11.55003225806452
center_y = 42.03915053763442
center_z = 73.13411827956986
size_x = 22
size_y = 22
size_z = 22
energy_range = 9
exhaustiveness = 32
num_modes = 10