center_x = 18.391510638297863
center_y = 19.970303191489368
center_z = 56.28893085106381
size_x = 22
size_y = 22
size_z = 22
energy_range = 9
exhaustiveness = 32
num_modes = 10