center_x = 18.80430107526881
center_y = 38.77074193548387
center_z = 16.708032258064517
size_x = 22
size_y = 22
size_z = 22
energy_range = 9
exhaustiveness = 32
num_modes = 10