center_x = 18.171921874999978
center_y = 14.7989921875
center_z = 30.44410937500001
size_x = 22
size_y = 22
size_z = 22
energy_range = 9
exhaustiveness = 32
num_modes = 10