center_x = 22.9036018237082
center_y = 18.318793313069914
center_z = 22.517133738601835
size_x = 22
size_y = 22
size_z = 22
energy_range = 9
exhaustiveness = 32
num_modes = 10