center_x = 31.49348704663214
center_y = 4.692580310880827
center_z = 27.118243523316043
size_x = 22
size_y = 22
size_z = 22
energy_range = 9
exhaustiveness = 32
num_modes = 10