center_x = 30.14524354243545
center_y = 21.11823985239852
center_z = 17.880553505535058
size_x = 22
size_y = 22
size_z = 22
energy_range = 9
exhaustiveness = 32
num_modes = 10