center_x = 25.68907086614173
center_y = 47.56691338582678
center_z = 40.079653543307096
size_x = 22
size_y = 22
size_z = 22
energy_range = 9
exhaustiveness = 32
num_modes = 10