center_x = 12.67239764705883
center_y = 33.45987529411762
center_z = 55.97527764705882
size_x = 22
size_y = 22
size_z = 22
energy_range = 9
exhaustiveness = 32
num_modes = 10