center_x = 13.28085802469136
center_y = 29.53644444444445
center_z = 91.55619753086428
size_x = 22
size_y = 22
size_z = 22
energy_range = 9
exhaustiveness = 32
num_modes = 10