center_x = 33.70158730158732
center_y = 16.805571428571433
center_z = 52.799380952380965
size_x = 22
size_y = 22
size_z = 22
energy_range = 9
exhaustiveness = 32
num_modes = 10