center_x = 11.688930817610064
center_y = 17.13848427672955
center_z = 45.15838993710695
size_x = 22
size_y = 22
size_z = 22
energy_range = 9
exhaustiveness = 32
num_modes = 10