center_x = 15.524749999999996
center_y = 20.866432692307683
center_z = 42.2486826923077
size_x = 22
size_y = 22
size_z = 22
energy_range = 9
exhaustiveness = 32
num_modes = 10