center_x = 36.84517142857143
center_y = 25.26128095238095
center_z = 46.26271904761905
size_x = 22
size_y = 22
size_z = 22
energy_range = 9
exhaustiveness = 32
num_modes = 10