center_x = 28.45506542056076
center_y = 20.394831775700933
center_z = 75.39650467289721
size_x = 22
size_y = 22
size_z = 22
energy_range = 9
exhaustiveness = 32
num_modes = 10