center_x = 9.873694444444444
center_y = 25.5469375
center_z = 55.15570833333331
size_x = 22
size_y = 22
size_z = 22
energy_range = 9
exhaustiveness = 32
num_modes = 10