center_x = 19.37155855855856
center_y = 2.5420450450450454
center_z = 50.96509909909909
size_x = 22
size_y = 22
size_z = 22
energy_range = 9
exhaustiveness = 32
num_modes = 10