center_x = 31.881906024096377
center_y = 22.085279518072305
center_z = 40.38505301204821
size_x = 22
size_y = 22
size_z = 22
energy_range = 9
exhaustiveness = 32
num_modes = 10