center_x = 24.642984555984544
center_y = 29.561444015444
center_z = 68.42689961389962
size_x = 22
size_y = 22
size_z = 22
energy_range = 9
exhaustiveness = 32
num_modes = 10