center_x = 12.7350927152318
center_y = 35.5927417218543
center_z = 34.584841059602645
size_x = 22
size_y = 22
size_z = 22
energy_range = 9
exhaustiveness = 32
num_modes = 10