center_x = 28.713007407407403
center_y = 27.49872592592592
center_z = 53.797125925925904
size_x = 22
size_y = 22
size_z = 22
energy_range = 9
exhaustiveness = 32
num_modes = 10