center_x = 17.729396226415087
center_y = 33.41920754716981
center_z = 94.3127924528302
size_x = 22
size_y = 22
size_z = 22
energy_range = 9
exhaustiveness = 32
num_modes = 10