center_x = 0.7834255319148936
center_y = 33.12991489361701
center_z = 75.77101063829788
size_x = 22
size_y = 22
size_z = 22
energy_range = 9
exhaustiveness = 32
num_modes = 10