center_x = 33.61877534246575
center_y = 31.263819178082173
center_z = 23.71849589041096
size_x = 22
size_y = 22
size_z = 22
energy_range = 9
exhaustiveness = 32
num_modes = 10