center_x = 24.28090308370045
center_y = 17.74533039647578
center_z = 36.236422907488986
size_x = 22
size_y = 22
size_z = 22
energy_range = 9
exhaustiveness = 32
num_modes = 10