center_x = 18.983327272727266
center_y = 15.606430303030306
center_z = 44.99447272727276
size_x = 22
size_y = 22
size_z = 22
energy_range = 9
exhaustiveness = 32
num_modes = 10