center_x = 34.0733734939759
center_y = 41.96639759036145
center_z = 31.492650602409626
size_x = 22
size_y = 22
size_z = 22
energy_range = 9
exhaustiveness = 32
num_modes = 10