center_x = 11.2409375
center_y = 20.62994375
center_z = 71.704275
size_x = 22
size_y = 22
size_z = 22
energy_range = 9
exhaustiveness = 32
num_modes = 10