center_x = 27.034497267759544
center_y = 32.1656393442623
center_z = 7.233584699453552
size_x = 22
size_y = 22
size_z = 22
energy_range = 9
exhaustiveness = 32
num_modes = 10