center_x = 29.02095609756096
center_y = 30.85595121951221
center_z = 46.83796097560976
size_x = 22
size_y = 22
size_z = 22
energy_range = 9
exhaustiveness = 32
num_modes = 10