center_x = 15.245356401384091
center_y = 23.75643598615917
center_z = 33.99013494809688
size_x = 22
size_y = 22
size_z = 22
energy_range = 9
exhaustiveness = 32
num_modes = 10