center_x = 34.6604967105263
center_y = 20.17658223684209
center_z = 42.07582894736843
size_x = 22
size_y = 22
size_z = 22
energy_range = 9
exhaustiveness = 32
num_modes = 10