center_x = 34.50020762711863
center_y = 35.627546610169496
center_z = 42.54818644067799
size_x = 22
size_y = 22
size_z = 22
energy_range = 9
exhaustiveness = 32
num_modes = 10