center_x = 25.67177976190475
center_y = 74.0520892857143
center_z = 12.17553571428572
size_x = 22
size_y = 22
size_z = 22
energy_range = 9
exhaustiveness = 32
num_modes = 10