center_x = 23.835570469798647
center_y = 67.77024161073827
center_z = 25.58536912751677
size_x = 22
size_y = 22
size_z = 22
energy_range = 9
exhaustiveness = 32
num_modes = 10