center_x = 25.493655660377367
center_y = 58.42106132075474
center_z = 18.89756603773585
size_x = 22
size_y = 22
size_z = 22
energy_range = 9
exhaustiveness = 32
num_modes = 10