center_x = 17.146466019417467
center_y = 39.33976699029124
center_z = 42.019771844660205
size_x = 22
size_y = 22
size_z = 22
energy_range = 9
exhaustiveness = 32
num_modes = 10