center_x = 18.79001801801802
center_y = 65.06715315315316
center_z = 13.462882882882884
size_x = 22
size_y = 22
size_z = 22
energy_range = 9
exhaustiveness = 32
num_modes = 10