center_x = 26.117674369747885
center_y = 40.36610084033616
center_z = 33.84339705882353
size_x = 22
size_y = 22
size_z = 22
energy_range = 9
exhaustiveness = 32
num_modes = 10