center_x = 31.640409302325576
center_y = 46.63227441860466
center_z = 32.55750697674419
size_x = 22
size_y = 22
size_z = 22
energy_range = 9
exhaustiveness = 32
num_modes = 10