center_x = 26.952043956043976
center_y = 36.165826923076914
center_z = 34.47548901098901
size_x = 22
size_y = 22
size_z = 22
energy_range = 9
exhaustiveness = 32
num_modes = 10