center_x = 17.58856074766355
center_y = 45.63945327102799
center_z = 34.32048130841123
size_x = 22
size_y = 22
size_z = 22
energy_range = 9
exhaustiveness = 32
num_modes = 10