center_x = 15.767142276422764
center_y = 33.556223577235784
center_z = 33.582016260162604
size_x = 22
size_y = 22
size_z = 22
energy_range = 9
exhaustiveness = 32
num_modes = 10