center_x = 27.6287029288703
center_y = 48.375439330543934
center_z = 31.848686192468627
size_x = 22
size_y = 22
size_z = 22
energy_range = 9
exhaustiveness = 32
num_modes = 10