center_x = 22.535813069908784
center_y = 66.93194072948324
center_z = 19.071516717325217
size_x = 22
size_y = 22
size_z = 22
energy_range = 9
exhaustiveness = 32
num_modes = 10