center_x = 26.831592677345544
center_y = 8.344386727688782
center_z = 40.84989702517165
size_x = 22
size_y = 22
size_z = 22
energy_range = 9
exhaustiveness = 32
num_modes = 10