center_x = 36.53769658119657
center_y = 36.90051709401708
center_z = 43.48594017094017
size_x = 22
size_y = 22
size_z = 22
energy_range = 9
exhaustiveness = 32
num_modes = 10