center_x = 24.88692647058823
center_y = 36.17512867647056
center_z = 23.7364375
size_x = 22
size_y = 22
size_z = 22
energy_range = 9
exhaustiveness = 32
num_modes = 10