center_x = 24.003439024390254
center_y = 17.669516260162606
center_z = 35.32439024390244
size_x = 22
size_y = 22
size_z = 22
energy_range = 9
exhaustiveness = 32
num_modes = 10