center_x = 33.661367567567545
center_y = 11.212870270270267
center_z = 33.73117297297298
size_x = 22
size_y = 22
size_z = 22
energy_range = 9
exhaustiveness = 32
num_modes = 10