center_x = 24.55213440860215
center_y = 27.8720752688172
center_z = 38.997582437275966
size_x = 22
size_y = 22
size_z = 22
energy_range = 9
exhaustiveness = 32
num_modes = 10