center_x = 20.590562105263167
center_y = 48.74746736842106
center_z = 34.32016631578947
size_x = 22
size_y = 22
size_z = 22
energy_range = 9
exhaustiveness = 32
num_modes = 10