center_x = 31.40026923076924
center_y = 61.19225384615383
center_z = 25.136007692307697
size_x = 22
size_y = 22
size_z = 22
energy_range = 9
exhaustiveness = 32
num_modes = 10