center_x = 26.32430456852793
center_y = 42.00589340101525
center_z = 34.92552030456855
size_x = 22
size_y = 22
size_z = 22
energy_range = 9
exhaustiveness = 32
num_modes = 10