center_x = 24.6023
center_y = 23.677545
center_z = 26.78845500000001
size_x = 22
size_y = 22
size_z = 22
energy_range = 9
exhaustiveness = 32
num_modes = 10