center_x = 27.89088461538463
center_y = 61.43220329670325
center_z = 20.38278021978022
size_x = 22
size_y = 22
size_z = 22
energy_range = 9
exhaustiveness = 32
num_modes = 10