center_x = 32.424421874999986
center_y = 42.12444531249999
center_z = 42.24512890624999
size_x = 22
size_y = 22
size_z = 22
energy_range = 9
exhaustiveness = 32
num_modes = 10