center_x = 21.20758730158729
center_y = 10.495793650793642
center_z = 43.84203809523811
size_x = 22
size_y = 22
size_z = 22
energy_range = 9
exhaustiveness = 32
num_modes = 10