center_x = 22.07934887218048
center_y = 49.40459849624062
center_z = 23.46542857142858
size_x = 22
size_y = 22
size_z = 22
energy_range = 9
exhaustiveness = 32
num_modes = 10