center_x = 24.62572340425533
center_y = 7.137932624113477
center_z = 44.642521276595744
size_x = 22
size_y = 22
size_z = 22
energy_range = 9
exhaustiveness = 32
num_modes = 10