center_x = 27.095347708894884
center_y = 12.466129380053916
center_z = 33.17805121293804
size_x = 22
size_y = 22
size_z = 22
energy_range = 9
exhaustiveness = 32
num_modes = 10