center_x = 22.440248226950334
center_y = 39.06853546099289
center_z = 27.71663475177305
size_x = 22
size_y = 22
size_z = 22
energy_range = 9
exhaustiveness = 32
num_modes = 10