center_x = 28.105484177215185
center_y = 48.80760759493671
center_z = 37.9556835443038
size_x = 22
size_y = 22
size_z = 22
energy_range = 9
exhaustiveness = 32
num_modes = 10