center_x = 23.409903499469795
center_y = 65.1144040296925
center_z = 21.91349310710503
size_x = 22
size_y = 22
size_z = 22
energy_range = 9
exhaustiveness = 32
num_modes = 10