center_x = 19.10810454545453
center_y = 43.1913363636364
center_z = 41.86412727272723
size_x = 22
size_y = 22
size_z = 22
energy_range = 9
exhaustiveness = 32
num_modes = 10