center_x = 36.70583082706765
center_y = 15.807943609022558
center_z = 46.0762180451128
size_x = 22
size_y = 22
size_z = 22
energy_range = 9
exhaustiveness = 32
num_modes = 10