center_x = 17.961338461538467
center_y = 19.560192307692304
center_z = 43.23336923076924
size_x = 22
size_y = 22
size_z = 22
energy_range = 9
exhaustiveness = 32
num_modes = 10