center_x = 17.019052447552447
center_y = 12.09509440559441
center_z = 41.597185314685305
size_x = 22
size_y = 22
size_z = 22
energy_range = 9
exhaustiveness = 32
num_modes = 10