center_x = 15.601703999999996
center_y = 42.289172000000015
center_z = 35.63355599999999
size_x = 22
size_y = 22
size_z = 22
energy_range = 9
exhaustiveness = 32
num_modes = 10