center_x = 40.48280263157896
center_y = 13.143769736842106
center_z = 43.87419736842106
size_x = 22
size_y = 22
size_z = 22
energy_range = 9
exhaustiveness = 32
num_modes = 10