center_x = 23.740142441860467
center_y = 35.677552325581395
center_z = 23.937706395348844
size_x = 22
size_y = 22
size_z = 22
energy_range = 9
exhaustiveness = 32
num_modes = 10