center_x = 20.671082010582
center_y = 27.682515873015877
center_z = 43.75062962962964
size_x = 22
size_y = 22
size_z = 22
energy_range = 9
exhaustiveness = 32
num_modes = 10