center_x = 33.2407356321839
center_y = 11.652578544061312
center_z = 36.45146743295021
size_x = 22
size_y = 22
size_z = 22
energy_range = 9
exhaustiveness = 32
num_modes = 10