center_x = 37.49589705882352
center_y = 28.039607843137247
center_z = 40.65755392156863
size_x = 22
size_y = 22
size_z = 22
energy_range = 9
exhaustiveness = 32
num_modes = 10