center_x = 42.11632352941178
center_y = 17.407857843137265
center_z = 44.83425000000001
size_x = 22
size_y = 22
size_z = 22
energy_range = 9
exhaustiveness = 32
num_modes = 10