center_x = 31.546503472222224
center_y = 44.85468055555553
center_z = 46.46774652777777
size_x = 22
size_y = 22
size_z = 22
energy_range = 9
exhaustiveness = 32
num_modes = 10