center_x = 16.49878947368422
center_y = 15.271584210526315
center_z = 29.13105263157896
size_x = 22
size_y = 22
size_z = 22
energy_range = 9
exhaustiveness = 32
num_modes = 10