center_x = 23.014259139784965
center_y = 14.524639784946237
center_z = 39.5317172043011
size_x = 22
size_y = 22
size_z = 22
energy_range = 9
exhaustiveness = 32
num_modes = 10