center_x = 16.94792944785275
center_y = 45.09809509202451
center_z = 32.08092024539875
size_x = 22
size_y = 22
size_z = 22
energy_range = 9
exhaustiveness = 32
num_modes = 10