center_x = 29.622402930402945
center_y = 10.279853479853474
center_z = 27.45704395604397
size_x = 22
size_y = 22
size_z = 22
energy_range = 9
exhaustiveness = 32
num_modes = 10