center_x = 27.607748251748266
center_y = 13.931311188811186
center_z = 45.44053496503499
size_x = 22
size_y = 22
size_z = 22
energy_range = 9
exhaustiveness = 32
num_modes = 10