center_x = 24.062615571776178
center_y = 51.61288564476884
center_z = 20.92303163017031
size_x = 22
size_y = 22
size_z = 22
energy_range = 9
exhaustiveness = 32
num_modes = 10