center_x = 26.087461805555552
center_y = 31.25242708333333
center_z = 35.39347222222224
size_x = 22
size_y = 22
size_z = 22
energy_range = 9
exhaustiveness = 32
num_modes = 10