center_x = 26.117640350877178
center_y = 70.07639035087722
center_z = 15.76687719298245
size_x = 22
size_y = 22
size_z = 22
energy_range = 9
exhaustiveness = 32
num_modes = 10