center_x = 35.79173202614377
center_y = 17.712192810457523
center_z = 40.71520261437912
size_x = 22
size_y = 22
size_z = 22
energy_range = 9
exhaustiveness = 32
num_modes = 10