center_x = 18.595698529411774
center_y = 10.563838235294122
center_z = 44.80602941176476
size_x = 22
size_y = 22
size_z = 22
energy_range = 9
exhaustiveness = 32
num_modes = 10