center_x = 21.56821657754012
center_y = 17.291770053475933
center_z = 42.24193315508021
size_x = 22
size_y = 22
size_z = 22
energy_range = 9
exhaustiveness = 32
num_modes = 10