center_x = 15.6671206225681
center_y = 70.12894552529178
center_z = 21.9462412451362
size_x = 22
size_y = 22
size_z = 22
energy_range = 9
exhaustiveness = 32
num_modes = 10