center_x = 9.0457735042735
center_y = -26.95610683760681
center_z = 58.37225213675214
size_x = 22
size_y = 22
size_z = 22
energy_range = 9
exhaustiveness = 32
num_modes = 10