center_x = 9.664450617283944
center_y = -31.081234567901276
center_z = 60.53063580246919
size_x = 22
size_y = 22
size_z = 22
energy_range = 9
exhaustiveness = 32
num_modes = 10