center_x = 7.982617857142853
center_y = -12.06008571428572
center_z = 50.139189285714295
size_x = 22
size_y = 22
size_z = 22
energy_range = 9
exhaustiveness = 32
num_modes = 10