center_x = 10.045255555555547
center_y = -36.00627407407413
center_z = 63.24742962962964
size_x = 22
size_y = 22
size_z = 22
energy_range = 9
exhaustiveness = 32
num_modes = 10