center_x = 8.259525862068962
center_y = -14.670439655172416
center_z = 51.57621551724138
size_x = 22
size_y = 22
size_z = 22
energy_range = 9
exhaustiveness = 32
num_modes = 10