center_x = 8.405130895091432
center_y = -18.42467661212704
center_z = 53.64515688161697
size_x = 22
size_y = 22
size_z = 22
energy_range = 9
exhaustiveness = 32
num_modes = 10