center_x = 9.74304109589042
center_y = -36.185794520547965
center_z = 64.03383219178083
size_x = 22
size_y = 22
size_z = 22
energy_range = 9
exhaustiveness = 32
num_modes = 10