center_x = 7.8325771812080545
center_y = -10.189093959731546
center_z = 49.33404362416108
size_x = 22
size_y = 22
size_z = 22
energy_range = 9
exhaustiveness = 32
num_modes = 10