center_x = 7.732294117647061
center_y = -9.42593137254902
center_z = 48.859470588235325
size_x = 22
size_y = 22
size_z = 22
energy_range = 9
exhaustiveness = 32
num_modes = 10