center_x = 10.312776041666664
center_y = -39.09088541666666
center_z = 65.01464062499998
size_x = 22
size_y = 22
size_z = 22
energy_range = 9
exhaustiveness = 32
num_modes = 10