center_x = 7.212457894736845
center_y = -2.195926315789474
center_z = 44.7966
size_x = 22
size_y = 22
size_z = 22
energy_range = 9
exhaustiveness = 32
num_modes = 10