center_x = 7.640828947368421
center_y = -7.352973684210523
center_z = 48.59290789473685
size_x = 22
size_y = 22
size_z = 22
energy_range = 9
exhaustiveness = 32
num_modes = 10