center_x = 7.183123376623373
center_y = -2.750688311688312
center_z = 45.02323051948047
size_x = 22
size_y = 22
size_z = 22
energy_range = 9
exhaustiveness = 32
num_modes = 10