center_x = 9.38051851851852
center_y = -30.39213580246913
center_z = 60.3144938271605
size_x = 22
size_y = 22
size_z = 22
energy_range = 9
exhaustiveness = 32
num_modes = 10