center_x = 10.371134275618374
center_y = -41.76684452296823
center_z = 66.66730388692581
size_x = 22
size_y = 22
size_z = 22
energy_range = 9
exhaustiveness = 32
num_modes = 10