center_x = 8.929981012658226
center_y = -6.421392405063287
center_z = 48.29806329113924
size_x = 22
size_y = 22
size_z = 22
energy_range = 9
exhaustiveness = 32
num_modes = 10