center_x = 7.904899328859061
center_y = -10.338194630872485
center_z = 49.53138590604028
size_x = 22
size_y = 22
size_z = 22
energy_range = 9
exhaustiveness = 32
num_modes = 10