center_x = 7.183123376623375
center_y = -2.7506883116883114
center_z = 45.02323051948051
size_x = 22
size_y = 22
size_z = 22
energy_range = 9
exhaustiveness = 32
num_modes = 10