center_x = 10.120819548872184
center_y = -36.75048496240601
center_z = 63.69650751879698
size_x = 22
size_y = 22
size_z = 22
energy_range = 9
exhaustiveness = 32
num_modes = 10