center_x = 10.117194736842109
center_y = -33.90052631578947
center_z = 61.58433684210528
size_x = 22
size_y = 22
size_z = 22
energy_range = 9
exhaustiveness = 32
num_modes = 10