center_x = 10.329817120622575
center_y = -41.80089105058365
center_z = 66.72687548638127
size_x = 22
size_y = 22
size_z = 22
energy_range = 9
exhaustiveness = 32
num_modes = 10