center_x = 6.650708994708994
center_y = 0.174179894179894
center_z = 43.486052910052905
size_x = 22
size_y = 22
size_z = 22
energy_range = 9
exhaustiveness = 32
num_modes = 10