center_x = 8.948747159090908
center_y = -26.82197727272729
center_z = 58.55408806818184
size_x = 22
size_y = 22
size_z = 22
energy_range = 9
exhaustiveness = 32
num_modes = 10