center_x = 10.46281192660551
center_y = -40.51466055045871
center_z = 66.19817889908256
size_x = 22
size_y = 22
size_z = 22
energy_range = 9
exhaustiveness = 32
num_modes = 10