center_x = 9.932550847457623
center_y = -35.54186440677965
center_z = 63.16178813559324
size_x = 22
size_y = 22
size_z = 22
energy_range = 9
exhaustiveness = 32
num_modes = 10