center_x = 8.95459825327511
center_y = -31.54397816593888
center_z = 60.60594759825326
size_x = 22
size_y = 22
size_z = 22
energy_range = 9
exhaustiveness = 32
num_modes = 10