center_x = 10.134653266331656
center_y = -36.99950502512565
center_z = 63.76943216080403
size_x = 22
size_y = 22
size_z = 22
energy_range = 9
exhaustiveness = 32
num_modes = 10