center_x = 9.55899999999999
center_y = -32.88239545454544
center_z = 61.70033636363637
size_x = 22
size_y = 22
size_z = 22
energy_range = 9
exhaustiveness = 32
num_modes = 10