center_x = 10.377556249999996
center_y = -35.69011875000001
center_z = 62.40013125
size_x = 22
size_y = 22
size_z = 22
energy_range = 9
exhaustiveness = 32
num_modes = 10