center_x = 8.24628980891719
center_y = -17.176507961783447
center_z = 52.86455732484078
size_x = 22
size_y = 22
size_z = 22
energy_range = 9
exhaustiveness = 32
num_modes = 10