center_x = 9.1319375
center_y = -28.281523437500013
center_z = 59.40194140625
size_x = 22
size_y = 22
size_z = 22
energy_range = 9
exhaustiveness = 32
num_modes = 10