center_x = 7.00846296296296
center_y = -0.0761574074074074
center_z = 43.62029629629625
size_x = 22
size_y = 22
size_z = 22
energy_range = 9
exhaustiveness = 32
num_modes = 10