center_x = 8.273856209150331
center_y = -15.314552287581693
center_z = 51.94682352941179
size_x = 22
size_y = 22
size_z = 22
energy_range = 9
exhaustiveness = 32
num_modes = 10