center_x = -0.3714
center_y = 20.46750000000001
center_z = 43.82729999999999
size_x = 22
size_y = 22
size_z = 22
energy_range = 9
exhaustiveness = 32
num_modes = 10