receptor = data/6oir/6oir_ligand.pdbqt
ligand = data/6oir/6oir_protein.pdbqt
center_x = 7.600507886435338
center_y = 16.268842271293376
center_z = 16.292148264984235
size_x = 19.62101577287068
size_y = 23.56031545741325
size_z = 24.539703470031533
energy_range = 9
exhaustiveness = 32
num_modes = 10