center_x = 22.009393442622937
center_y = -2.560748633879783
center_z = 15.59800546448088
size_x = 22
size_y = 22
size_z = 22
energy_range = 9
exhaustiveness = 32
num_modes = 10