center_x = -5.483532751091706
center_y = 12.65917030567686
center_z = 44.03531441048035
size_x = 22
size_y = 22
size_z = 22
energy_range = 9
exhaustiveness = 32
num_modes = 10