center_x = 17.822758293838863
center_y = 20.642516587677733
center_z = 22.3882654028436
size_x = 22
size_y = 22
size_z = 22
energy_range = 9
exhaustiveness = 32
num_modes = 10