center_x = 18.24815909090908
center_y = 17.70179545454546
center_z = 32.77095454545454
size_x = 22
size_y = 22
size_z = 22
energy_range = 9
exhaustiveness = 32
num_modes = 10