center_x = 2.464991228070176
center_y = 10.524675438596486
center_z = 45.20443859649121
size_x = 22
size_y = 22
size_z = 22
energy_range = 9
exhaustiveness = 32
num_modes = 10