center_x = 26.990836538461544
center_y = 15.150980769230763
center_z = 9.655644230769232
size_x = 22
size_y = 22
size_z = 22
energy_range = 9
exhaustiveness = 32
num_modes = 10