center_x = 1.2367624309392269
center_y = 17.855397790055257
center_z = 26.36255248618784
size_x = 22
size_y = 22
size_z = 22
energy_range = 9
exhaustiveness = 32
num_modes = 10