center_x = 16.67810909090909
center_y = 21.45327272727273
center_z = 15.965848484848475
size_x = 22
size_y = 22
size_z = 22
energy_range = 9
exhaustiveness = 32
num_modes = 10