center_x = 22.03312592592594
center_y = 14.311911111111112
center_z = -4.587355555555555
size_x = 22
size_y = 22
size_z = 22
energy_range = 9
exhaustiveness = 32
num_modes = 10