center_x = 26.791400000000003
center_y = 14.98752592592593
center_z = 0.0215851851851849
size_x = 22
size_y = 22
size_z = 22
energy_range = 9
exhaustiveness = 32
num_modes = 10