center_x = 1.046589147286822
center_y = 7.550887596899225
center_z = 21.54558914728682
size_x = 22
size_y = 22
size_z = 22
energy_range = 9
exhaustiveness = 32
num_modes = 10