center_x = 15.727438095238096
center_y = 2.973942857142858
center_z = 10.201795238095244
size_x = 22
size_y = 22
size_z = 22
energy_range = 9
exhaustiveness = 32
num_modes = 10