center_x = 12.670116666666663
center_y = -2.4562666666666666
center_z = 23.453316666666684
size_x = 22
size_y = 22
size_z = 22
energy_range = 9
exhaustiveness = 32
num_modes = 10