center_x = 2.020345794392524
center_y = 4.2051588785046725
center_z = 29.024065420560746
size_x = 22
size_y = 22
size_z = 22
energy_range = 9
exhaustiveness = 32
num_modes = 10