center_x = 10.154907563025205
center_y = 11.29943697478992
center_z = 5.4144285714285685
size_x = 22
size_y = 22
size_z = 22
energy_range = 9
exhaustiveness = 32
num_modes = 10