center_x = 10.222211538461538
center_y = 21.07563461538462
center_z = 21.79223076923077
size_x = 22
size_y = 22
size_z = 22
energy_range = 9
exhaustiveness = 32
num_modes = 10