center_x = 5.964040404040405
center_y = 6.4326313131313055
center_z = 32.9698080808081
size_x = 22
size_y = 22
size_z = 22
energy_range = 9
exhaustiveness = 32
num_modes = 10