center_x = 24.381975999999984
center_y = 12.389948000000008
center_z = 28.180284
size_x = 22
size_y = 22
size_z = 22
energy_range = 9
exhaustiveness = 32
num_modes = 10