center_x = 9.291269503546102
center_y = 14.586446808510631
center_z = 41.19250354609929
size_x = 22
size_y = 22
size_z = 22
energy_range = 9
exhaustiveness = 32
num_modes = 10