center_x = 71.22290849673203
center_y = 64.90359803921571
center_z = 5.856395424836605
size_x = 22
size_y = 22
size_z = 22
energy_range = 9
exhaustiveness = 32
num_modes = 10