center_x = 70.84232558139533
center_y = 56.78588704318934
center_z = 15.514607973421946
size_x = 22
size_y = 22
size_z = 22
energy_range = 9
exhaustiveness = 32
num_modes = 10