center_x = 69.00266666666668
center_y = 63.42726666666665
center_z = 7.49014871794872
size_x = 22
size_y = 22
size_z = 22
energy_range = 9
exhaustiveness = 32
num_modes = 10