center_x = 71.04326119402991
center_y = 57.11681343283579
center_z = 16.10439552238806
size_x = 22
size_y = 22
size_z = 22
energy_range = 9
exhaustiveness = 32
num_modes = 10