center_x = 71.27816386554619
center_y = 63.13853781512605
center_z = 8.201873949579834
size_x = 22
size_y = 22
size_z = 22
energy_range = 9
exhaustiveness = 32
num_modes = 10