center_x = 70.98521726479143
center_y = 57.040999030067866
center_z = 15.85202909796315
size_x = 22
size_y = 22
size_z = 22
energy_range = 9
exhaustiveness = 32
num_modes = 10