center_x = 71.2888142857143
center_y = 58.70161785714285
center_z = 13.285989285714292
size_x = 22
size_y = 22
size_z = 22
energy_range = 9
exhaustiveness = 32
num_modes = 10