center_x = 70.60900970873784
center_y = 63.80869902912623
center_z = 7.233524271844658
size_x = 22
size_y = 22
size_z = 22
energy_range = 9
exhaustiveness = 32
num_modes = 10