center_x = 69.8298590604027
center_y = 53.29097315436239
center_z = 18.065597315436243
size_x = 22
size_y = 22
size_z = 22
energy_range = 9
exhaustiveness = 32
num_modes = 10