center_x = 69.82985906040268
center_y = 53.290973154362405
center_z = 18.06559731543624
size_x = 22
size_y = 22
size_z = 22
energy_range = 9
exhaustiveness = 32
num_modes = 10