center_x = 71.38190776699027
center_y = 66.77050970873786
center_z = 3.800378640776698
size_x = 22
size_y = 22
size_z = 22
energy_range = 9
exhaustiveness = 32
num_modes = 10