center_x = 70.11042933333339
center_y = 61.456296
center_z = 9.977525333333332
size_x = 22
size_y = 22
size_z = 22
energy_range = 9
exhaustiveness = 32
num_modes = 10