center_x = 71.07079562043796
center_y = 52.65963138686131
center_z = 21.573919708029194
size_x = 22
size_y = 22
size_z = 22
energy_range = 9
exhaustiveness = 32
num_modes = 10