center_x = 69.58628859060403
center_y = 53.04888590604023
center_z = 18.200671140939605
size_x = 22
size_y = 22
size_z = 22
energy_range = 9
exhaustiveness = 32
num_modes = 10