center_x = 70.80142000000001
center_y = 56.27612800000002
center_z = 16.225088000000003
size_x = 22
size_y = 22
size_z = 22
energy_range = 9
exhaustiveness = 32
num_modes = 10