center_x = 70.75868353265871
center_y = 56.62763477460904
center_z = 16.114863845446195
size_x = 22
size_y = 22
size_z = 22
energy_range = 9
exhaustiveness = 32
num_modes = 10