center_x = 71.169875
center_y = 60.12437499999999
center_z = 11.412959677419352
size_x = 22
size_y = 22
size_z = 22
energy_range = 9
exhaustiveness = 32
num_modes = 10