center_x = 70.75670434782609
center_y = 58.030417391304354
center_z = 14.334421739130434
size_x = 22
size_y = 22
size_z = 22
energy_range = 9
exhaustiveness = 32
num_modes = 10