center_x = 71.19742391304354
center_y = 63.55833695652175
center_z = 7.122380434782605
size_x = 22
size_y = 22
size_z = 22
energy_range = 9
exhaustiveness = 32
num_modes = 10