center_x = 69.58628859060408
center_y = 53.04888590604023
center_z = 18.2006711409396
size_x = 22
size_y = 22
size_z = 22
energy_range = 9
exhaustiveness = 32
num_modes = 10