center_x = 71.08103146853142
center_y = 62.26536713286715
center_z = 8.833349650349648
size_x = 22
size_y = 22
size_z = 22
energy_range = 9
exhaustiveness = 32
num_modes = 10