center_x = 70.74549999999999
center_y = 52.00596710526313
center_z = 22.17462828947368
size_x = 22
size_y = 22
size_z = 22
energy_range = 9
exhaustiveness = 32
num_modes = 10