center_x = 71.21407766990289
center_y = 66.42007766990295
center_z = 3.8326456310679617
size_x = 22
size_y = 22
size_z = 22
energy_range = 9
exhaustiveness = 32
num_modes = 10