center_x = 70.63544850498337
center_y = 56.50100000000003
center_z = 15.600358803986714
size_x = 22
size_y = 22
size_z = 22
energy_range = 9
exhaustiveness = 32
num_modes = 10