center_x = 5.570111607142858
center_y = -18.10833035714285
center_z = 25.91578571428575
size_x = 22
size_y = 22
size_z = 22
energy_range = 9
exhaustiveness = 32
num_modes = 10