center_x = 6.62845669291339
center_y = -16.992129921259842
center_z = 25.646283464566928
size_x = 22
size_y = 22
size_z = 22
energy_range = 9
exhaustiveness = 32
num_modes = 10