center_x = 6.869385080645161
center_y = -17.93542540322581
center_z = 25.197427419354817
size_x = 22
size_y = 22
size_z = 22
energy_range = 9
exhaustiveness = 32
num_modes = 10