center_x = 4.544506289308176
center_y = -17.936468553459125
center_z = 26.204594339622645
size_x = 22
size_y = 22
size_z = 22
energy_range = 9
exhaustiveness = 32
num_modes = 10