center_x = -2.755283536585368
center_y = -17.327698170731708
center_z = 30.59998780487809
size_x = 22
size_y = 22
size_z = 22
energy_range = 9
exhaustiveness = 32
num_modes = 10