center_x = 12.4157051835853
center_y = -18.919793736501067
center_z = 21.86475701943849
size_x = 22
size_y = 22
size_z = 22
energy_range = 9
exhaustiveness = 32
num_modes = 10