center_x = -2.0531450617283955
center_y = -17.376027777777793
center_z = 30.27229938271604
size_x = 22
size_y = 22
size_z = 22
energy_range = 9
exhaustiveness = 32
num_modes = 10