center_x = 7.112648083623702
center_y = -18.38063588850175
center_z = 24.872926829268263
size_x = 22
size_y = 22
size_z = 22
energy_range = 9
exhaustiveness = 32
num_modes = 10