center_x = -1.8228553459119496
center_y = -17.396430817610067
center_z = 30.22093710691823
size_x = 22
size_y = 22
size_z = 22
energy_range = 9
exhaustiveness = 32
num_modes = 10