center_x = -6.054111940298506
center_y = -17.04790671641791
center_z = 32.46299626865672
size_x = 22
size_y = 22
size_z = 22
energy_range = 9
exhaustiveness = 32
num_modes = 10