center_x = 16.303059523809523
center_y = -19.66814682539681
center_z = 19.83445238095238
size_x = 22
size_y = 22
size_z = 22
energy_range = 9
exhaustiveness = 32
num_modes = 10