center_x = 11.436717294900218
center_y = -18.79141906873613
center_z = 22.405682926829268
size_x = 22
size_y = 22
size_z = 22
energy_range = 9
exhaustiveness = 32
num_modes = 10