center_x = -7.431424242424242
center_y = -16.948570707070704
center_z = 33.20676767676769
size_x = 22
size_y = 22
size_z = 22
energy_range = 9
exhaustiveness = 32
num_modes = 10