center_x = 26.90647933884297
center_y = -20.827966942148763
center_z = 11.506628099173556
size_x = 22
size_y = 22
size_z = 22
energy_range = 9
exhaustiveness = 32
num_modes = 10