center_x = 14.691682926829264
center_y = -1.489886178861789
center_z = 9.19481300813008
size_x = 22
size_y = 22
size_z = 22
energy_range = 9
exhaustiveness = 32
num_modes = 10