center_x = 16.246352564102555
center_y = -1.7582115384615389
center_z = 24.623910256410262
size_x = 22
size_y = 22
size_z = 22
energy_range = 9
exhaustiveness = 32
num_modes = 10