center_x = 26.46329655172413
center_y = 11.862820689655166
center_z = 13.294724137931038
size_x = 22
size_y = 22
size_z = 22
energy_range = 9
exhaustiveness = 32
num_modes = 10