center_x = 2.2930370370370365
center_y = -10.07461481481482
center_z = 10.289459259259258
size_x = 22
size_y = 22
size_z = 22
energy_range = 9
exhaustiveness = 32
num_modes = 10