center_x = 11.45175263157895
center_y = -16.799668421052623
center_z = 13.650705263157892
size_x = 22
size_y = 22
size_z = 22
energy_range = 9
exhaustiveness = 32
num_modes = 10