center_x = 30.63551968503937
center_y = -19.51617322834646
center_z = 4.260251968503938
size_x = 22
size_y = 22
size_z = 22
energy_range = 9
exhaustiveness = 32
num_modes = 10