center_x = 20.341971428571423
center_y = -14.393114285714285
center_z = 2.8370999999999995
size_x = 22
size_y = 22
size_z = 22
energy_range = 9
exhaustiveness = 32
num_modes = 10