center_x = 21.993046875000005
center_y = 11.482291666666669
center_z = 19.71665104166666
size_x = 22
size_y = 22
size_z = 22
energy_range = 9
exhaustiveness = 32
num_modes = 10