center_x = 26.750436974789903
center_y = 0.6457016806722689
center_z = 7.2925798319327715
size_x = 22
size_y = 22
size_z = 22
energy_range = 9
exhaustiveness = 32
num_modes = 10