center_x = 12.46883088235294
center_y = -9.352845588235294
center_z = 6.954470588235294
size_x = 22
size_y = 22
size_z = 22
energy_range = 9
exhaustiveness = 32
num_modes = 10