center_x = 24.44476767676769
center_y = 3.643407407407409
center_z = 15.625538720538708
size_x = 22
size_y = 22
size_z = 22
energy_range = 9
exhaustiveness = 32
num_modes = 10