center_x = 3.46879
center_y = -9.486329999999995
center_z = 22.605270000000004
size_x = 22
size_y = 22
size_z = 22
energy_range = 9
exhaustiveness = 32
num_modes = 10