center_x = 31.847211155378503
center_y = -3.540250996015936
center_z = 21.254314741035863
size_x = 22
size_y = 22
size_z = 22
energy_range = 9
exhaustiveness = 32
num_modes = 10