center_x = -11.104464566929137
center_y = -11.642068241469818
center_z = 13.435860892388456
size_x = 22
size_y = 22
size_z = 22
energy_range = 9
exhaustiveness = 32
num_modes = 10