center_x = -24.88838374717835
center_y = -15.323966139954855
center_z = 26.05820767494357
size_x = 22
size_y = 22
size_z = 22
energy_range = 9
exhaustiveness = 32
num_modes = 10