center_x = -8.24230487804878
center_y = -10.237264227642278
center_z = 10.74294715447154
size_x = 22
size_y = 22
size_z = 22
energy_range = 9
exhaustiveness = 32
num_modes = 10