center_x = -25.847870813397137
center_y = -15.830081339712908
center_z = 25.687928229665072
size_x = 22
size_y = 22
size_z = 22
energy_range = 9
exhaustiveness = 32
num_modes = 10