center_x = -28.963084656084675
center_y = -14.762783068783074
center_z = 28.091391534391526
size_x = 22
size_y = 22
size_z = 22
energy_range = 9
exhaustiveness = 32
num_modes = 10