center_x = -24.928447004608294
center_y = -17.694769585253454
center_z = 25.19829493087559
size_x = 22
size_y = 22
size_z = 22
energy_range = 9
exhaustiveness = 32
num_modes = 10