center_x = -27.34588671874998
center_y = -18.642753906249997
center_z = 28.12567968750001
size_x = 22
size_y = 22
size_z = 22
energy_range = 9
exhaustiveness = 32
num_modes = 10