center_x = -24.727349397590334
center_y = -17.455771084337364
center_z = 26.318460843373497
size_x = 22
size_y = 22
size_z = 22
energy_range = 9
exhaustiveness = 32
num_modes = 10