center_x = -11.052741573033703
center_y = -11.640898876404489
center_z = 13.265898876404489
size_x = 22
size_y = 22
size_z = 22
energy_range = 9
exhaustiveness = 32
num_modes = 10