center_x = -11.704224543080937
center_y = -11.704631853785896
center_z = 13.757553524804187
size_x = 22
size_y = 22
size_z = 22
energy_range = 9
exhaustiveness = 32
num_modes = 10