center_x = -25.884917383821
center_y = -17.81081583476766
center_z = 26.640376936316677
size_x = 22
size_y = 22
size_z = 22
energy_range = 9
exhaustiveness = 32
num_modes = 10