center_x = -20.1020447761194
center_y = -15.501442786069653
center_z = 21.42625124378109
size_x = 22
size_y = 22
size_z = 22
energy_range = 9
exhaustiveness = 32
num_modes = 10