center_x = -19.800130303030308
center_y = -15.349412121212122
center_z = 21.159730303030308
size_x = 22
size_y = 22
size_z = 22
energy_range = 9
exhaustiveness = 32
num_modes = 10