center_x = -17.808213709677403
center_y = -14.490012096774189
center_z = 19.382814516129034
size_x = 22
size_y = 22
size_z = 22
energy_range = 9
exhaustiveness = 32
num_modes = 10