center_x = -17.292932370820655
center_y = -13.80719300911855
center_z = 19.082080547112444
size_x = 22
size_y = 22
size_z = 22
energy_range = 9
exhaustiveness = 32
num_modes = 10