center_x = -13.06475462962962
center_y = -12.38838425925926
center_z = 15.088624999999992
size_x = 22
size_y = 22
size_z = 22
energy_range = 9
exhaustiveness = 32
num_modes = 10