center_x = -14.31217080745342
center_y = -12.978009316770184
center_z = 16.193885093167705
size_x = 22
size_y = 22
size_z = 22
energy_range = 9
exhaustiveness = 32
num_modes = 10