center_x = -13.253208333333328
center_y = -12.471647727272725
center_z = 15.25424242424242
size_x = 22
size_y = 22
size_z = 22
energy_range = 9
exhaustiveness = 32
num_modes = 10