center_x = -10.83816809116808
center_y = -11.533612535612534
center_z = 13.206905982905996
size_x = 22
size_y = 22
size_z = 22
energy_range = 9
exhaustiveness = 32
num_modes = 10