center_x = -20.59088425925925
center_y = -15.74056481481482
center_z = 21.987263888888908
size_x = 22
size_y = 22
size_z = 22
energy_range = 9
exhaustiveness = 32
num_modes = 10