center_x = -11.354758223684213
center_y = -11.716590460526312
center_z = 13.573322368421046
size_x = 22
size_y = 22
size_z = 22
energy_range = 9
exhaustiveness = 32
num_modes = 10