center_x = -13.18060256410258
center_y = -12.53946153846153
center_z = 15.552641025641025
size_x = 22
size_y = 22
size_z = 22
energy_range = 9
exhaustiveness = 32
num_modes = 10