center_x = -17.296767151767177
center_y = -14.252417879417887
center_z = 18.895727650727647
size_x = 22
size_y = 22
size_z = 22
energy_range = 9
exhaustiveness = 32
num_modes = 10