center_x = 112.64051798561157
center_y = -2.1856690647482013
center_z = 7.8688848920863315
size_x = 22
size_y = 22
size_z = 22
energy_range = 9
exhaustiveness = 32
num_modes = 10