center_x = 103.45114545454544
center_y = -9.97698181818182
center_z = 19.26960909090909
size_x = 22
size_y = 22
size_z = 22
energy_range = 9
exhaustiveness = 32
num_modes = 10