center_x = 121.32625641025643
center_y = -0.9402051282051286
center_z = -0.5681858974358983
size_x = 22
size_y = 22
size_z = 22
energy_range = 9
exhaustiveness = 32
num_modes = 10