center_x = 121.99297499999996
center_y = -30.157083333333336
center_z = -12.09504166666667
size_x = 22
size_y = 22
size_z = 22
energy_range = 9
exhaustiveness = 32
num_modes = 10