center_x = 120.70797692307696
center_y = -17.968384615384622
center_z = -5.184899999999999
size_x = 22
size_y = 22
size_z = 22
energy_range = 9
exhaustiveness = 32
num_modes = 10