center_x = 105.59893406593405
center_y = -28.44787912087912
center_z = 1.6465384615384613
size_x = 22
size_y = 22
size_z = 22
energy_range = 9
exhaustiveness = 32
num_modes = 10