center_x = 117.11398319327738
center_y = -34.911210084033605
center_z = -1.5420420168067224
size_x = 22
size_y = 22
size_z = 22
energy_range = 9
exhaustiveness = 32
num_modes = 10