center_x = 104.64127826086956
center_y = -5.313052173913043
center_z = -1.5088173913043477
size_x = 22
size_y = 22
size_z = 22
energy_range = 9
exhaustiveness = 32
num_modes = 10