center_x = 110.1962659090908
center_y = -13.447584090909093
center_z = -4.279479545454541
size_x = 22
size_y = 22
size_z = 22
energy_range = 9
exhaustiveness = 32
num_modes = 10