center_x = 116.09807692307692
center_y = -33.717547008546994
center_z = 4.036042735042735
size_x = 22
size_y = 22
size_z = 22
energy_range = 9
exhaustiveness = 32
num_modes = 10