center_x = 110.439835443038
center_y = -25.367721518987334
center_z = 12.593367088607597
size_x = 22
size_y = 22
size_z = 22
energy_range = 9
exhaustiveness = 32
num_modes = 10