center_x = 110.03153623188405
center_y = 1.277478260869565
center_z = -2.580782608695653
size_x = 22
size_y = 22
size_z = 22
energy_range = 9
exhaustiveness = 32
num_modes = 10