center_x = 121.8968017241379
center_y = -23.659508620689657
center_z = 5.280129310344824
size_x = 22
size_y = 22
size_z = 22
energy_range = 9
exhaustiveness = 32
num_modes = 10