center_x = 115.7223602941177
center_y = -17.52723529411765
center_z = 16.924147058823532
size_x = 22
size_y = 22
size_z = 22
energy_range = 9
exhaustiveness = 32
num_modes = 10