center_x = 106.41786567164178
center_y = -33.5809104477612
center_z = 11.684283582089552
size_x = 22
size_y = 22
size_z = 22
energy_range = 9
exhaustiveness = 32
num_modes = 10