center_x = 119.43285093167698
center_y = -14.570496894409937
center_z = -13.20285093167701
size_x = 22
size_y = 22
size_z = 22
energy_range = 9
exhaustiveness = 32
num_modes = 10