center_x = 2.5496376811594224
center_y = 9.214492753623183
center_z = 13.297275362318848
size_x = 22
size_y = 22
size_z = 22
energy_range = 9
exhaustiveness = 32
num_modes = 10