center_x = 4.924472972972972
center_y = -14.884256756756756
center_z = 18.795189189189195
size_x = 22
size_y = 22
size_z = 22
energy_range = 9
exhaustiveness = 32
num_modes = 10