center_x = 8.109367999999998
center_y = 6.500735999999999
center_z = 17.813888
size_x = 22
size_y = 22
size_z = 22
energy_range = 9
exhaustiveness = 32
num_modes = 10