center_x = -23.49273154362416
center_y = 1.360208053691276
center_z = 2.932261744966444
size_x = 22
size_y = 22
size_z = 22
energy_range = 9
exhaustiveness = 32
num_modes = 10