center_x = -14.656937499999996
center_y = -8.825031250000004
center_z = 26.550947916666672
size_x = 22
size_y = 22
size_z = 22
energy_range = 9
exhaustiveness = 32
num_modes = 10