center_x = -5.456503703703706
center_y = -7.258977777777777
center_z = 21.71247407407406
size_x = 22
size_y = 22
size_z = 22
energy_range = 9
exhaustiveness = 32
num_modes = 10