center_x = -30.006457142857148
center_y = 12.294799999999997
center_z = 5.540249999999997
size_x = 22
size_y = 22
size_z = 22
energy_range = 9
exhaustiveness = 32
num_modes = 10