center_x = -32.473238095238095
center_y = 8.472780952380955
center_z = 12.967895238095236
size_x = 22
size_y = 22
size_z = 22
energy_range = 9
exhaustiveness = 32
num_modes = 10