center_x = -21.940597938144336
center_y = 8.58745360824743
center_z = -0.7600927835051546
size_x = 22
size_y = 22
size_z = 22
energy_range = 9
exhaustiveness = 32
num_modes = 10