center_x = -21.022806896551728
center_y = -8.956448275862064
center_z = 15.065813793103452
size_x = 22
size_y = 22
size_z = 22
energy_range = 9
exhaustiveness = 32
num_modes = 10