center_x = -19.380133858267712
center_y = -9.008992125984246
center_z = -4.795456692913383
size_x = 22
size_y = 22
size_z = 22
energy_range = 9
exhaustiveness = 32
num_modes = 10