center_x = -14.269675824175826
center_y = 9.029510989010989
center_z = 5.086104395604396
size_x = 22
size_y = 22
size_z = 22
energy_range = 9
exhaustiveness = 32
num_modes = 10