center_x = -13.23504918032787
center_y = -15.450377049180329
center_z = 10.073475409836067
size_x = 22
size_y = 22
size_z = 22
energy_range = 9
exhaustiveness = 32
num_modes = 10