center_x = -20.151135135135128
center_y = 4.930000000000001
center_z = 1.7554594594594597
size_x = 22
size_y = 22
size_z = 22
energy_range = 9
exhaustiveness = 32
num_modes = 10