center_x = -22.97639843749999
center_y = 11.720312499999997
center_z = 10.747140625000002
size_x = 22
size_y = 22
size_z = 22
energy_range = 9
exhaustiveness = 32
num_modes = 10