center_x = -22.427032258064514
center_y = -0.6096370967741932
center_z = 8.53249193548387
size_x = 22
size_y = 22
size_z = 22
energy_range = 9
exhaustiveness = 32
num_modes = 10