center_x = -13.345416666666669
center_y = -6.865486111111111
center_z = -8.08613888888889
size_x = 22
size_y = 22
size_z = 22
energy_range = 9
exhaustiveness = 32
num_modes = 10