center_x = -17.80702777777778
center_y = 15.033180555555557
center_z = 12.382277777777777
size_x = 22
size_y = 22
size_z = 22
energy_range = 9
exhaustiveness = 32
num_modes = 10