center_x = 6.4858613861386125
center_y = -35.61165346534653
center_z = 40.17752475247524
size_x = 22
size_y = 22
size_z = 22
energy_range = 9
exhaustiveness = 32
num_modes = 10