center_x = 4.147029126213591
center_y = -33.65690291262134
center_z = 7.291029126213589
size_x = 22
size_y = 22
size_z = 22
energy_range = 9
exhaustiveness = 32
num_modes = 10