center_x = 18.429185714285712
center_y = -21.187792857142863
center_z = 15.99078571428572
size_x = 22
size_y = 22
size_z = 22
energy_range = 9
exhaustiveness = 32
num_modes = 10