center_x = -17.765892307692308
center_y = -13.19453846153846
center_z = 45.43617692307692
size_x = 22
size_y = 22
size_z = 22
energy_range = 9
exhaustiveness = 32
num_modes = 10