center_x = 8.283203252032518
center_y = -31.10475609756097
center_z = 7.843073170731713
size_x = 22
size_y = 22
size_z = 22
energy_range = 9
exhaustiveness = 32
num_modes = 10