center_x = -24.715671755725197
center_y = -16.599213740458023
center_z = 28.77876335877863
size_x = 22
size_y = 22
size_z = 22
energy_range = 9
exhaustiveness = 32
num_modes = 10