center_x = -5.026875
center_y = -7.397891666666669
center_z = 40.29317499999999
size_x = 22
size_y = 22
size_z = 22
energy_range = 9
exhaustiveness = 32
num_modes = 10