center_x = -6.029486486486488
center_y = -48.994927927927925
center_z = 27.02418918918919
size_x = 22
size_y = 22
size_z = 22
energy_range = 9
exhaustiveness = 32
num_modes = 10