center_x = -5.035717741935485
center_y = -46.93045967741936
center_z = 33.82487096774193
size_x = 22
size_y = 22
size_z = 22
energy_range = 9
exhaustiveness = 32
num_modes = 10