center_x = -6.64638260869565
center_y = -38.9186347826087
center_z = 35.9446347826087
size_x = 22
size_y = 22
size_z = 22
energy_range = 9
exhaustiveness = 32
num_modes = 10