center_x = -29.476963302752303
center_y = -21.65783486238531
center_z = 29.542385321100934
size_x = 22
size_y = 22
size_z = 22
energy_range = 9
exhaustiveness = 32
num_modes = 10