center_x = -26.09999342105263
center_y = -14.324453947368417
center_z = 23.87136842105264
size_x = 22
size_y = 22
size_z = 22
energy_range = 9
exhaustiveness = 32
num_modes = 10