center_x = -21.219079999999995
center_y = -23.878073333333337
center_z = 38.050540000000005
size_x = 22
size_y = 22
size_z = 22
energy_range = 9
exhaustiveness = 32
num_modes = 10