center_x = -8.104487603305786
center_y = -1.7643636363636364
center_z = 35.242355371900835
size_x = 22
size_y = 22
size_z = 22
energy_range = 9
exhaustiveness = 32
num_modes = 10