center_x = -5.2655954198473305
center_y = -42.83478625954199
center_z = 19.95025954198473
size_x = 22
size_y = 22
size_z = 22
energy_range = 9
exhaustiveness = 32
num_modes = 10