center_x = -11.1544598540146
center_y = -42.81066423357665
center_z = 23.869963503649625
size_x = 22
size_y = 22
size_z = 22
energy_range = 9
exhaustiveness = 32
num_modes = 10