center_x = -4.20697310126582
center_y = -19.35862658227848
center_z = 33.95051265822785
size_x = 22
size_y = 22
size_z = 22
energy_range = 9
exhaustiveness = 32
num_modes = 10