center_x = -9.793466101694912
center_y = -10.158601694915257
center_z = 43.93079661016949
size_x = 22
size_y = 22
size_z = 22
energy_range = 9
exhaustiveness = 32
num_modes = 10