center_x = -16.677697986577183
center_y = -14.959684563758396
center_z = 17.674073825503342
size_x = 22
size_y = 22
size_z = 22
energy_range = 9
exhaustiveness = 32
num_modes = 10