center_x = -16.021070707070706
center_y = -38.66568686868687
center_z = 31.24783838383838
size_x = 22
size_y = 22
size_z = 22
energy_range = 9
exhaustiveness = 32
num_modes = 10