center_x = -7.59084105960265
center_y = -9.806887417218546
center_z = 18.903728476821183
size_x = 22
size_y = 22
size_z = 22
energy_range = 9
exhaustiveness = 32
num_modes = 10