center_x = -5.135625000000001
center_y = -32.77668333333333
center_z = 40.95036666666668
size_x = 22
size_y = 22
size_z = 22
energy_range = 9
exhaustiveness = 32
num_modes = 10