center_x = 8.726597938144334
center_y = -43.4350206185567
center_z = 25.334010309278355
size_x = 22
size_y = 22
size_z = 22
energy_range = 9
exhaustiveness = 32
num_modes = 10