center_x = 12.615173076923082
center_y = -23.446961538461533
center_z = 31.21868269230769
size_x = 22
size_y = 22
size_z = 22
energy_range = 9
exhaustiveness = 32
num_modes = 10