center_x = 6.434131004366811
center_y = -33.68572925764193
center_z = 27.85866812227076
size_x = 22
size_y = 22
size_z = 22
energy_range = 9
exhaustiveness = 32
num_modes = 10