center_x = 16.426568862275452
center_y = -27.0735628742515
center_z = 27.538389221556898
size_x = 22
size_y = 22
size_z = 22
energy_range = 9
exhaustiveness = 32
num_modes = 10