center_x = 26.7741338582677
center_y = 70.07135039370078
center_z = 24.5996692913386
size_x = 22
size_y = 22
size_z = 22
energy_range = 9
exhaustiveness = 32
num_modes = 10