center_x = 12.245598214285712
center_y = 50.51805357142855
center_z = 24.26446428571427
size_x = 22
size_y = 22
size_z = 22
energy_range = 9
exhaustiveness = 32
num_modes = 10