center_x = 1.527872093023256
center_y = 51.42571511627909
center_z = 21.358936046511637
size_x = 22
size_y = 22
size_z = 22
energy_range = 9
exhaustiveness = 32
num_modes = 10