center_x = 9.534844897959172
center_y = 54.351669387755
center_z = 22.11228571428571
size_x = 22
size_y = 22
size_z = 22
energy_range = 9
exhaustiveness = 32
num_modes = 10