center_x = 18.925878151260505
center_y = 65.79552941176469
center_z = 27.047441176470578
size_x = 22
size_y = 22
size_z = 22
energy_range = 9
exhaustiveness = 32
num_modes = 10