center_x = 33.049674242424224
center_y = 73.04720454545455
center_z = 16.093628787878796
size_x = 22
size_y = 22
size_z = 22
energy_range = 9
exhaustiveness = 32
num_modes = 10