center_x = 25.45902244668911
center_y = 65.97526599326598
center_z = 25.66862850729519
size_x = 22
size_y = 22
size_z = 22
energy_range = 9
exhaustiveness = 32
num_modes = 10