center_x = 34.198004587155985
center_y = 72.27904128440368
center_z = 28.95240825688072
size_x = 22
size_y = 22
size_z = 22
energy_range = 9
exhaustiveness = 32
num_modes = 10