center_x = 9.233160341555989
center_y = 51.6973026565465
center_z = 24.882872865275157
size_x = 22
size_y = 22
size_z = 22
energy_range = 9
exhaustiveness = 32
num_modes = 10