center_x = 2.787924242424244
center_y = 40.85014772727271
center_z = 30.854458333333355
size_x = 22
size_y = 22
size_z = 22
energy_range = 9
exhaustiveness = 32
num_modes = 10