center_x = 12.438322580645158
center_y = 58.74561612903231
center_z = 28.20482258064516
size_x = 22
size_y = 22
size_z = 22
energy_range = 9
exhaustiveness = 32
num_modes = 10