center_x = 32.470316091954025
center_y = 72.05341379310339
center_z = 27.406954022988497
size_x = 22
size_y = 22
size_z = 22
energy_range = 9
exhaustiveness = 32
num_modes = 10