center_x = 3.44751913875598
center_y = 41.278880382775085
center_z = 25.514239234449764
size_x = 22
size_y = 22
size_z = 22
energy_range = 9
exhaustiveness = 32
num_modes = 10