center_x = 3.224800000000001
center_y = 45.0047069767442
center_z = 27.066755813953463
size_x = 22
size_y = 22
size_z = 22
energy_range = 9
exhaustiveness = 32
num_modes = 10