center_x = 56.21538926174495
center_y = -37.663033557046994
center_z = -98.04419463087248
size_x = 22
size_y = 22
size_z = 22
energy_range = 9
exhaustiveness = 32
num_modes = 10