center_x = 29.74997435897436
center_y = -12.60126282051282
center_z = -108.41629487179488
size_x = 22
size_y = 22
size_z = 22
energy_range = 9
exhaustiveness = 32
num_modes = 10