center_x = 47.77133333333335
center_y = -22.586070588235295
center_z = -109.6582862745097
size_x = 22
size_y = 22
size_z = 22
energy_range = 9
exhaustiveness = 32
num_modes = 10