center_x = 53.66753086419754
center_y = -20.787086419753084
center_z = -110.5923827160494
size_x = 22
size_y = 22
size_z = 22
energy_range = 9
exhaustiveness = 32
num_modes = 10