center_x = 59.88184916201116
center_y = -25.66181564245809
center_z = -100.58695530726256
size_x = 22
size_y = 22
size_z = 22
energy_range = 9
exhaustiveness = 32
num_modes = 10