center_x = 59.78970175438596
center_y = -27.083719298245608
center_z = -93.1540994152047
size_x = 22
size_y = 22
size_z = 22
energy_range = 9
exhaustiveness = 32
num_modes = 10