center_x = 26.88895375722544
center_y = -26.479514450867057
center_z = -97.68110404624278
size_x = 22
size_y = 22
size_z = 22
energy_range = 9
exhaustiveness = 32
num_modes = 10