center_x = 50.15311999999998
center_y = -33.40978666666667
center_z = -106.53984
size_x = 22
size_y = 22
size_z = 22
energy_range = 9
exhaustiveness = 32
num_modes = 10