center_x = 46.19941964285714
center_y = -36.061875
center_z = -104.1117678571428
size_x = 22
size_y = 22
size_z = 22
energy_range = 9
exhaustiveness = 32
num_modes = 10