center_x = 34.360163934426225
center_y = -37.1412049180328
center_z = -90.01265573770492
size_x = 22
size_y = 22
size_z = 22
energy_range = 9
exhaustiveness = 32
num_modes = 10