center_x = 43.51315282392026
center_y = -18.284126245847183
center_z = -93.54473089701
size_x = 22
size_y = 22
size_z = 22
energy_range = 9
exhaustiveness = 32
num_modes = 10