center_x = 43.45891129032256
center_y = -38.86516935483872
center_z = -95.1028387096774
size_x = 22
size_y = 22
size_z = 22
energy_range = 9
exhaustiveness = 32
num_modes = 10