center_x = 38.715761006289306
center_y = -31.615289308176106
center_z = -83.63945283018869
size_x = 22
size_y = 22
size_z = 22
energy_range = 9
exhaustiveness = 32
num_modes = 10