center_x = 22.75490265486724
center_y = -11.77381415929204
center_z = -104.83492920353982
size_x = 22
size_y = 22
size_z = 22
energy_range = 9
exhaustiveness = 32
num_modes = 10