center_x = 30.92418478260869
center_y = -20.6476847826087
center_z = -109.075402173913
size_x = 22
size_y = 22
size_z = 22
energy_range = 9
exhaustiveness = 32
num_modes = 10