center_x = 37.95728318584073
center_y = -34.12570796460179
center_z = -97.25738053097348
size_x = 22
size_y = 22
size_z = 22
energy_range = 9
exhaustiveness = 32
num_modes = 10