center_x = -28.588902912621364
center_y = -20.726242718446592
center_z = -30.947592233009694
size_x = 22
size_y = 22
size_z = 22
energy_range = 9
exhaustiveness = 32
num_modes = 10