center_x = -10.839162162162168
center_y = -21.89536936936937
center_z = 13.11689189189189
size_x = 22
size_y = 22
size_z = 22
energy_range = 9
exhaustiveness = 32
num_modes = 10