center_x = -10.22467808219178
center_y = -6.690970319634706
center_z = -27.82127168949772
size_x = 22
size_y = 22
size_z = 22
energy_range = 9
exhaustiveness = 32
num_modes = 10