center_x = -27.55003478260872
center_y = -26.78943478260869
center_z = 8.474304347826088
size_x = 22
size_y = 22
size_z = 22
energy_range = 9
exhaustiveness = 32
num_modes = 10