center_x = -18.663356275303663
center_y = -19.633846153846168
center_z = 10.155862348178134
size_x = 22
size_y = 22
size_z = 22
energy_range = 9
exhaustiveness = 32
num_modes = 10