center_x = -23.57357653061224
center_y = -22.548974489795924
center_z = -24.082178571428567
size_x = 22
size_y = 22
size_z = 22
energy_range = 9
exhaustiveness = 32
num_modes = 10