center_x = -26.687490616622025
center_y = -13.06581769436998
center_z = 16.42113672922252
size_x = 22
size_y = 22
size_z = 22
energy_range = 9
exhaustiveness = 32
num_modes = 10