center_x = -20.551051999999988
center_y = -5.809815999999997
center_z = -0.8475399999999993
size_x = 22
size_y = 22
size_z = 22
energy_range = 9
exhaustiveness = 32
num_modes = 10