center_x = -9.246714285714283
center_y = -21.90869523809524
center_z = 8.146514285714286
size_x = 22
size_y = 22
size_z = 22
energy_range = 9
exhaustiveness = 32
num_modes = 10