center_x = -14.590853107344634
center_y = -6.493632768361583
center_z = 20.83332768361581
size_x = 22
size_y = 22
size_z = 22
energy_range = 9
exhaustiveness = 32
num_modes = 10