center_x = -15.347725490196083
center_y = 11.443411764705878
center_z = -3.591264705882355
size_x = 22
size_y = 22
size_z = 22
energy_range = 9
exhaustiveness = 32
num_modes = 10