center_x = -25.990242622950824
center_y = -8.476363934426226
center_z = -26.799554098360648
size_x = 22
size_y = 22
size_z = 22
energy_range = 9
exhaustiveness = 32
num_modes = 10