center_x = -20.98867741935485
center_y = -13.33356129032258
center_z = 24.30919354838709
size_x = 22
size_y = 22
size_z = 22
energy_range = 9
exhaustiveness = 32
num_modes = 10