center_x = -12.859653846153844
center_y = 3.516365384615384
center_z = -31.86732692307693
size_x = 22
size_y = 22
size_z = 22
energy_range = 9
exhaustiveness = 32
num_modes = 10