center_x = -10.12968525896414
center_y = -18.442952191235072
center_z = -23.76217529880478
size_x = 22
size_y = 22
size_z = 22
energy_range = 9
exhaustiveness = 32
num_modes = 10