center_x = -16.753294642857142
center_y = -17.341392857142854
center_z = -33.53066964285714
size_x = 22
size_y = 22
size_z = 22
energy_range = 9
exhaustiveness = 32
num_modes = 10