center_x = -10.872474452554744
center_y = -15.969817518248174
center_z = 19.85095620437956
size_x = 22
size_y = 22
size_z = 22
energy_range = 9
exhaustiveness = 32
num_modes = 10