center_x = -19.035554945054944
center_y = 6.207774725274725
center_z = 21.904785714285712
size_x = 22
size_y = 22
size_z = 22
energy_range = 9
exhaustiveness = 32
num_modes = 10