center_x = -31.156310734463283
center_y = -9.61743502824858
center_z = -9.854581920903954
size_x = 22
size_y = 22
size_z = 22
energy_range = 9
exhaustiveness = 32
num_modes = 10