center_x = -21.905099999999997
center_y = -6.024727272727273
center_z = -34.38888181818181
size_x = 22
size_y = 22
size_z = 22
energy_range = 9
exhaustiveness = 32
num_modes = 10