center_x = -33.000259493670896
center_y = -18.585462025316453
center_z = -20.952367088607577
size_x = 22
size_y = 22
size_z = 22
energy_range = 9
exhaustiveness = 32
num_modes = 10