center_x = -33.495588888888896
center_y = -16.02958888888888
center_z = -33.13954444444443
size_x = 22
size_y = 22
size_z = 22
energy_range = 9
exhaustiveness = 32
num_modes = 10