center_x = -29.90935416666667
center_y = -14.576999999999993
center_z = -0.0699270833333333
size_x = 22
size_y = 22
size_z = 22
energy_range = 9
exhaustiveness = 32
num_modes = 10