center_x = -17.462940149625947
center_y = -10.344605985037411
center_z = 8.051164588528671
size_x = 22
size_y = 22
size_z = 22
energy_range = 9
exhaustiveness = 32
num_modes = 10