center_x = -13.653418604651163
center_y = 9.608441860465115
center_z = -19.02987209302325
size_x = 22
size_y = 22
size_z = 22
energy_range = 9
exhaustiveness = 32
num_modes = 10