center_x = -24.85431460674157
center_y = -25.613483146067423
center_z = -15.578382022471912
size_x = 22
size_y = 22
size_z = 22
energy_range = 9
exhaustiveness = 32
num_modes = 10