center_x = -24.62110738255034
center_y = -25.14689932885907
center_z = 18.39638255033557
size_x = 22
size_y = 22
size_z = 22
energy_range = 9
exhaustiveness = 32
num_modes = 10