center_x = 3.364223404255316
center_y = 16.980234042553185
center_z = -4.02228723404255
size_x = 22
size_y = 22
size_z = 22
energy_range = 9
exhaustiveness = 32
num_modes = 10