center_x = 16.248304054054056
center_y = 30.02170270270271
center_z = 0.0928851351351354
size_x = 22
size_y = 22
size_z = 22
energy_range = 9
exhaustiveness = 32
num_modes = 10