center_x = 11.523711462450592
center_y = 28.212043478260885
center_z = -6.841150197628451
size_x = 22
size_y = 22
size_z = 22
energy_range = 9
exhaustiveness = 32
num_modes = 10