center_x = 9.264868852459015
center_y = 10.22174590163934
center_z = 4.363745901639343
size_x = 22
size_y = 22
size_z = 22
energy_range = 9
exhaustiveness = 32
num_modes = 10