center_x = 25.02680575539567
center_y = 18.748748201438836
center_z = -17.47998561151079
size_x = 22
size_y = 22
size_z = 22
energy_range = 9
exhaustiveness = 32
num_modes = 10