center_x = 23.506888888888884
center_y = 3.850308641975309
center_z = -6.39116049382716
size_x = 22
size_y = 22
size_z = 22
energy_range = 9
exhaustiveness = 32
num_modes = 10