center_x = 13.513078212290496
center_y = 13.784217877094967
center_z = -15.706787709497208
size_x = 22
size_y = 22
size_z = 22
energy_range = 9
exhaustiveness = 32
num_modes = 10