center_x = 9.266353535353536
center_y = 1.608414141414142
center_z = -5.827909090909087
size_x = 22
size_y = 22
size_z = 22
energy_range = 9
exhaustiveness = 32
num_modes = 10