center_x = 17.730120481927703
center_y = 5.10827108433735
center_z = -12.39932530120482
size_x = 22
size_y = 22
size_z = 22
energy_range = 9
exhaustiveness = 32
num_modes = 10