center_x = -8.487691176470591
center_y = -31.129264705882356
center_z = 2.5801470588235302
size_x = 22
size_y = 22
size_z = 22
energy_range = 9
exhaustiveness = 32
num_modes = 10