center_x = -5.240677685950414
center_y = -47.45403305785126
center_z = -17.9044958677686
size_x = 22
size_y = 22
size_z = 22
energy_range = 9
exhaustiveness = 32
num_modes = 10