center_x = -18.86287684729065
center_y = -11.675502463054192
center_z = -10.77420689655172
size_x = 22
size_y = 22
size_z = 22
energy_range = 9
exhaustiveness = 32
num_modes = 10