center_x = 10.692111111111112
center_y = -36.76425396825395
center_z = 4.936071428571431
size_x = 22
size_y = 22
size_z = 22
energy_range = 9
exhaustiveness = 32
num_modes = 10