receptor = data/6jb0/6jb0_ligand.pdbqt
ligand = data/6jb0/6jb0_protein.pdbqt
center_x = -7.190347417840376
center_y = -34.26690140845069
center_z = -15.84065258215963
size_x = 25.373305164319248
size_y = 25.99419718309862
size_z = 20.84669483568074
energy_range = 9
exhaustiveness = 32
num_modes = 10