center_x = -12.375050314465408
center_y = -25.15864150943395
center_z = -19.215408805031444
size_x = 22
size_y = 22
size_z = 22
energy_range = 9
exhaustiveness = 32
num_modes = 10