center_x = 18.56520175438596
center_y = -25.20909649122808
center_z = -4.527070175438596
size_x = 22
size_y = 22
size_z = 22
energy_range = 9
exhaustiveness = 32
num_modes = 10