center_x = -15.868955555555551
center_y = -31.560399999999987
center_z = -33.20493333333333
size_x = 22
size_y = 22
size_z = 22
energy_range = 9
exhaustiveness = 32
num_modes = 10