center_x = -25.189384
center_y = -25.342655999999984
center_z = -18.722504
size_x = 22
size_y = 22
size_z = 22
energy_range = 9
exhaustiveness = 32
num_modes = 10