center_x = 10.093692857142852
center_y = -30.701571428571413
center_z = 7.290564285714287
size_x = 22
size_y = 22
size_z = 22
energy_range = 9
exhaustiveness = 32
num_modes = 10