center_x = -15.574452380952383
center_y = -35.37491666666665
center_z = -3.679767857142857
size_x = 22
size_y = 22
size_z = 22
energy_range = 9
exhaustiveness = 32
num_modes = 10