center_x = -12.434800000000005
center_y = -47.122466666666654
center_z = -27.839590476190487
size_x = 22
size_y = 22
size_z = 22
energy_range = 9
exhaustiveness = 32
num_modes = 10