center_x = 0.0137875000000005
center_y = -48.43126875000002
center_z = -7.625193749999998
size_x = 22
size_y = 22
size_z = 22
energy_range = 9
exhaustiveness = 32
num_modes = 10