center_x = 9.894371428571423
center_y = -18.3508761904762
center_z = -12.853895238095236
size_x = 22
size_y = 22
size_z = 22
energy_range = 9
exhaustiveness = 32
num_modes = 10