center_x = -23.212426136363646
center_y = -44.53113068181817
center_z = -10.756238636363635
size_x = 22
size_y = 22
size_z = 22
energy_range = 9
exhaustiveness = 32
num_modes = 10