center_x = 0.9648978102189772
center_y = -29.61330656934305
center_z = 4.328058394160585
size_x = 22
size_y = 22
size_z = 22
energy_range = 9
exhaustiveness = 32
num_modes = 10