center_x = 15.346704225352113
center_y = -32.76725352112677
center_z = -13.389140845070418
size_x = 22
size_y = 22
size_z = 22
energy_range = 9
exhaustiveness = 32
num_modes = 10