center_x = -14.715229007633583
center_y = -20.333541984732825
center_z = -7.655351145038166
size_x = 22
size_y = 22
size_z = 22
energy_range = 9
exhaustiveness = 32
num_modes = 10