center_x = -2.7742599999999995
center_y = -7.017890000000002
center_z = -5.618529999999998
size_x = 22
size_y = 22
size_z = 22
energy_range = 9
exhaustiveness = 32
num_modes = 10