center_x = -22.808475
center_y = -50.6095875
center_z = -31.763575000000003
size_x = 22
size_y = 22
size_z = 22
energy_range = 9
exhaustiveness = 32
num_modes = 10