center_x = -17.894825757575756
center_y = -29.489507575757568
center_z = -7.647325757575757
size_x = 22
size_y = 22
size_z = 22
energy_range = 9
exhaustiveness = 32
num_modes = 10