center_x = -22.074357142857146
center_y = -23.400596638655475
center_z = -13.38529411764706
size_x = 22
size_y = 22
size_z = 22
energy_range = 9
exhaustiveness = 32
num_modes = 10