center_x = -11.127870129870132
center_y = -51.99372727272727
center_z = -8.16053246753247
size_x = 22
size_y = 22
size_z = 22
energy_range = 9
exhaustiveness = 32
num_modes = 10