center_x = -12.282966666666672
center_y = -50.58262499999999
center_z = -15.941691666666674
size_x = 22
size_y = 22
size_z = 22
energy_range = 9
exhaustiveness = 32
num_modes = 10