center_x = 6.129953271028036
center_y = -10.115177570093458
center_z = -11.409616822429909
size_x = 22
size_y = 22
size_z = 22
energy_range = 9
exhaustiveness = 32
num_modes = 10