center_x = 10.127937888198758
center_y = -19.15871428571428
center_z = -2.898024844720498
size_x = 22
size_y = 22
size_z = 22
energy_range = 9
exhaustiveness = 32
num_modes = 10