center_x = 0.8938959999999998
center_y = -31.775248
center_z = -19.46138399999999
size_x = 22
size_y = 22
size_z = 22
energy_range = 9
exhaustiveness = 32
num_modes = 10