center_x = 1.8550437956204375
center_y = -41.1282408759124
center_z = 0.039941605839416
size_x = 22
size_y = 22
size_z = 22
energy_range = 9
exhaustiveness = 32
num_modes = 10