center_x = -19.925380952380948
center_y = -46.04539285714287
center_z = -5.161214285714287
size_x = 22
size_y = 22
size_z = 22
energy_range = 9
exhaustiveness = 32
num_modes = 10