center_x = -8.147183673469392
center_y = 34.88614285714288
center_z = 5.5706530612244896
size_x = 22
size_y = 22
size_z = 22
energy_range = 9
exhaustiveness = 32
num_modes = 10