center_x = -22.03659760956176
center_y = 45.58812749003987
center_z = 10.078828685258966
size_x = 22
size_y = 22
size_z = 22
energy_range = 9
exhaustiveness = 32
num_modes = 10