center_x = -13.965083969465644
center_y = 32.981
center_z = -5.641374045801528
size_x = 22
size_y = 22
size_z = 22
energy_range = 9
exhaustiveness = 32
num_modes = 10