center_x = -25.07927407407408
center_y = 50.13885925925923
center_z = 7.701999999999998
size_x = 22
size_y = 22
size_z = 22
energy_range = 9
exhaustiveness = 32
num_modes = 10