center_x = -3.6794158415841576
center_y = 36.27982178217822
center_z = -7.3260891089108915
size_x = 22
size_y = 22
size_z = 22
energy_range = 9
exhaustiveness = 32
num_modes = 10