center_x = -0.1934714285714286
center_y = 45.56581428571428
center_z = -9.213557142857146
size_x = 22
size_y = 22
size_z = 22
energy_range = 9
exhaustiveness = 32
num_modes = 10