center_x = 22.42579365079365
center_y = 22.359103174603177
center_z = 42.28936507936508
size_x = 22
size_y = 22
size_z = 22
energy_range = 9
exhaustiveness = 32
num_modes = 10