center_x = 58.45577304964537
center_y = 93.4763546099291
center_z = 49.668070921985816
size_x = 22
size_y = 22
size_z = 22
energy_range = 9
exhaustiveness = 32
num_modes = 10