center_x = 56.920415492957744
center_y = 69.53778169014083
center_z = 32.220007042253535
size_x = 22
size_y = 22
size_z = 22
energy_range = 9
exhaustiveness = 32
num_modes = 10