center_x = 70.83881538461539
center_y = 83.4763846153846
center_z = 39.1671076923077
size_x = 22
size_y = 22
size_z = 22
energy_range = 9
exhaustiveness = 32
num_modes = 10