center_x = 14.988277533039644
center_y = 45.35619383259913
center_z = 21.843577092511005
size_x = 22
size_y = 22
size_z = 22
energy_range = 9
exhaustiveness = 32
num_modes = 10