center_x = 5.075469798657717
center_y = 22.62986577181208
center_z = 42.88283221476511
size_x = 22
size_y = 22
size_z = 22
energy_range = 9
exhaustiveness = 32
num_modes = 10