center_x = 45.41432558139537
center_y = 68.33040697674416
center_z = 24.19301162790698
size_x = 22
size_y = 22
size_z = 22
energy_range = 9
exhaustiveness = 32
num_modes = 10