center_x = 45.60011038961038
center_y = 57.92604545454547
center_z = 37.97893506493506
size_x = 22
size_y = 22
size_z = 22
energy_range = 9
exhaustiveness = 32
num_modes = 10