center_x = 8.428246835443039
center_y = 46.62622151898735
center_z = 41.98310759493672
size_x = 22
size_y = 22
size_z = 22
energy_range = 9
exhaustiveness = 32
num_modes = 10