center_x = 58.96671372549018
center_y = 84.37078431372548
center_z = 42.88473333333331
size_x = 22
size_y = 22
size_z = 22
energy_range = 9
exhaustiveness = 32
num_modes = 10