center_x = 59.76881132075469
center_y = 77.47962893081763
center_z = 53.28628301886791
size_x = 22
size_y = 22
size_z = 22
energy_range = 9
exhaustiveness = 32
num_modes = 10