center_x = 10.853670886075951
center_y = 47.72900000000001
center_z = 51.306240506329104
size_x = 22
size_y = 22
size_z = 22
energy_range = 9
exhaustiveness = 32
num_modes = 10