center_x = 28.67475590551181
center_y = 67.01282677165355
center_z = 37.619511811023614
size_x = 22
size_y = 22
size_z = 22
energy_range = 9
exhaustiveness = 32
num_modes = 10