center_x = 45.000986928104574
center_y = 71.77968300653592
center_z = 38.23359150326798
size_x = 22
size_y = 22
size_z = 22
energy_range = 9
exhaustiveness = 32
num_modes = 10