center_x = 16.129776315789474
center_y = 61.89102631578948
center_z = 28.598782894736857
size_x = 22
size_y = 22
size_z = 22
energy_range = 9
exhaustiveness = 32
num_modes = 10