center_x = 9.238517006802724
center_y = 23.730496598639466
center_z = 33.98095238095237
size_x = 22
size_y = 22
size_z = 22
energy_range = 9
exhaustiveness = 32
num_modes = 10