center_x = 54.78274390243903
center_y = 73.34502439024392
center_z = 54.72286585365853
size_x = 22
size_y = 22
size_z = 22
energy_range = 9
exhaustiveness = 32
num_modes = 10