center_x = 52.87665789473685
center_y = 75.43630263157894
center_z = 37.05359868421053
size_x = 22
size_y = 22
size_z = 22
energy_range = 9
exhaustiveness = 32
num_modes = 10