center_x = 49.05947524752476
center_y = 82.22254455445545
center_z = 53.41016831683169
size_x = 22
size_y = 22
size_z = 22
energy_range = 9
exhaustiveness = 32
num_modes = 10