center_x = 8.893178571428573
center_y = 37.16406428571428
center_z = 42.8010357142857
size_x = 22
size_y = 22
size_z = 22
energy_range = 9
exhaustiveness = 32
num_modes = 10