center_x = 28.42920289855073
center_y = 28.787485507246377
center_z = 36.39492753623191
size_x = 22
size_y = 22
size_z = 22
energy_range = 9
exhaustiveness = 32
num_modes = 10