center_x = 65.93709090909094
center_y = 81.25950303030307
center_z = 44.75938787878788
size_x = 22
size_y = 22
size_z = 22
energy_range = 9
exhaustiveness = 32
num_modes = 10