center_x = 23.431076335877865
center_y = 60.62461832061069
center_z = 40.33608396946565
size_x = 22
size_y = 22
size_z = 22
energy_range = 9
exhaustiveness = 32
num_modes = 10