center_x = 55.21993457943925
center_y = -61.45296261682243
center_z = 13.98251401869159
size_x = 22
size_y = 22
size_z = 22
energy_range = 9
exhaustiveness = 32
num_modes = 10