center_x = 18.925052631578943
center_y = -41.75991866028706
center_z = -15.848894736842098
size_x = 22
size_y = 22
size_z = 22
energy_range = 9
exhaustiveness = 32
num_modes = 10