center_x = 43.90225984251969
center_y = -35.92744488188975
center_z = 10.51386614173228
size_x = 22
size_y = 22
size_z = 22
energy_range = 9
exhaustiveness = 32
num_modes = 10