center_x = 40.47631623931621
center_y = -43.63892307692305
center_z = -14.272837606837609
size_x = 22
size_y = 22
size_z = 22
energy_range = 9
exhaustiveness = 32
num_modes = 10