center_x = 43.65372058823531
center_y = -39.13563970588236
center_z = -5.164779411764706
size_x = 22
size_y = 22
size_z = 22
energy_range = 9
exhaustiveness = 32
num_modes = 10