center_x = 59.07044047619045
center_y = -52.11488095238096
center_z = 15.167476190476185
size_x = 22
size_y = 22
size_z = 22
energy_range = 9
exhaustiveness = 32
num_modes = 10