center_x = 29.883447999999984
center_y = -41.323648
center_z = 28.076599999999992
size_x = 22
size_y = 22
size_z = 22
energy_range = 9
exhaustiveness = 32
num_modes = 10