center_x = 19.948880239520967
center_y = -34.04581437125749
center_z = 13.48680239520958
size_x = 22
size_y = 22
size_z = 22
energy_range = 9
exhaustiveness = 32
num_modes = 10