center_x = 23.87807563025211
center_y = -48.48255462184876
center_z = -15.982436974789916
size_x = 22
size_y = 22
size_z = 22
energy_range = 9
exhaustiveness = 32
num_modes = 10