center_x = 41.01552147239264
center_y = -21.036177914110425
center_z = 4.48708588957055
size_x = 22
size_y = 22
size_z = 22
energy_range = 9
exhaustiveness = 32
num_modes = 10