center_x = 35.88099328859057
center_y = -39.95748993288588
center_z = 27.981516778523496
size_x = 22
size_y = 22
size_z = 22
energy_range = 9
exhaustiveness = 32
num_modes = 10