center_x = 47.609726562500015
center_y = -33.029914062499984
center_z = -2.9772578125
size_x = 22
size_y = 22
size_z = 22
energy_range = 9
exhaustiveness = 32
num_modes = 10