center_x = 44.543483146067416
center_y = -51.379797752808976
center_z = 0.6361685393258429
size_x = 22
size_y = 22
size_z = 22
energy_range = 9
exhaustiveness = 32
num_modes = 10