center_x = 35.4966186440678
center_y = -52.61016101694912
center_z = -11.25209322033898
size_x = 22
size_y = 22
size_z = 22
energy_range = 9
exhaustiveness = 32
num_modes = 10