center_x = 30.267519607843145
center_y = -45.51867647058823
center_z = -20.92040196078432
size_x = 22
size_y = 22
size_z = 22
energy_range = 9
exhaustiveness = 32
num_modes = 10