center_x = 22.949649193548392
center_y = -48.237770161290335
center_z = -7.676451612903225
size_x = 22
size_y = 22
size_z = 22
energy_range = 9
exhaustiveness = 32
num_modes = 10