center_x = 35.44765104166667
center_y = -51.86146874999997
center_z = 7.402552083333336
size_x = 22
size_y = 22
size_z = 22
energy_range = 9
exhaustiveness = 32
num_modes = 10