center_x = 39.1494924242424
center_y = 100.569553030303
center_z = 16.767106060606057
size_x = 22
size_y = 22
size_z = 22
energy_range = 9
exhaustiveness = 32
num_modes = 10