center_x = 52.578220238095234
center_y = 106.01981547619047
center_z = 1.6468630952380956
size_x = 22
size_y = 22
size_z = 22
energy_range = 9
exhaustiveness = 32
num_modes = 10