center_x = 32.38025
center_y = 111.93236458333332
center_z = 13.831875000000004
size_x = 22
size_y = 22
size_z = 22
energy_range = 9
exhaustiveness = 32
num_modes = 10