center_x = -12.489728476821192
center_y = -4.432450331125827
center_z = 14.218132450331137
size_x = 22
size_y = 22
size_z = 22
energy_range = 9
exhaustiveness = 32
num_modes = 10