center_x = -10.746421568627447
center_y = -0.7138921568627448
center_z = 25.712950980392165
size_x = 22
size_y = 22
size_z = 22
energy_range = 9
exhaustiveness = 32
num_modes = 10