center_x = -0.7845104895104893
center_y = -11.579916083916077
center_z = 11.441895104895112
size_x = 22
size_y = 22
size_z = 22
energy_range = 9
exhaustiveness = 32
num_modes = 10