center_x = -5.137866666666668
center_y = 6.575364102564099
center_z = -2.260046153846153
size_x = 22
size_y = 22
size_z = 22
energy_range = 9
exhaustiveness = 32
num_modes = 10