center_x = -13.477673076923082
center_y = 15.07342307692308
center_z = 5.005525641025642
size_x = 22
size_y = 22
size_z = 22
energy_range = 9
exhaustiveness = 32
num_modes = 10