center_x = 4.429990697674415
center_y = 0.1854186046511628
center_z = 6.594186046511626
size_x = 22
size_y = 22
size_z = 22
energy_range = 9
exhaustiveness = 32
num_modes = 10