center_x = -22.094387283237
center_y = 13.552664739884388
center_z = 8.401017341040463
size_x = 22
size_y = 22
size_z = 22
energy_range = 9
exhaustiveness = 32
num_modes = 10