center_x = -27.87435616438356
center_y = 4.05568493150685
center_z = 21.232506849315072
size_x = 22
size_y = 22
size_z = 22
energy_range = 9
exhaustiveness = 32
num_modes = 10