center_x = -11.30467213114754
center_y = -16.894344262295082
center_z = 26.73167213114752
size_x = 22
size_y = 22
size_z = 22
energy_range = 9
exhaustiveness = 32
num_modes = 10