center_x = -12.791561696658093
center_y = -1.0201053984575852
center_z = 10.811755784061695
size_x = 22
size_y = 22
size_z = 22
energy_range = 9
exhaustiveness = 32
num_modes = 10