center_x = -29.784602484472043
center_y = 4.713459627329193
center_z = 15.44852795031056
size_x = 22
size_y = 22
size_z = 22
energy_range = 9
exhaustiveness = 32
num_modes = 10