center_x = 10.695017751479291
center_y = 8.867905325443788
center_z = -5.734177514792901
size_x = 22
size_y = 22
size_z = 22
energy_range = 9
exhaustiveness = 32
num_modes = 10