center_x = 13.852476377952764
center_y = 3.212570866141733
center_z = 10.168291338582677
size_x = 22
size_y = 22
size_z = 22
energy_range = 9
exhaustiveness = 32
num_modes = 10