center_x = 23.497986842105263
center_y = 13.061732456140344
center_z = -6.136118421052629
size_x = 22
size_y = 22
size_z = 22
energy_range = 9
exhaustiveness = 32
num_modes = 10