center_x = 29.408353658536587
center_y = 20.49654268292683
center_z = 0.5963353658536589
size_x = 22
size_y = 22
size_z = 22
energy_range = 9
exhaustiveness = 32
num_modes = 10