center_x = 2.1419999999999995
center_y = 20.53290350877193
center_z = 9.29822807017544
size_x = 22
size_y = 22
size_z = 22
energy_range = 9
exhaustiveness = 32
num_modes = 10