center_x = 28.85580645161291
center_y = 13.147637992831545
center_z = 6.826921146953406
size_x = 22
size_y = 22
size_z = 22
energy_range = 9
exhaustiveness = 32
num_modes = 10