center_x = 23.438161904761905
center_y = 28.397038095238084
center_z = 8.38614285714286
size_x = 22
size_y = 22
size_z = 22
energy_range = 9
exhaustiveness = 32
num_modes = 10