center_x = 5.994834710743805
center_y = 22.84446280991735
center_z = 13.49247107438017
size_x = 22
size_y = 22
size_z = 22
energy_range = 9
exhaustiveness = 32
num_modes = 10