center_x = 13.9760081300813
center_y = -0.2379349593495937
center_z = 22.906910569105705
size_x = 22
size_y = 22
size_z = 22
energy_range = 9
exhaustiveness = 32
num_modes = 10