center_x = 31.709583333333335
center_y = 21.306333333333328
center_z = 16.13035000000001
size_x = 22
size_y = 22
size_z = 22
energy_range = 9
exhaustiveness = 32
num_modes = 10