center_x = 5.779350877192983
center_y = 22.00667543859649
center_z = -2.128763157894737
size_x = 22
size_y = 22
size_z = 22
energy_range = 9
exhaustiveness = 32
num_modes = 10