center_x = 21.92818592964825
center_y = 11.893035175879398
center_z = 19.409884422110554
size_x = 22
size_y = 22
size_z = 22
energy_range = 9
exhaustiveness = 32
num_modes = 10