center_x = -18.002546052631573
center_y = -11.71991447368421
center_z = -6.315072368421052
size_x = 22
size_y = 22
size_z = 22
energy_range = 9
exhaustiveness = 32
num_modes = 10