center_x = -16.680249999999997
center_y = 9.992971590909091
center_z = -22.2541875
size_x = 22
size_y = 22
size_z = 22
energy_range = 9
exhaustiveness = 32
num_modes = 10