center_x = -31.89954867256637
center_y = -5.8197876106194695
center_z = -7.455761061946898
size_x = 22
size_y = 22
size_z = 22
energy_range = 9
exhaustiveness = 32
num_modes = 10