center_x = -19.17959191176471
center_y = 13.05204779411764
center_z = -15.60184926470589
size_x = 22
size_y = 22
size_z = 22
energy_range = 9
exhaustiveness = 32
num_modes = 10