center_x = -33.63031724137932
center_y = 1.4801586206896542
center_z = -18.479213793103447
size_x = 22
size_y = 22
size_z = 22
energy_range = 9
exhaustiveness = 32
num_modes = 10