center_x = -22.115128440366966
center_y = -8.880064220183483
center_z = -21.193284403669736
size_x = 22
size_y = 22
size_z = 22
energy_range = 9
exhaustiveness = 32
num_modes = 10