center_x = -7.813558620689653
center_y = 3.714179310344828
center_z = 0.1595586206896551
size_x = 22
size_y = 22
size_z = 22
energy_range = 9
exhaustiveness = 32
num_modes = 10