center_x = -24.67743478260869
center_y = 6.984797101449274
center_z = -3.5706159420289865
size_x = 22
size_y = 22
size_z = 22
energy_range = 9
exhaustiveness = 32
num_modes = 10