center_x = -8.491815068493144
center_y = -16.951753424657525
center_z = -7.610506849315067
size_x = 22
size_y = 22
size_z = 22
energy_range = 9
exhaustiveness = 32
num_modes = 10