center_x = -2.756427927927928
center_y = -7.015702702702702
center_z = -2.100211711711712
size_x = 22
size_y = 22
size_z = 22
energy_range = 9
exhaustiveness = 32
num_modes = 10