center_x = 2.4111467889908256
center_y = 7.75433944954128
center_z = -9.26077981651377
size_x = 22
size_y = 22
size_z = 22
energy_range = 9
exhaustiveness = 32
num_modes = 10