center_x = -5.047059360730592
center_y = 16.15851141552512
center_z = -5.689182648401824
size_x = 22
size_y = 22
size_z = 22
energy_range = 9
exhaustiveness = 32
num_modes = 10