center_x = -14.49270588235295
center_y = -9.842009803921568
center_z = -17.662745098039213
size_x = 22
size_y = 22
size_z = 22
energy_range = 9
exhaustiveness = 32
num_modes = 10