center_x = -7.777152838427953
center_y = -8.650157205240177
center_z = -13.890279475982542
size_x = 22
size_y = 22
size_z = 22
energy_range = 9
exhaustiveness = 32
num_modes = 10