center_x = -8.24788571428571
center_y = -17.436385714285716
center_z = -15.459785714285715
size_x = 22
size_y = 22
size_z = 22
energy_range = 9
exhaustiveness = 32
num_modes = 10