center_x = -28.281145251396666
center_y = 4.154094972067037
center_z = -21.078122905027943
size_x = 22
size_y = 22
size_z = 22
energy_range = 9
exhaustiveness = 32
num_modes = 10