center_x = -5.286886178861787
center_y = 5.923065040650408
center_z = 1.536666666666667
size_x = 22
size_y = 22
size_z = 22
energy_range = 9
exhaustiveness = 32
num_modes = 10