center_x = -28.03331428571428
center_y = -11.085085714285714
center_z = -15.999442857142858
size_x = 22
size_y = 22
size_z = 22
energy_range = 9
exhaustiveness = 32
num_modes = 10