center_x = -6.346412162162159
center_y = 13.488662162162164
center_z = -18.64435810810811
size_x = 22
size_y = 22
size_z = 22
energy_range = 9
exhaustiveness = 32
num_modes = 10