center_x = 70.2751290322581
center_y = 50.86712903225801
center_z = 22.45336290322582
size_x = 22
size_y = 22
size_z = 22
energy_range = 9
exhaustiveness = 32
num_modes = 10