center_x = 71.51188655462184
center_y = 62.166247899159686
center_z = 8.319394957983196
size_x = 22
size_y = 22
size_z = 22
energy_range = 9
exhaustiveness = 32
num_modes = 10