center_x = 71.51728971962609
center_y = 62.713742990654254
center_z = 7.249322429906545
size_x = 22
size_y = 22
size_z = 22
energy_range = 9
exhaustiveness = 32
num_modes = 10