center_x = 71.17584907709022
center_y = 56.4490184581976
center_z = 16.036550488599357
size_x = 22
size_y = 22
size_z = 22
energy_range = 9
exhaustiveness = 32
num_modes = 10