center_x = 71.04152491694344
center_y = 56.094478405315606
center_z = 15.868372093023254
size_x = 22
size_y = 22
size_z = 22
energy_range = 9
exhaustiveness = 32
num_modes = 10