center_x = 70.54752287581698
center_y = 54.80811111111111
center_z = 16.50623529411765
size_x = 22
size_y = 22
size_z = 22
energy_range = 9
exhaustiveness = 32
num_modes = 10