center_x = 73.08597752808987
center_y = 58.58425842696629
center_z = 13.511606741573038
size_x = 22
size_y = 22
size_z = 22
energy_range = 9
exhaustiveness = 32
num_modes = 10