center_x = 71.69583980582522
center_y = 65.62373300970873
center_z = 3.746077669902911
size_x = 22
size_y = 22
size_z = 22
energy_range = 9
exhaustiveness = 32
num_modes = 10