center_x = 72.14723696682466
center_y = 53.502800947867264
center_z = 19.628819905213263
size_x = 22
size_y = 22
size_z = 22
energy_range = 9
exhaustiveness = 32
num_modes = 10