center_x = 71.50950461538457
center_y = 62.32398461538461
center_z = 7.963126153846147
size_x = 22
size_y = 22
size_z = 22
energy_range = 9
exhaustiveness = 32
num_modes = 10