center_x = 7.084344155844154
center_y = 15.204532467532465
center_z = 8.481909090909088
size_x = 22
size_y = 22
size_z = 22
energy_range = 9
exhaustiveness = 32
num_modes = 10