center_x = 15.452074829931972
center_y = 58.59983673469387
center_z = 17.515680272108852
size_x = 22
size_y = 22
size_z = 22
energy_range = 9
exhaustiveness = 32
num_modes = 10