center_x = 1.2029366197183091
center_y = 30.83902816901409
center_z = 24.7338028169014
size_x = 22
size_y = 22
size_z = 22
energy_range = 9
exhaustiveness = 32
num_modes = 10