center_x = 7.614915789473687
center_y = 46.88622631578947
center_z = 6.932263157894739
size_x = 22
size_y = 22
size_z = 22
energy_range = 9
exhaustiveness = 32
num_modes = 10