center_x = 14.430048681541583
center_y = 42.67475253549694
center_z = 11.782760649087216
size_x = 22
size_y = 22
size_z = 22
energy_range = 9
exhaustiveness = 32
num_modes = 10