center_x = 6.75621428571428
center_y = 27.318267857142867
center_z = -3.630169642857141
size_x = 22
size_y = 22
size_z = 22
energy_range = 9
exhaustiveness = 32
num_modes = 10