center_x = 13.788166666666667
center_y = 10.548729166666662
center_z = 14.332555555555558
size_x = 22
size_y = 22
size_z = 22
energy_range = 9
exhaustiveness = 32
num_modes = 10