center_x = -10.383770833333331
center_y = 37.19982291666668
center_z = 12.360302083333336
size_x = 22
size_y = 22
size_z = 22
energy_range = 9
exhaustiveness = 32
num_modes = 10