center_x = 15.918484848484846
center_y = 23.40225252525254
center_z = 31.76141414141415
size_x = 22
size_y = 22
size_z = 22
energy_range = 9
exhaustiveness = 32
num_modes = 10