center_x = 19.64203418803418
center_y = 28.93197435897435
center_z = 10.28771794871795
size_x = 22
size_y = 22
size_z = 22
energy_range = 9
exhaustiveness = 32
num_modes = 10