center_x = 9.36165
center_y = 56.27642142857141
center_z = 5.857442857142857
size_x = 22
size_y = 22
size_z = 22
energy_range = 9
exhaustiveness = 32
num_modes = 10