center_x = -0.7295022624434384
center_y = 24.72419004524889
center_z = 13.979371040723985
size_x = 22
size_y = 22
size_z = 22
energy_range = 9
exhaustiveness = 32
num_modes = 10