center_x = 14.82284722222222
center_y = 22.538826388888893
center_z = -6.211666666666668
size_x = 22
size_y = 22
size_z = 22
energy_range = 9
exhaustiveness = 32
num_modes = 10