center_x = -1.6402000000000003
center_y = 24.983038095238104
center_z = 22.10269523809524
size_x = 22
size_y = 22
size_z = 22
energy_range = 9
exhaustiveness = 32
num_modes = 10