center_x = 12.461440944881891
center_y = 33.947866141732284
center_z = 1.2730078740157484
size_x = 22
size_y = 22
size_z = 22
energy_range = 9
exhaustiveness = 32
num_modes = 10