center_x = 10.496479452054796
center_y = 13.545835616438357
center_z = 24.025561643835616
size_x = 22
size_y = 22
size_z = 22
energy_range = 9
exhaustiveness = 32
num_modes = 10