center_x = -5.783880281690141
center_y = 42.197267605633776
center_z = 9.566683098591543
size_x = 22
size_y = 22
size_z = 22
energy_range = 9
exhaustiveness = 32
num_modes = 10