center_x = 9.857854651162793
center_y = 10.86863953488372
center_z = 0.1233139534883723
size_x = 22
size_y = 22
size_z = 22
energy_range = 9
exhaustiveness = 32
num_modes = 10