center_x = 16.85673595505618
center_y = 54.19315168539328
center_z = 26.55705056179776
size_x = 22
size_y = 22
size_z = 22
energy_range = 9
exhaustiveness = 32
num_modes = 10