center_x = -0.902676470588235
center_y = 49.44740196078432
center_z = 6.522901960784312
size_x = 22
size_y = 22
size_z = 22
energy_range = 9
exhaustiveness = 32
num_modes = 10