center_x = -17.182357723577244
center_y = -50.69813008130081
center_z = -17.273601626016255
size_x = 22
size_y = 22
size_z = 22
energy_range = 9
exhaustiveness = 32
num_modes = 10