center_x = -15.202026737967913
center_y = -35.92644385026739
center_z = -3.046454545454545
size_x = 22
size_y = 22
size_z = 22
energy_range = 9
exhaustiveness = 32
num_modes = 10