center_x = -8.849542857142861
center_y = -49.79598095238095
center_z = 2.068980952380952
size_x = 22
size_y = 22
size_z = 22
energy_range = 9
exhaustiveness = 32
num_modes = 10