center_x = -23.51903012048192
center_y = -44.67660843373493
center_z = -10.77809638554217
size_x = 22
size_y = 22
size_z = 22
energy_range = 9
exhaustiveness = 32
num_modes = 10