center_x = -8.47805882352941
center_y = -31.282117647058836
center_z = 2.577441176470588
size_x = 22
size_y = 22
size_z = 22
energy_range = 9
exhaustiveness = 32
num_modes = 10