center_x = 0.7185199999999997
center_y = -31.821632000000005
center_z = -19.57116
size_x = 22
size_y = 22
size_z = 22
energy_range = 9
exhaustiveness = 32
num_modes = 10