center_x = -20.049226190476197
center_y = -46.18690476190478
center_z = -5.355511904761906
size_x = 22
size_y = 22
size_z = 22
energy_range = 9
exhaustiveness = 32
num_modes = 10