center_x = -7.583201680672269
center_y = -23.39973949579832
center_z = 2.4235546218487363
size_x = 22
size_y = 22
size_z = 22
energy_range = 9
exhaustiveness = 32
num_modes = 10