center_x = 15.065309859154931
center_y = -32.854499999999994
center_z = -13.562267605633808
size_x = 22
size_y = 22
size_z = 22
energy_range = 9
exhaustiveness = 32
num_modes = 10