center_x = -25.321296000000007
center_y = -25.43792
center_z = -18.816424
size_x = 22
size_y = 22
size_z = 22
energy_range = 9
exhaustiveness = 32
num_modes = 10