center_x = -2.8898999999999995
center_y = -7.128509999999997
center_z = -5.64275
size_x = 22
size_y = 22
size_z = 22
energy_range = 9
exhaustiveness = 32
num_modes = 10