center_x = -16.629131578947362
center_y = -31.7181894736842
center_z = -9.015305263157888
size_x = 22
size_y = 22
size_z = 22
energy_range = 9
exhaustiveness = 32
num_modes = 10