center_x = -0.1321499999999997
center_y = -48.53460625000001
center_z = -7.77619375
size_x = 22
size_y = 22
size_z = 22
energy_range = 9
exhaustiveness = 32
num_modes = 10