center_x = -26.687890510948897
center_y = -36.82307299270072
center_z = -7.196554744525548
size_x = 22
size_y = 22
size_z = 22
energy_range = 9
exhaustiveness = 32
num_modes = 10