center_x = -5.33394214876033
center_y = -47.52190082644627
center_z = -18.080727272727277
size_x = 22
size_y = 22
size_z = 22
energy_range = 9
exhaustiveness = 32
num_modes = 10