center_x = -7.012495238095235
center_y = -34.127316666666665
center_z = -15.011680952380964
size_x = 22
size_y = 22
size_z = 22
energy_range = 9
exhaustiveness = 32
num_modes = 10