center_x = -11.263142857142851
center_y = -52.11401298701299
center_z = -8.321831168831173
size_x = 22
size_y = 22
size_z = 22
energy_range = 9
exhaustiveness = 32
num_modes = 10