center_x = -15.54082051282051
center_y = -30.63546153846152
center_z = -32.96741025641027
size_x = 22
size_y = 22
size_z = 22
energy_range = 9
exhaustiveness = 32
num_modes = 10