center_x = -15.412247863247863
center_y = -19.772538461538467
center_z = -7.1563931623931625
size_x = 22
size_y = 22
size_z = 22
energy_range = 9
exhaustiveness = 32
num_modes = 10