center_x = -22.217848739495818
center_y = -23.47499159663864
center_z = -13.438411764705885
size_x = 22
size_y = 22
size_z = 22
energy_range = 9
exhaustiveness = 32
num_modes = 10