center_x = 9.8455632183908
center_y = -19.17912643678162
center_z = -13.84520689655172
size_x = 22
size_y = 22
size_z = 22
energy_range = 9
exhaustiveness = 32
num_modes = 10