center_x = 100.6041507936508
center_y = 222.2525555555555
center_z = 51.05946031746032
size_x = 22
size_y = 22
size_z = 22
energy_range = 9
exhaustiveness = 32
num_modes = 10