center_x = 89.56606703910612
center_y = 227.8001005586592
center_z = 64.79214525139663
size_x = 22
size_y = 22
size_z = 22
energy_range = 9
exhaustiveness = 32
num_modes = 10