center_x = 107.12309433962264
center_y = 232.4738355795148
center_z = 73.26792991913744
size_x = 22
size_y = 22
size_z = 22
energy_range = 9
exhaustiveness = 32
num_modes = 10