center_x = 92.9913622047244
center_y = 187.3394960629921
center_z = 55.01864566929137
size_x = 22
size_y = 22
size_z = 22
energy_range = 9
exhaustiveness = 32
num_modes = 10