center_x = 89.52552459016388
center_y = 200.71275819672127
center_z = 76.38211475409835
size_x = 22
size_y = 22
size_z = 22
energy_range = 9
exhaustiveness = 32
num_modes = 10