center_x = 87.73888143176735
center_y = 214.06743176733772
center_z = 66.83853467561524
size_x = 22
size_y = 22
size_z = 22
energy_range = 9
exhaustiveness = 32
num_modes = 10