center_x = 82.71947337278105
center_y = 201.1471005917158
center_z = 77.03772781065089
size_x = 22
size_y = 22
size_z = 22
energy_range = 9
exhaustiveness = 32
num_modes = 10