center_x = 98.70648837209306
center_y = 212.3794496124032
center_z = 46.42643410852712
size_x = 22
size_y = 22
size_z = 22
energy_range = 9
exhaustiveness = 32
num_modes = 10