center_x = 107.79849668874174
center_y = 231.0247483443709
center_z = 54.93142384105959
size_x = 22
size_y = 22
size_z = 22
energy_range = 9
exhaustiveness = 32
num_modes = 10