center_x = 101.10944660194176
center_y = 225.33758252427177
center_z = 83.34272815533984
size_x = 22
size_y = 22
size_z = 22
energy_range = 9
exhaustiveness = 32
num_modes = 10