center_x = 117.76135632183907
center_y = 221.5649770114943
center_z = 60.18527586206894
size_x = 22
size_y = 22
size_z = 22
energy_range = 9
exhaustiveness = 32
num_modes = 10