center_x = 89.19763888888886
center_y = 182.52030555555552
center_z = 57.748708333333326
size_x = 22
size_y = 22
size_z = 22
energy_range = 9
exhaustiveness = 32
num_modes = 10