center_x = 77.58478991596637
center_y = 215.1743697478992
center_z = 72.35215966386559
size_x = 22
size_y = 22
size_z = 22
energy_range = 9
exhaustiveness = 32
num_modes = 10