center_x = 95.92854716981137
center_y = 212.19275471698128
center_z = 94.13676415094342
size_x = 22
size_y = 22
size_z = 22
energy_range = 9
exhaustiveness = 32
num_modes = 10