center_x = 105.3564102564103
center_y = 196.3532115384615
center_z = 64.37212820512816
size_x = 22
size_y = 22
size_z = 22
energy_range = 9
exhaustiveness = 32
num_modes = 10