center_x = 93.94762162162162
center_y = 203.3592364864865
center_z = 89.6902162162162
size_x = 22
size_y = 22
size_z = 22
energy_range = 9
exhaustiveness = 32
num_modes = 10