center_x = 91.05360209424086
center_y = 220.42031413612565
center_z = 82.30289005235602
size_x = 22
size_y = 22
size_z = 22
energy_range = 9
exhaustiveness = 32
num_modes = 10