center_x = 93.32309999999995
center_y = 200.8035933333333
center_z = 55.693660000000015
size_x = 22
size_y = 22
size_z = 22
energy_range = 9
exhaustiveness = 32
num_modes = 10