center_x = 110.5669306358382
center_y = 205.4469826589596
center_z = 50.99401734104048
size_x = 22
size_y = 22
size_z = 22
energy_range = 9
exhaustiveness = 32
num_modes = 10