center_x = 87.0619493670886
center_y = 230.4165949367089
center_z = 72.77846835443039
size_x = 22
size_y = 22
size_z = 22
energy_range = 9
exhaustiveness = 32
num_modes = 10