center_x = 97.2949846153846
center_y = 207.68132307692304
center_z = 84.79700000000001
size_x = 22
size_y = 22
size_z = 22
energy_range = 9
exhaustiveness = 32
num_modes = 10