center_x = 107.19653913043472
center_y = 199.51854782608703
center_z = 59.03039999999999
size_x = 22
size_y = 22
size_z = 22
energy_range = 9
exhaustiveness = 32
num_modes = 10