center_x = 94.82860606060603
center_y = 232.1616060606062
center_z = 76.57311111111115
size_x = 22
size_y = 22
size_z = 22
energy_range = 9
exhaustiveness = 32
num_modes = 10