center_x = 98.99136746987948
center_y = 232.73886144578304
center_z = 55.029626506024094
size_x = 22
size_y = 22
size_z = 22
energy_range = 9
exhaustiveness = 32
num_modes = 10