center_x = 114.86051196172252
center_y = 227.0137607655504
center_z = 65.64348325358857
size_x = 22
size_y = 22
size_z = 22
energy_range = 9
exhaustiveness = 32
num_modes = 10