center_x = -10.688654545454549
center_y = 7.58094545454545
center_z = 3.643736363636364
size_x = 22
size_y = 22
size_z = 22
energy_range = 9
exhaustiveness = 32
num_modes = 10