center_x = -12.866569444444448
center_y = -6.94151388888889
center_z = -7.963819444444444
size_x = 22
size_y = 22
size_z = 22
energy_range = 9
exhaustiveness = 32
num_modes = 10