center_x = -19.518080808080807
center_y = -13.416505050505052
center_z = 2.5114242424242423
size_x = 22
size_y = 22
size_z = 22
energy_range = 9
exhaustiveness = 32
num_modes = 10