center_x = -12.909780952380954
center_y = -8.542038095238093
center_z = 14.362104761904757
size_x = 22
size_y = 22
size_z = 22
energy_range = 9
exhaustiveness = 32
num_modes = 10