center_x = -20.09254954954956
center_y = 4.651720720720721
center_z = 1.83845945945946
size_x = 22
size_y = 22
size_z = 22
energy_range = 9
exhaustiveness = 32
num_modes = 10