center_x = -16.47480952380952
center_y = 11.945285714285712
center_z = 6.260447619047622
size_x = 22
size_y = 22
size_z = 22
energy_range = 9
exhaustiveness = 32
num_modes = 10