center_x = -22.18053225806453
center_y = -0.9600080645161284
center_z = 8.57907258064516
size_x = 22
size_y = 22
size_z = 22
energy_range = 9
exhaustiveness = 32
num_modes = 10