center_x = -18.825362204724417
center_y = -9.26144881889764
center_z = -4.705307086614178
size_x = 22
size_y = 22
size_z = 22
energy_range = 9
exhaustiveness = 32
num_modes = 10