center_x = -12.483229508196716
center_y = -15.61365573770492
center_z = 10.192336065573771
size_x = 22
size_y = 22
size_z = 22
energy_range = 9
exhaustiveness = 32
num_modes = 10