center_x = -5.320226277372261
center_y = 0.7135693430656939
center_z = 0.4136788321167882
size_x = 22
size_y = 22
size_z = 22
energy_range = 9
exhaustiveness = 32
num_modes = 10