center_x = 23.994535353535355
center_y = 4.938505050505049
center_z = -2.262070707070709
size_x = 22
size_y = 22
size_z = 22
energy_range = 9
exhaustiveness = 32
num_modes = 10