center_x = -6.033593406593404
center_y = 2.0104615384615383
center_z = -25.224901098901093
size_x = 22
size_y = 22
size_z = 22
energy_range = 9
exhaustiveness = 32
num_modes = 10