center_x = 16.78150495049505
center_y = -7.171564356435645
center_z = -10.59535643564356
size_x = 22
size_y = 22
size_z = 22
energy_range = 9
exhaustiveness = 32
num_modes = 10