center_x = -6.088690322580645
center_y = 13.69865483870966
center_z = 8.548461290322573
size_x = 22
size_y = 22
size_z = 22
energy_range = 9
exhaustiveness = 32
num_modes = 10