center_x = 13.250060606060607
center_y = 6.903437229437226
center_z = -13.276649350649349
size_x = 22
size_y = 22
size_z = 22
energy_range = 9
exhaustiveness = 32
num_modes = 10