center_x = 21.184275590551163
center_y = 7.858417322834647
center_z = -6.7888661417322815
size_x = 22
size_y = 22
size_z = 22
energy_range = 9
exhaustiveness = 32
num_modes = 10