center_x = -11.212644736842108
center_y = -11.21693421052631
center_z = -14.385769736842107
size_x = 22
size_y = 22
size_z = 22
energy_range = 9
exhaustiveness = 32
num_modes = 10