center_x = -24.9530924369748
center_y = -9.340714285714292
center_z = -11.918067226890756
size_x = 22
size_y = 22
size_z = 22
energy_range = 9
exhaustiveness = 32
num_modes = 10