center_x = -2.201133016627079
center_y = 5.719684085510687
center_z = -9.87598693586698
size_x = 22
size_y = 22
size_z = 22
energy_range = 9
exhaustiveness = 32
num_modes = 10