center_x = -18.78465605095541
center_y = 14.292987261146491
center_z = -17.998101910828026
size_x = 22
size_y = 22
size_z = 22
energy_range = 9
exhaustiveness = 32
num_modes = 10