center_x = 0.7916164383561646
center_y = -12.804136986301373
center_z = -2.627863013698631
size_x = 22
size_y = 22
size_z = 22
energy_range = 9
exhaustiveness = 32
num_modes = 10