center_x = 4.548601769911503
center_y = 4.488247787610619
center_z = 9.950159292035396
size_x = 22
size_y = 22
size_z = 22
energy_range = 9
exhaustiveness = 32
num_modes = 10