center_x = -13.845414012738852
center_y = -4.976770700636943
center_z = 9.163019108280256
size_x = 22
size_y = 22
size_z = 22
energy_range = 9
exhaustiveness = 32
num_modes = 10