center_x = -5.558839694656487
center_y = 11.56163358778626
center_z = 4.408610687022899
size_x = 22
size_y = 22
size_z = 22
energy_range = 9
exhaustiveness = 32
num_modes = 10