center_x = -0.497503649635036
center_y = 20.162408759124084
center_z = -16.32603649635037
size_x = 22
size_y = 22
size_z = 22
energy_range = 9
exhaustiveness = 32
num_modes = 10