center_x = -20.515488372093024
center_y = 6.3927674418604665
center_z = -28.57809302325581
size_x = 22
size_y = 22
size_z = 22
energy_range = 9
exhaustiveness = 32
num_modes = 10