center_x = -26.016387096774192
center_y = 17.74625806451613
center_z = -18.969064516129038
size_x = 22
size_y = 22
size_z = 22
energy_range = 9
exhaustiveness = 32
num_modes = 10