center_x = 0.4555210084033614
center_y = -5.336277310924369
center_z = 3.871323529411766
size_x = 22
size_y = 22
size_z = 22
energy_range = 9
exhaustiveness = 32
num_modes = 10