center_x = -2.4640125000000004
center_y = 19.70825
center_z = -8.556875
size_x = 22
size_y = 22
size_z = 22
energy_range = 9
exhaustiveness = 32
num_modes = 10