center_x = -16.788600790513836
center_y = 5.1138418972332
center_z = -24.313181818181818
size_x = 22
size_y = 22
size_z = 22
energy_range = 9
exhaustiveness = 32
num_modes = 10