center_x = -15.50820512820512
center_y = 7.033608974358971
center_z = -1.3860833333333336
size_x = 22
size_y = 22
size_z = 22
energy_range = 9
exhaustiveness = 32
num_modes = 10