center_x = 16.345822429906534
center_y = -41.04433644859812
center_z = -14.117626168224303
size_x = 22
size_y = 22
size_z = 22
energy_range = 9
exhaustiveness = 32
num_modes = 10