center_x = 43.38172440944884
center_y = -35.47410236220473
center_z = 10.404622047244091
size_x = 22
size_y = 22
size_z = 22
energy_range = 9
exhaustiveness = 32
num_modes = 10