center_x = 56.842455357142846
center_y = -47.35767857142856
center_z = 5.504812499999997
size_x = 22
size_y = 22
size_z = 22
energy_range = 9
exhaustiveness = 32
num_modes = 10