center_x = 18.66421105527638
center_y = -33.198075376884425
center_z = 10.941969849246236
size_x = 22
size_y = 22
size_z = 22
energy_range = 9
exhaustiveness = 32
num_modes = 10