center_x = 36.679431250000015
center_y = -52.35933125
center_z = 4.623831249999999
size_x = 22
size_y = 22
size_z = 22
energy_range = 9
exhaustiveness = 32
num_modes = 10