center_x = 54.63406542056073
center_y = -60.522112149532695
center_z = 13.632158878504672
size_x = 22
size_y = 22
size_z = 22
energy_range = 9
exhaustiveness = 32
num_modes = 10