center_x = 44.06537078651684
center_y = -50.7582359550562
center_z = 0.6132134831460673
size_x = 22
size_y = 22
size_z = 22
energy_range = 9
exhaustiveness = 32
num_modes = 10