center_x = 22.01092021276594
center_y = -46.285462765957455
center_z = -6.656707446808508
size_x = 22
size_y = 22
size_z = 22
energy_range = 9
exhaustiveness = 32
num_modes = 10