center_x = 47.06745312500001
center_y = -32.62358593749998
center_z = -2.8627578124999995
size_x = 22
size_y = 22
size_z = 22
energy_range = 9
exhaustiveness = 32
num_modes = 10