center_x = 43.18458823529413
center_y = -38.6229117647059
center_z = -5.023669117647059
size_x = 22
size_y = 22
size_z = 22
energy_range = 9
exhaustiveness = 32
num_modes = 10