center_x = 44.439
center_y = -18.4628376068376
center_z = -5.67276923076923
size_x = 22
size_y = 22
size_z = 22
energy_range = 9
exhaustiveness = 32
num_modes = 10