center_x = 48.73329032258064
center_y = -30.989516129032253
center_z = 1.004182795698925
size_x = 22
size_y = 22
size_z = 22
energy_range = 9
exhaustiveness = 32
num_modes = 10