center_x = 23.17956488549619
center_y = -51.07704580152672
center_z = 1.7064809160305343
size_x = 22
size_y = 22
size_z = 22
energy_range = 9
exhaustiveness = 32
num_modes = 10