center_x = 35.229008474576275
center_y = -51.99541525423731
center_z = -11.091983050847452
size_x = 22
size_y = 22
size_z = 22
energy_range = 9
exhaustiveness = 32
num_modes = 10