center_x = 40.409222222222205
center_y = -20.141708333333334
center_z = 5.023541666666664
size_x = 22
size_y = 22
size_z = 22
energy_range = 9
exhaustiveness = 32
num_modes = 10