center_x = 52.411034188034186
center_y = -42.87583760683759
center_z = 10.381128205128205
size_x = 22
size_y = 22
size_z = 22
energy_range = 9
exhaustiveness = 32
num_modes = 10