center_x = 41.600054216867456
center_y = -47.5628855421687
center_z = -10.854614457831325
size_x = 22
size_y = 22
size_z = 22
energy_range = 9
exhaustiveness = 32
num_modes = 10