center_x = 46.64525984251969
center_y = -20.71539370078741
center_z = -15.885842519685044
size_x = 22
size_y = 22
size_z = 22
energy_range = 9
exhaustiveness = 32
num_modes = 10