center_x = 19.014419117647066
center_y = -43.77872794117648
center_z = 12.973154411764698
size_x = 22
size_y = 22
size_z = 22
energy_range = 9
exhaustiveness = 32
num_modes = 10