center_x = -24.74767889908256
center_y = -18.12040366972477
center_z = -17.38761467889908
size_x = 22
size_y = 22
size_z = 22
energy_range = 9
exhaustiveness = 32
num_modes = 10