center_x = -9.555279999999993
center_y = 3.8046720000000014
center_z = -11.733784
size_x = 22
size_y = 22
size_z = 22
energy_range = 9
exhaustiveness = 32
num_modes = 10