center_x = -14.20730769230769
center_y = -18.8469653846154
center_z = -7.906319230769229
size_x = 22
size_y = 22
size_z = 22
energy_range = 9
exhaustiveness = 32
num_modes = 10