center_x = -5.837085000000002
center_y = -3.25504
center_z = -16.76443
size_x = 22
size_y = 22
size_z = 22
energy_range = 9
exhaustiveness = 32
num_modes = 10