center_x = -15.375343333333328
center_y = -15.17864666666666
center_z = -23.566993333333347
size_x = 22
size_y = 22
size_z = 22
energy_range = 9
exhaustiveness = 32
num_modes = 10