center_x = -9.42296202531646
center_y = -4.646468354430379
center_z = -32.58327848101266
size_x = 22
size_y = 22
size_z = 22
energy_range = 9
exhaustiveness = 32
num_modes = 10