center_x = -12.036914062499998
center_y = -26.51007031249999
center_z = -25.321226562500005
size_x = 22
size_y = 22
size_z = 22
energy_range = 9
exhaustiveness = 32
num_modes = 10