center_x = -8.244485875706214
center_y = -6.346429378531071
center_z = -25.609327683615813
size_x = 22
size_y = 22
size_z = 22
energy_range = 9
exhaustiveness = 32
num_modes = 10