center_x = -5.475021276595747
center_y = 42.39422695035464
center_z = 51.02085106382982
size_x = 22
size_y = 22
size_z = 22
energy_range = 9
exhaustiveness = 32
num_modes = 10