center_x = 8.087800653594769
center_y = 42.5707908496732
center_z = 50.457519607843146
size_x = 22
size_y = 22
size_z = 22
energy_range = 9
exhaustiveness = 32
num_modes = 10