center_x = 18.20458914728684
center_y = 42.75619767441857
center_z = 50.01603488372091
size_x = 22
size_y = 22
size_z = 22
energy_range = 9
exhaustiveness = 32
num_modes = 10