center_x = -3.467239130434784
center_y = 42.631097826087
center_z = 50.78547101449276
size_x = 22
size_y = 22
size_z = 22
energy_range = 9
exhaustiveness = 32
num_modes = 10