center_x = -2.364722222222223
center_y = 42.40215359477121
center_z = 50.86957843137252
size_x = 22
size_y = 22
size_z = 22
energy_range = 9
exhaustiveness = 32
num_modes = 10