center_x = 10.660933035714285
center_y = 42.69774107142859
center_z = 50.25638839285714
size_x = 22
size_y = 22
size_z = 22
energy_range = 9
exhaustiveness = 32
num_modes = 10