center_x = -7.951502762430939
center_y = 42.30546685082872
center_z = 51.1331767955801
size_x = 22
size_y = 22
size_z = 22
energy_range = 9
exhaustiveness = 32
num_modes = 10