center_x = 5.331336448598131
center_y = 42.61060280373831
center_z = 50.50244392523366
size_x = 22
size_y = 22
size_z = 22
energy_range = 9
exhaustiveness = 32
num_modes = 10