center_x = 18.790813291139237
center_y = 42.82383544303799
center_z = 49.95150949367088
size_x = 22
size_y = 22
size_z = 22
energy_range = 9
exhaustiveness = 32
num_modes = 10