center_x = -3.5241919191919187
center_y = 42.36204040404041
center_z = 50.99205555555557
size_x = 22
size_y = 22
size_z = 22
energy_range = 9
exhaustiveness = 32
num_modes = 10