center_x = 9.906953947368418
center_y = 42.641299342105256
center_z = 50.32172368421055
size_x = 22
size_y = 22
size_z = 22
energy_range = 9
exhaustiveness = 32
num_modes = 10