center_x = 3.3538306878306914
center_y = 42.55456349206349
center_z = 50.65196560846562
size_x = 22
size_y = 22
size_z = 22
energy_range = 9
exhaustiveness = 32
num_modes = 10