center_x = -5.625893805309735
center_y = 42.61799557522125
center_z = 50.87466814159296
size_x = 22
size_y = 22
size_z = 22
energy_range = 9
exhaustiveness = 32
num_modes = 10