center_x = -3.467239130434784
center_y = 42.63109782608694
center_z = 50.78547101449277
size_x = 22
size_y = 22
size_z = 22
energy_range = 9
exhaustiveness = 32
num_modes = 10