center_x = -6.961575949367089
center_y = 42.52834810126582
center_z = 51.03510126582275
size_x = 22
size_y = 22
size_z = 22
energy_range = 9
exhaustiveness = 32
num_modes = 10