center_x = 1.4397129629629624
center_y = 42.59845370370375
center_z = 50.774095679012326
size_x = 22
size_y = 22
size_z = 22
energy_range = 9
exhaustiveness = 32
num_modes = 10