center_x = 9.99334975369458
center_y = 42.5726206896552
center_z = 50.41266502463049
size_x = 22
size_y = 22
size_z = 22
energy_range = 9
exhaustiveness = 32
num_modes = 10