center_x = 2.297819148936171
center_y = 42.4744468085106
center_z = 50.69289361702128
size_x = 22
size_y = 22
size_z = 22
energy_range = 9
exhaustiveness = 32
num_modes = 10