center_x = 10.060808411214952
center_y = 42.61633177570094
center_z = 50.32978971962618
size_x = 22
size_y = 22
size_z = 22
energy_range = 9
exhaustiveness = 32
num_modes = 10