center_x = -3.095540322580643
center_y = 42.50839112903227
center_z = 50.9252379032258
size_x = 22
size_y = 22
size_z = 22
energy_range = 9
exhaustiveness = 32
num_modes = 10