center_x = 12.141824666666652
center_y = 42.75572866666669
center_z = 50.39045533333325
size_x = 22
size_y = 22
size_z = 22
energy_range = 9
exhaustiveness = 32
num_modes = 10