center_x = -7.102777777777769
center_y = 42.36804666666668
center_z = 51.09102444444448
size_x = 22
size_y = 22
size_z = 22
energy_range = 9
exhaustiveness = 32
num_modes = 10