center_x = -9.529880116959063
center_y = 42.326295321637424
center_z = 51.071552631578975
size_x = 22
size_y = 22
size_z = 22
energy_range = 9
exhaustiveness = 32
num_modes = 10