center_x = 23.29641891891892
center_y = 42.87675675675675
center_z = 49.62453603603603
size_x = 22
size_y = 22
size_z = 22
energy_range = 9
exhaustiveness = 32
num_modes = 10