center_x = -2.733048780487806
center_y = 42.36919918699186
center_z = 50.8797317073171
size_x = 22
size_y = 22
size_z = 22
energy_range = 9
exhaustiveness = 32
num_modes = 10