center_x = -9.86096496815286
center_y = 42.3087993630573
center_z = 51.07427070063693
size_x = 22
size_y = 22
size_z = 22
energy_range = 9
exhaustiveness = 32
num_modes = 10