center_x = 19.928749999999997
center_y = 43.00430392156861
center_z = 50.2119411764706
size_x = 22
size_y = 22
size_z = 22
energy_range = 9
exhaustiveness = 32
num_modes = 10