center_x = 9.993349753694575
center_y = 42.57262068965515
center_z = 50.41266502463056
size_x = 22
size_y = 22
size_z = 22
energy_range = 9
exhaustiveness = 32
num_modes = 10