center_x = 2.295155462184875
center_y = 42.47236554621847
center_z = 50.69289075630253
size_x = 22
size_y = 22
size_z = 22
energy_range = 9
exhaustiveness = 32
num_modes = 10