center_x = 22.73813253012046
center_y = 42.829873493975896
center_z = 49.63263855421685
size_x = 22
size_y = 22
size_z = 22
energy_range = 9
exhaustiveness = 32
num_modes = 10