center_x = -4.8761162790697705
center_y = 42.61004651162787
center_z = 50.74690116279072
size_x = 22
size_y = 22
size_z = 22
energy_range = 9
exhaustiveness = 32
num_modes = 10