center_x = -10.67363963963964
center_y = 42.36046846846845
center_z = 51.33085585585585
size_x = 22
size_y = 22
size_z = 22
energy_range = 9
exhaustiveness = 32
num_modes = 10