center_x = 2.060958333333333
center_y = 42.50286805555556
center_z = 50.73036458333329
size_x = 22
size_y = 22
size_z = 22
energy_range = 9
exhaustiveness = 32
num_modes = 10