center_x = 13.943777397260272
center_y = 42.72091095890414
center_z = 50.19970547945203
size_x = 22
size_y = 22
size_z = 22
energy_range = 9
exhaustiveness = 32
num_modes = 10