center_x = 17.204034722222232
center_y = 43.04048611111109
center_z = 50.38894097222222
size_x = 22
size_y = 22
size_z = 22
energy_range = 9
exhaustiveness = 32
num_modes = 10