receptor = data/6nt2/6nt2_ligand.pdbqt
ligand = data/6nt2/6nt2_protein.pdbqt
center_x = 9.993349753694575
center_y = 42.57262068965515
center_z = 50.41266502463056
size_x = 17.79069950738915
size_y = 44.20524137931031
size_z = 52.10533004926113
energy_range = 9
exhaustiveness = 32
num_modes = 10