center_x = 19.047781250000025
center_y = 42.77097656250002
center_z = 49.994367187499975
size_x = 22
size_y = 22
size_z = 22
energy_range = 9
exhaustiveness = 32
num_modes = 10