center_x = -14.61572457627119
center_y = 42.426305084745785
center_z = 51.4671440677966
size_x = 22
size_y = 22
size_z = 22
energy_range = 9
exhaustiveness = 32
num_modes = 10