center_x = 10.955403762662794
center_y = 42.684866859623725
center_z = 50.35685890014468
size_x = 22
size_y = 22
size_z = 22
energy_range = 9
exhaustiveness = 32
num_modes = 10