center_x = 10.658582386363635
center_y = 42.60260795454545
center_z = 50.32340625000001
size_x = 22
size_y = 22
size_z = 22
energy_range = 9
exhaustiveness = 32
num_modes = 10