center_x = 3.823550000000001
center_y = 42.53158500000001
center_z = 50.66389500000003
size_x = 22
size_y = 22
size_z = 22
energy_range = 9
exhaustiveness = 32
num_modes = 10