center_x = -3.095540322580644
center_y = 42.50839112903226
center_z = 50.925237903225806
size_x = 22
size_y = 22
size_z = 22
energy_range = 9
exhaustiveness = 32
num_modes = 10