center_x = -14.111182291666656
center_y = 42.423171875000016
center_z = 51.450718750000014
size_x = 22
size_y = 22
size_z = 22
energy_range = 9
exhaustiveness = 32
num_modes = 10