center_x = 9.714928571428572
center_y = 42.66128021978022
center_z = 50.36995054945054
size_x = 22
size_y = 22
size_z = 22
energy_range = 9
exhaustiveness = 32
num_modes = 10