center_x = 14.0694623655914
center_y = 42.65224731182792
center_z = 50.17719354838708
size_x = 22
size_y = 22
size_z = 22
energy_range = 9
exhaustiveness = 32
num_modes = 10