center_x = -26.385587939698503
center_y = 18.57655778894472
center_z = -28.469040201005026
size_x = 22
size_y = 22
size_z = 22
energy_range = 9
exhaustiveness = 32
num_modes = 10