center_x = -16.307656297420333
center_y = 13.868534901365694
center_z = -18.20848254931714
size_x = 22
size_y = 22
size_z = 22
energy_range = 9
exhaustiveness = 32
num_modes = 10