center_x = -14.845249999999991
center_y = 13.225517441860454
center_z = -16.89665697674419
size_x = 22
size_y = 22
size_z = 22
energy_range = 9
exhaustiveness = 32
num_modes = 10