center_x = -20.0105
center_y = 15.493762711864395
center_z = -21.387983050847456
size_x = 22
size_y = 22
size_z = 22
energy_range = 9
exhaustiveness = 32
num_modes = 10