center_x = -8.504019685039374
center_y = 10.668499999999993
center_z = -12.348047244094484
size_x = 22
size_y = 22
size_z = 22
energy_range = 9
exhaustiveness = 32
num_modes = 10