center_x = -25.60147142857144
center_y = 15.373290476190476
center_z = -25.361938095238088
size_x = 22
size_y = 22
size_z = 22
energy_range = 9
exhaustiveness = 32
num_modes = 10