center_x = -23.29819090909091
center_y = 15.901570454545457
center_z = -24.796831818181836
size_x = 22
size_y = 22
size_z = 22
energy_range = 9
exhaustiveness = 32
num_modes = 10