center_x = -11.26108379888268
center_y = 11.783069832402232
center_z = -13.76184916201118
size_x = 22
size_y = 22
size_z = 22
energy_range = 9
exhaustiveness = 32
num_modes = 10