center_x = -16.914939811912223
center_y = 13.809258307210024
center_z = -18.838440752351094
size_x = 22
size_y = 22
size_z = 22
energy_range = 9
exhaustiveness = 32
num_modes = 10