center_x = -13.501755725190844
center_y = 12.746595419847315
center_z = -15.857404580152677
size_x = 22
size_y = 22
size_z = 22
energy_range = 9
exhaustiveness = 32
num_modes = 10