center_x = -25.07960829493087
center_y = 15.502239631336394
center_z = -25.08200460829493
size_x = 22
size_y = 22
size_z = 22
energy_range = 9
exhaustiveness = 32
num_modes = 10