center_x = -13.441198757763972
center_y = 12.636670807453411
center_z = -15.61575776397515
size_x = 22
size_y = 22
size_z = 22
energy_range = 9
exhaustiveness = 32
num_modes = 10