center_x = -10.246457627118644
center_y = 11.383381355932208
center_z = -13.587398305084749
size_x = 22
size_y = 22
size_z = 22
energy_range = 9
exhaustiveness = 32
num_modes = 10