center_x = -10.708856321839074
center_y = 11.58675862068966
center_z = -13.291804597701155
size_x = 22
size_y = 22
size_z = 22
energy_range = 9
exhaustiveness = 32
num_modes = 10