center_x = -24.75665075921908
center_y = 17.075917570498913
center_z = -25.71453362255966
size_x = 22
size_y = 22
size_z = 22
energy_range = 9
exhaustiveness = 32
num_modes = 10