center_x = 15.8924193548387
center_y = 42.47199751861044
center_z = -2.551523573200989
size_x = 22
size_y = 22
size_z = 22
energy_range = 9
exhaustiveness = 32
num_modes = 10