center_x = 5.592429530201344
center_y = 23.419778523489917
center_z = 9.890677852348997
size_x = 22
size_y = 22
size_z = 22
energy_range = 9
exhaustiveness = 32
num_modes = 10