center_x = 11.14164285714286
center_y = 16.466130952380958
center_z = 3.3539285714285723
size_x = 22
size_y = 22
size_z = 22
energy_range = 9
exhaustiveness = 32
num_modes = 10