center_x = 21.19116393442622
center_y = 30.551319672131143
center_z = 8.348049180327871
size_x = 22
size_y = 22
size_z = 22
energy_range = 9
exhaustiveness = 32
num_modes = 10