center_x = 17.36038043478261
center_y = 24.648565217391305
center_z = -2.7438043478260856
size_x = 22
size_y = 22
size_z = 22
energy_range = 9
exhaustiveness = 32
num_modes = 10