center_x = 8.107462365591397
center_y = 24.563193548387098
center_z = -9.140677419354835
size_x = 22
size_y = 22
size_z = 22
energy_range = 9
exhaustiveness = 32
num_modes = 10