center_x = 3.4392099999999983
center_y = 23.15416
center_z = 3.341234999999999
size_x = 22
size_y = 22
size_z = 22
energy_range = 9
exhaustiveness = 32
num_modes = 10