center_x = -0.7205888888888892
center_y = 27.572299999999995
center_z = -6.000088888888886
size_x = 22
size_y = 22
size_z = 22
energy_range = 9
exhaustiveness = 32
num_modes = 10