center_x = 14.401454545454538
center_y = 32.79536969696971
center_z = 10.955648484848476
size_x = 22
size_y = 22
size_z = 22
energy_range = 9
exhaustiveness = 32
num_modes = 10