center_x = -13.775626436781613
center_y = 4.344306513409963
center_z = -21.88518390804597
size_x = 22
size_y = 22
size_z = 22
energy_range = 9
exhaustiveness = 32
num_modes = 10