center_x = -3.3322906403940884
center_y = 0.8775640394088657
center_z = -14.449775862068972
size_x = 22
size_y = 22
size_z = 22
energy_range = 9
exhaustiveness = 32
num_modes = 10