center_x = -12.701406926406928
center_y = 3.326696969696972
center_z = -22.053658008658
size_x = 22
size_y = 22
size_z = 22
energy_range = 9
exhaustiveness = 32
num_modes = 10