center_x = -20.30119294117647
center_y = 4.8718211764705925
center_z = -26.63915764705882
size_x = 22
size_y = 22
size_z = 22
energy_range = 9
exhaustiveness = 32
num_modes = 10