center_x = -6.1358653846153866
center_y = 1.4208493589743587
center_z = -18.080179487179503
size_x = 22
size_y = 22
size_z = 22
energy_range = 9
exhaustiveness = 32
num_modes = 10