center_x = -5.914825688073396
center_y = 1.2911681957186538
center_z = -17.80481345565749
size_x = 22
size_y = 22
size_z = 22
energy_range = 9
exhaustiveness = 32
num_modes = 10