center_x = -16.34430516431925
center_y = 3.36091549295775
center_z = -23.586661971831
size_x = 22
size_y = 22
size_z = 22
energy_range = 9
exhaustiveness = 32
num_modes = 10