center_x = -18.134316804407717
center_y = 4.3999641873278215
center_z = -25.92972176308537
size_x = 22
size_y = 22
size_z = 22
energy_range = 9
exhaustiveness = 32
num_modes = 10