center_x = -11.63751015801355
center_y = 2.1649322799097077
center_z = -20.532480812641086
size_x = 22
size_y = 22
size_z = 22
energy_range = 9
exhaustiveness = 32
num_modes = 10