center_x = -19.94400000000001
center_y = 4.685886685552405
center_z = -27.20737677053822
size_x = 22
size_y = 22
size_z = 22
energy_range = 9
exhaustiveness = 32
num_modes = 10