center_x = -13.146938097917866
center_y = 2.727470455824413
center_z = -20.98564997186266
size_x = 22
size_y = 22
size_z = 22
energy_range = 9
exhaustiveness = 32
num_modes = 10