center_x = -15.198510344827588
center_y = 3.6787931034482746
center_z = -23.53470344827585
size_x = 22
size_y = 22
size_z = 22
energy_range = 9
exhaustiveness = 32
num_modes = 10