center_x = -3.54989159891599
center_y = 1.0729512195121946
center_z = -14.214915989159882
size_x = 22
size_y = 22
size_z = 22
energy_range = 9
exhaustiveness = 32
num_modes = 10