center_x = -0.5382535961640916
center_y = -0.4781768779968038
center_z = -11.269897176345207
size_x = 22
size_y = 22
size_z = 22
energy_range = 9
exhaustiveness = 32
num_modes = 10