center_x = -19.013096219931267
center_y = 4.602336769759446
center_z = -26.38436769759448
size_x = 22
size_y = 22
size_z = 22
energy_range = 9
exhaustiveness = 32
num_modes = 10