center_x = -3.969080586080588
center_y = 0.7607692307692311
center_z = -14.818989010989004
size_x = 22
size_y = 22
size_z = 22
energy_range = 9
exhaustiveness = 32
num_modes = 10