center_x = 7.977919075144501
center_y = -2.8790144508670523
center_z = -5.254326589595372
size_x = 22
size_y = 22
size_z = 22
energy_range = 9
exhaustiveness = 32
num_modes = 10