center_x = -8.276631067961162
center_y = 1.8180453074433656
center_z = -18.715854368932053
size_x = 22
size_y = 22
size_z = 22
energy_range = 9
exhaustiveness = 32
num_modes = 10