center_x = -20.151785536159583
center_y = 4.66881296758105
center_z = -27.075291770573585
size_x = 22
size_y = 22
size_z = 22
energy_range = 9
exhaustiveness = 32
num_modes = 10