center_x = -20.48903049759229
center_y = 5.062868378812192
center_z = -27.440752808988805
size_x = 22
size_y = 22
size_z = 22
energy_range = 9
exhaustiveness = 32
num_modes = 10