center_x = -5.847885496183209
center_y = 1.3373842239185745
center_z = -16.399145038167944
size_x = 22
size_y = 22
size_z = 22
energy_range = 9
exhaustiveness = 32
num_modes = 10