center_x = 174.41945370370374
center_y = -17.535097222222223
center_z = 39.80590277777777
size_x = 22
size_y = 22
size_z = 22
energy_range = 9
exhaustiveness = 32
num_modes = 10