center_x = 195.068
center_y = -12.917979166666662
center_z = 23.412895833333337
size_x = 22
size_y = 22
size_z = 22
energy_range = 9
exhaustiveness = 32
num_modes = 10