center_x = 192.6729421052631
center_y = -13.195768421052628
center_z = 25.25988421052632
size_x = 22
size_y = 22
size_z = 22
energy_range = 9
exhaustiveness = 32
num_modes = 10