center_x = 194.59630084745763
center_y = -12.857881355932207
center_z = 23.65456779661016
size_x = 22
size_y = 22
size_z = 22
energy_range = 9
exhaustiveness = 32
num_modes = 10