center_x = 170.7273363636363
center_y = -17.908350000000006
center_z = 42.84133181818181
size_x = 22
size_y = 22
size_z = 22
energy_range = 9
exhaustiveness = 32
num_modes = 10