center_x = 191.42461309523816
center_y = -12.926154761904751
center_z = 26.264458333333323
size_x = 22
size_y = 22
size_z = 22
energy_range = 9
exhaustiveness = 32
num_modes = 10