center_x = 175.97926635514034
center_y = -16.388759345794387
center_z = 38.78690186915889
size_x = 22
size_y = 22
size_z = 22
energy_range = 9
exhaustiveness = 32
num_modes = 10