receptor = data/6q36/6q36_ligand.pdbqt
ligand = data/6q36/6q36_protein.pdbqt
center_x = 186.411737051793
center_y = -14.563215139442246
center_z = 30.298364541832683
size_x = 52.81852589641397
size_y = 28.85243027888449
size_z = 51.97072908366537
energy_range = 9
exhaustiveness = 32
num_modes = 10