center_x = 186.3104899193547
center_y = -14.591214717741924
center_z = 30.38913407258063
size_x = 22
size_y = 22
size_z = 22
energy_range = 9
exhaustiveness = 32
num_modes = 10