center_x = 191.0704917355371
center_y = -13.726987603305794
center_z = 26.464252066115684
size_x = 22
size_y = 22
size_z = 22
energy_range = 9
exhaustiveness = 32
num_modes = 10