center_x = 182.4569809104258
center_y = -15.256466960352418
center_z = 33.26797503671074
size_x = 22
size_y = 22
size_z = 22
energy_range = 9
exhaustiveness = 32
num_modes = 10