center_x = 177.19943469785568
center_y = -16.570500974658888
center_z = 37.21492982456142
size_x = 22
size_y = 22
size_z = 22
energy_range = 9
exhaustiveness = 32
num_modes = 10