center_x = 186.7020011467891
center_y = -14.16307110091743
center_z = 30.007194954128423
size_x = 22
size_y = 22
size_z = 22
energy_range = 9
exhaustiveness = 32
num_modes = 10