center_x = 182.80505330882332
center_y = -14.156674632352932
center_z = 32.59157536764703
size_x = 22
size_y = 22
size_z = 22
energy_range = 9
exhaustiveness = 32
num_modes = 10