center_x = 189.7484378531073
center_y = -14.063319209039545
center_z = 27.55198022598872
size_x = 22
size_y = 22
size_z = 22
energy_range = 9
exhaustiveness = 32
num_modes = 10