center_x = 189.80649590163927
center_y = -14.076918032786889
center_z = 27.63894262295081
size_x = 22
size_y = 22
size_z = 22
energy_range = 9
exhaustiveness = 32
num_modes = 10