center_x = 174.54129878048786
center_y = -16.656439024390234
center_z = 39.71513414634144
size_x = 22
size_y = 22
size_z = 22
energy_range = 9
exhaustiveness = 32
num_modes = 10