center_x = 197.2486444444444
center_y = -12.239916666666666
center_z = 21.474602777777783
size_x = 22
size_y = 22
size_z = 22
energy_range = 9
exhaustiveness = 32
num_modes = 10