center_x = 190.66105357142857
center_y = -13.958540178571424
center_z = 26.94499107142858
size_x = 22
size_y = 22
size_z = 22
energy_range = 9
exhaustiveness = 32
num_modes = 10