center_x = 176.17525524475545
center_y = -16.914842657342653
center_z = 37.86229720279722
size_x = 22
size_y = 22
size_z = 22
energy_range = 9
exhaustiveness = 32
num_modes = 10