center_x = 196.06514542936304
center_y = -12.51004986149585
center_z = 22.507691135734056
size_x = 22
size_y = 22
size_z = 22
energy_range = 9
exhaustiveness = 32
num_modes = 10