center_x = 197.32321782178224
center_y = -12.206017326732676
center_z = 21.446774752475235
size_x = 22
size_y = 22
size_z = 22
energy_range = 9
exhaustiveness = 32
num_modes = 10