center_x = 191.8686168831169
center_y = -13.534019480519484
center_z = 26.003636363636364
size_x = 22
size_y = 22
size_z = 22
energy_range = 9
exhaustiveness = 32
num_modes = 10