center_x = 184.2000866141732
center_y = -15.316736220472436
center_z = 31.794535433070894
size_x = 22
size_y = 22
size_z = 22
energy_range = 9
exhaustiveness = 32
num_modes = 10