center_x = 186.411737051793
center_y = -14.563215139442246
center_z = 30.298364541832683
size_x = 22
size_y = 22
size_z = 22
energy_range = 9
exhaustiveness = 32
num_modes = 10