center_x = 18.194010526315797
center_y = -8.152052631578949
center_z = -10.072610526315788
size_x = 22
size_y = 22
size_z = 22
energy_range = 9
exhaustiveness = 32
num_modes = 10