center_x = -2.706982456140351
center_y = -24.346811403508777
center_z = -17.69726754385965
size_x = 22
size_y = 22
size_z = 22
energy_range = 9
exhaustiveness = 32
num_modes = 10