center_x = 0.0451879194630873
center_y = -25.17220805369127
center_z = -43.70462416107381
size_x = 22
size_y = 22
size_z = 22
energy_range = 9
exhaustiveness = 32
num_modes = 10