center_x = -8.701848275862075
center_y = -15.488937931034474
center_z = -13.856531034482762
size_x = 22
size_y = 22
size_z = 22
energy_range = 9
exhaustiveness = 32
num_modes = 10