center_x = -9.385221238938056
center_y = -17.01649557522123
center_z = -3.988676991150442
size_x = 22
size_y = 22
size_z = 22
energy_range = 9
exhaustiveness = 32
num_modes = 10