center_x = 5.616302083333334
center_y = -37.87416666666667
center_z = -25.253354166666657
size_x = 22
size_y = 22
size_z = 22
energy_range = 9
exhaustiveness = 32
num_modes = 10