center_x = 13.900921212121206
center_y = -34.22674545454545
center_z = -28.87305454545456
size_x = 22
size_y = 22
size_z = 22
energy_range = 9
exhaustiveness = 32
num_modes = 10