center_x = 9.685486363636365
center_y = -14.354345454545465
center_z = -13.732181818181813
size_x = 22
size_y = 22
size_z = 22
energy_range = 9
exhaustiveness = 32
num_modes = 10