center_x = 10.780606299212597
center_y = -19.311291338582688
center_z = -11.105960629921263
size_x = 22
size_y = 22
size_z = 22
energy_range = 9
exhaustiveness = 32
num_modes = 10