center_x = -2.676130952380952
center_y = -17.623577380952387
center_z = -2.8356904761904755
size_x = 22
size_y = 22
size_z = 22
energy_range = 9
exhaustiveness = 32
num_modes = 10