center_x = 7.282436170212767
center_y = -31.1008829787234
center_z = -35.58984042553191
size_x = 22
size_y = 22
size_z = 22
energy_range = 9
exhaustiveness = 32
num_modes = 10