center_x = -11.525634615384613
center_y = -16.094442307692315
center_z = -25.696932692307705
size_x = 22
size_y = 22
size_z = 22
energy_range = 9
exhaustiveness = 32
num_modes = 10