center_x = -9.894314553990608
center_y = 4.463417840375585
center_z = -20.941103286384998
size_x = 22
size_y = 22
size_z = 22
energy_range = 9
exhaustiveness = 32
num_modes = 10