center_x = 5.671185972369821
center_y = -7.670792773645055
center_z = -20.992068012752355
size_x = 22
size_y = 22
size_z = 22
energy_range = 9
exhaustiveness = 32
num_modes = 10