center_x = -4.627831683168319
center_y = -32.46051485148514
center_z = -11.016881188118816
size_x = 22
size_y = 22
size_z = 22
energy_range = 9
exhaustiveness = 32
num_modes = 10