center_x = 12.527326923076922
center_y = 3.902467948717952
center_z = -7.033615384615386
size_x = 22
size_y = 22
size_z = 22
energy_range = 9
exhaustiveness = 32
num_modes = 10