center_x = 18.147848101265826
center_y = -28.490708860759483
center_z = -21.843025316455694
size_x = 22
size_y = 22
size_z = 22
energy_range = 9
exhaustiveness = 32
num_modes = 10