center_x = -11.86589349112426
center_y = -5.231804733727812
center_z = 2.0341952662721896
size_x = 22
size_y = 22
size_z = 22
energy_range = 9
exhaustiveness = 32
num_modes = 10