center_x = -6.808458333333334
center_y = -12.07792592592594
center_z = -35.78999999999998
size_x = 22
size_y = 22
size_z = 22
energy_range = 9
exhaustiveness = 32
num_modes = 10