center_x = -3.972484472049688
center_y = 11.44692546583851
center_z = -16.660950310559
size_x = 22
size_y = 22
size_z = 22
energy_range = 9
exhaustiveness = 32
num_modes = 10