center_x = 8.594403508771927
center_y = -13.93244736842106
center_z = 0.9880701754385964
size_x = 22
size_y = 22
size_z = 22
energy_range = 9
exhaustiveness = 32
num_modes = 10