center_x = -2.623340807174887
center_y = -22.375901345291496
center_z = -8.743376681614354
size_x = 22
size_y = 22
size_z = 22
energy_range = 9
exhaustiveness = 32
num_modes = 10