center_x = 8.84814634146342
center_y = -0.274772357723577
center_z = -37.40928455284551
size_x = 22
size_y = 22
size_z = 22
energy_range = 9
exhaustiveness = 32
num_modes = 10