center_x = 8.538342857142862
center_y = -11.30883571428572
center_z = -46.68105714285714
size_x = 22
size_y = 22
size_z = 22
energy_range = 9
exhaustiveness = 32
num_modes = 10