center_x = 13.565256410256406
center_y = -4.31982905982906
center_z = 3.023538461538461
size_x = 22
size_y = 22
size_z = 22
energy_range = 9
exhaustiveness = 32
num_modes = 10