center_x = -12.230819277108434
center_y = 0.8403253012048193
center_z = -8.117560240963849
size_x = 22
size_y = 22
size_z = 22
energy_range = 9
exhaustiveness = 32
num_modes = 10