center_x = 15.732642857142864
center_y = -21.325231092436987
center_z = -36.43510084033612
size_x = 22
size_y = 22
size_z = 22
energy_range = 9
exhaustiveness = 32
num_modes = 10