center_x = -4.040318181818181
center_y = -24.245753246753253
center_z = 1.4544025974025987
size_x = 22
size_y = 22
size_z = 22
energy_range = 9
exhaustiveness = 32
num_modes = 10