center_x = -8.748720588235292
center_y = -31.463191176470573
center_z = 2.3622058823529404
size_x = 22
size_y = 22
size_z = 22
energy_range = 9
exhaustiveness = 32
num_modes = 10