center_x = 15.990304878048782
center_y = -23.26941463414634
center_z = -4.651097560975608
size_x = 22
size_y = 22
size_z = 22
energy_range = 9
exhaustiveness = 32
num_modes = 10