center_x = 1.5241193181818182
center_y = -28.706784090909103
center_z = 4.980011363636364
size_x = 22
size_y = 22
size_z = 22
energy_range = 9
exhaustiveness = 32
num_modes = 10