center_x = -11.162961038961036
center_y = -52.23005194805194
center_z = -8.505818181818187
size_x = 22
size_y = 22
size_z = 22
energy_range = 9
exhaustiveness = 32
num_modes = 10