center_x = -4.931193103448275
center_y = -48.60415862068968
center_z = -16.125048275862074
size_x = 22
size_y = 22
size_z = 22
energy_range = 9
exhaustiveness = 32
num_modes = 10