center_x = -0.041081250000001
center_y = -48.58047499999999
center_z = -8.0021
size_x = 22
size_y = 22
size_z = 22
energy_range = 9
exhaustiveness = 32
num_modes = 10