center_x = 15.094161971830983
center_y = -32.82216901408451
center_z = -13.44553521126761
size_x = 22
size_y = 22
size_z = 22
energy_range = 9
exhaustiveness = 32
num_modes = 10