center_x = 0.7582080000000002
center_y = -31.860327999999992
center_z = -19.662712000000003
size_x = 22
size_y = 22
size_z = 22
energy_range = 9
exhaustiveness = 32
num_modes = 10