center_x = -24.686328358208957
center_y = -43.59073880597015
center_z = -11.273716417910444
size_x = 22
size_y = 22
size_z = 22
energy_range = 9
exhaustiveness = 32
num_modes = 10