center_x = -12.95268702290076
center_y = -50.61997709923663
center_z = -16.034175572519086
size_x = 22
size_y = 22
size_z = 22
energy_range = 9
exhaustiveness = 32
num_modes = 10