center_x = -3.9948876404494382
center_y = -45.31387640449437
center_z = -23.439067415730342
size_x = 22
size_y = 22
size_z = 22
energy_range = 9
exhaustiveness = 32
num_modes = 10