center_x = -20.00617857142858
center_y = -46.36259523809523
center_z = -5.4762023809523805
size_x = 22
size_y = 22
size_z = 22
energy_range = 9
exhaustiveness = 32
num_modes = 10