center_x = -15.366219251336894
center_y = -36.08071657754008
center_z = -3.360903743315508
size_x = 22
size_y = 22
size_z = 22
energy_range = 9
exhaustiveness = 32
num_modes = 10