center_x = -12.501952380952376
center_y = -47.24558095238095
center_z = -28.205457142857146
size_x = 22
size_y = 22
size_z = 22
energy_range = 9
exhaustiveness = 32
num_modes = 10