center_x = -3.1329200000000004
center_y = -7.212619999999999
center_z = -5.64618
size_x = 22
size_y = 22
size_z = 22
energy_range = 9
exhaustiveness = 32
num_modes = 10