center_x = -22.842287500000005
center_y = -50.71534999999999
center_z = -32.14497499999999
size_x = 22
size_y = 22
size_z = 22
energy_range = 9
exhaustiveness = 32
num_modes = 10