center_x = -22.36266806722691
center_y = -23.65255462184873
center_z = -13.510773109243702
size_x = 22
size_y = 22
size_z = 22
energy_range = 9
exhaustiveness = 32
num_modes = 10