center_x = 10.293496598639456
center_y = -19.94910204081633
center_z = -2.7327823129251696
size_x = 22
size_y = 22
size_z = 22
energy_range = 9
exhaustiveness = 32
num_modes = 10