center_x = -16.07274444444445
center_y = -31.62547777777778
center_z = -33.42256666666666
size_x = 22
size_y = 22
size_z = 22
energy_range = 9
exhaustiveness = 32
num_modes = 10