center_x = -20.90456172839505
center_y = -51.05033950617285
center_z = -17.79427777777779
size_x = 22
size_y = 22
size_z = 22
energy_range = 9
exhaustiveness = 32
num_modes = 10