center_x = 9.750921428571424
center_y = -30.923228571428588
center_z = 7.198185714285718
size_x = 22
size_y = 22
size_z = 22
energy_range = 9
exhaustiveness = 32
num_modes = 10