center_x = -26.776452554744537
center_y = -37.090321167883175
center_z = -7.328270072992698
size_x = 22
size_y = 22
size_z = 22
energy_range = 9
exhaustiveness = 32
num_modes = 10