center_x = -7.250869863013696
center_y = -34.28992465753426
center_z = -16.248890410958918
size_x = 22
size_y = 22
size_z = 22
energy_range = 9
exhaustiveness = 32
num_modes = 10