center_x = -8.747114285714286
center_y = -49.84352380952381
center_z = 1.8433333333333333
size_x = 22
size_y = 22
size_z = 22
energy_range = 9
exhaustiveness = 32
num_modes = 10