center_x = -19.243270935960595
center_y = -11.897024630541868
center_z = -10.69581773399015
size_x = 22
size_y = 22
size_z = 22
energy_range = 9
exhaustiveness = 32
num_modes = 10