center_x = -17.515828571428585
center_y = -53.105733333333305
center_z = -29.57913333333333
size_x = 22
size_y = 22
size_z = 22
energy_range = 9
exhaustiveness = 32
num_modes = 10