center_x = -25.388296
center_y = -25.571320000000004
center_z = -18.919311999999994
size_x = 22
size_y = 22
size_z = 22
energy_range = 9
exhaustiveness = 32
num_modes = 10