center_x = -15.017648854961829
center_y = -20.577213740458014
center_z = -7.721312977099239
size_x = 22
size_y = 22
size_z = 22
energy_range = 9
exhaustiveness = 32
num_modes = 10