center_x = 9.58138095238095
center_y = -18.40252380952382
center_z = -12.93345714285714
size_x = 22
size_y = 22
size_z = 22
energy_range = 9
exhaustiveness = 32
num_modes = 10