center_x = 10.344373015873012
center_y = -36.97538095238096
center_z = 4.784309523809527
size_x = 22
size_y = 22
size_z = 22
energy_range = 9
exhaustiveness = 32
num_modes = 10