center_x = -55.620608
center_y = -23.701935999999996
center_z = 39.241424
size_x = 22
size_y = 22
size_z = 22
energy_range = 9
exhaustiveness = 32
num_modes = 10