center_x = -44.12438571428575
center_y = -21.49441428571428
center_z = 26.06855714285716
size_x = 22
size_y = 22
size_z = 22
energy_range = 9
exhaustiveness = 32
num_modes = 10