center_x = -18.77095121951221
center_y = -36.62578048780487
center_z = 31.445109756097576
size_x = 22
size_y = 22
size_z = 22
energy_range = 9
exhaustiveness = 32
num_modes = 10