center_x = -40.60036434108529
center_y = 5.498356589147287
center_z = 14.672209302325587
size_x = 22
size_y = 22
size_z = 22
energy_range = 9
exhaustiveness = 32
num_modes = 10