center_x = -51.74241095890411
center_y = -9.809431506849316
center_z = 20.94946575342465
size_x = 22
size_y = 22
size_z = 22
energy_range = 9
exhaustiveness = 32
num_modes = 10