center_x = -36.69166463414633
center_y = -38.779817073170726
center_z = 19.126237804878052
size_x = 22
size_y = 22
size_z = 22
energy_range = 9
exhaustiveness = 32
num_modes = 10