center_x = -44.3850704225352
center_y = -0.6040845070422531
center_z = 11.732746478873237
size_x = 22
size_y = 22
size_z = 22
energy_range = 9
exhaustiveness = 32
num_modes = 10