center_x = -41.125503875969
center_y = -20.277248062015502
center_z = 5.329279069767444
size_x = 22
size_y = 22
size_z = 22
energy_range = 9
exhaustiveness = 32
num_modes = 10