center_x = -25.017316770186337
center_y = -29.46626708074535
center_z = 18.853919254658383
size_x = 22
size_y = 22
size_z = 22
energy_range = 9
exhaustiveness = 32
num_modes = 10