center_x = -60.56036486486486
center_y = -29.372405405405413
center_z = 29.504783783783783
size_x = 22
size_y = 22
size_z = 22
energy_range = 9
exhaustiveness = 32
num_modes = 10