center_x = -43.23032110091744
center_y = -4.20844036697248
center_z = 35.98523853211009
size_x = 22
size_y = 22
size_z = 22
energy_range = 9
exhaustiveness = 32
num_modes = 10