center_x = -51.299757009345775
center_y = -42.797523364485976
center_z = 19.816009345794388
size_x = 22
size_y = 22
size_z = 22
energy_range = 9
exhaustiveness = 32
num_modes = 10