center_x = -39.3018491620112
center_y = -44.35009497206701
center_z = 48.97754748603354
size_x = 22
size_y = 22
size_z = 22
energy_range = 9
exhaustiveness = 32
num_modes = 10