center_x = -31.83955789473684
center_y = -3.5301578947368424
center_z = 20.74947368421054
size_x = 22
size_y = 22
size_z = 22
energy_range = 9
exhaustiveness = 32
num_modes = 10