center_x = -56.86709821428572
center_y = 13.834598214285704
center_z = 7.880589285714284
size_x = 22
size_y = 22
size_z = 22
energy_range = 9
exhaustiveness = 32
num_modes = 10