center_x = -48.17569607843137
center_y = -23.724372549019613
center_z = 18.815352941176464
size_x = 22
size_y = 22
size_z = 22
energy_range = 9
exhaustiveness = 32
num_modes = 10