center_x = -35.69040944881891
center_y = -24.62671653543307
center_z = 16.694771653543306
size_x = 22
size_y = 22
size_z = 22
energy_range = 9
exhaustiveness = 32
num_modes = 10