center_x = -58.751439759036174
center_y = -9.0421265060241
center_z = -2.267102409638553
size_x = 22
size_y = 22
size_z = 22
energy_range = 9
exhaustiveness = 32
num_modes = 10