center_x = -35.18158974358975
center_y = -43.607923076923086
center_z = 28.77367307692306
size_x = 22
size_y = 22
size_z = 22
energy_range = 9
exhaustiveness = 32
num_modes = 10