center_x = -34.065551401869165
center_y = -30.80025233644859
center_z = 12.433467289719625
size_x = 22
size_y = 22
size_z = 22
energy_range = 9
exhaustiveness = 32
num_modes = 10