center_x = -27.37186486486486
center_y = -36.20595495495495
center_z = 51.68427927927926
size_x = 22
size_y = 22
size_z = 22
energy_range = 9
exhaustiveness = 32
num_modes = 10