center_x = -67.69576666666666
center_y = -26.874144444444443
center_z = 15.371288888888891
size_x = 22
size_y = 22
size_z = 22
energy_range = 9
exhaustiveness = 32
num_modes = 10