center_x = -67.07361068702288
center_y = -8.653030534351142
center_z = 10.8837251908397
size_x = 22
size_y = 22
size_z = 22
energy_range = 9
exhaustiveness = 32
num_modes = 10