center_x = -43.37982022471909
center_y = -28.411696629213484
center_z = 7.943932584269661
size_x = 22
size_y = 22
size_z = 22
energy_range = 9
exhaustiveness = 32
num_modes = 10