center_x = -44.81383211678834
center_y = -31.66821167883213
center_z = 17.260846715328462
size_x = 22
size_y = 22
size_z = 22
energy_range = 9
exhaustiveness = 32
num_modes = 10