center_x = -38.97928494623654
center_y = -30.97431720430105
center_z = 30.931604838709717
size_x = 22
size_y = 22
size_z = 22
energy_range = 9
exhaustiveness = 32
num_modes = 10