center_x = -54.73070833333333
center_y = -40.339250000000014
center_z = 38.10755833333331
size_x = 22
size_y = 22
size_z = 22
energy_range = 9
exhaustiveness = 32
num_modes = 10