center_x = -51.52368992248061
center_y = -1.533604651162791
center_z = 7.92202325581395
size_x = 22
size_y = 22
size_z = 22
energy_range = 9
exhaustiveness = 32
num_modes = 10