center_x = -26.24053571428569
center_y = -40.65847142857142
center_z = 39.4964857142857
size_x = 22
size_y = 22
size_z = 22
energy_range = 9
exhaustiveness = 32
num_modes = 10