center_x = -36.951395973154376
center_y = -13.208107382550343
center_z = 14.435416107382547
size_x = 22
size_y = 22
size_z = 22
energy_range = 9
exhaustiveness = 32
num_modes = 10