center_x = -34.00793023255814
center_y = -21.840186046511626
center_z = 8.909093023255815
size_x = 22
size_y = 22
size_z = 22
energy_range = 9
exhaustiveness = 32
num_modes = 10