center_x = -44.86228735632182
center_y = -30.239632183908057
center_z = 12.981080459770116
size_x = 22
size_y = 22
size_z = 22
energy_range = 9
exhaustiveness = 32
num_modes = 10