center_x = -55.90011111111109
center_y = -35.19367676767677
center_z = 9.336727272727272
size_x = 22
size_y = 22
size_z = 22
energy_range = 9
exhaustiveness = 32
num_modes = 10