center_x = -53.29748091603054
center_y = -48.049083969465656
center_z = 33.62996946564887
size_x = 22
size_y = 22
size_z = 22
energy_range = 9
exhaustiveness = 32
num_modes = 10