center_x = -39.83854545454548
center_y = -48.64246363636367
center_z = 37.6013
size_x = 22
size_y = 22
size_z = 22
energy_range = 9
exhaustiveness = 32
num_modes = 10