center_x = -52.478538461538456
center_y = 0.3056373626373631
center_z = 31.884494505494505
size_x = 22
size_y = 22
size_z = 22
energy_range = 9
exhaustiveness = 32
num_modes = 10