center_x = -44.86526950354605
center_y = -35.44970567375891
center_z = 47.45353191489362
size_x = 22
size_y = 22
size_z = 22
energy_range = 9
exhaustiveness = 32
num_modes = 10