center_x = 36.45489805825244
center_y = -12.494315533980592
center_z = 20.14863106796116
size_x = 22
size_y = 22
size_z = 22
energy_range = 9
exhaustiveness = 32
num_modes = 10