center_x = 43.661812903225794
center_y = 7.144712903225803
center_z = 21.147825806451618
size_x = 22
size_y = 22
size_z = 22
energy_range = 9
exhaustiveness = 32
num_modes = 10