center_x = 27.4802275862069
center_y = 8.038858620689666
center_z = 29.763699999999996
size_x = 22
size_y = 22
size_z = 22
energy_range = 9
exhaustiveness = 32
num_modes = 10