center_x = 30.74048660714285
center_y = 4.097062499999997
center_z = 34.63873214285712
size_x = 22
size_y = 22
size_z = 22
energy_range = 9
exhaustiveness = 32
num_modes = 10