center_x = 45.80536250000001
center_y = 1.820520000000002
center_z = 19.821357500000005
size_x = 22
size_y = 22
size_z = 22
energy_range = 9
exhaustiveness = 32
num_modes = 10