center_x = 32.93792237442922
center_y = 0.7668858447488586
center_z = 35.993856164383565
size_x = 22
size_y = 22
size_z = 22
energy_range = 9
exhaustiveness = 32
num_modes = 10