center_x = 40.54355072463766
center_y = 9.461112318840591
center_z = 21.002260869565237
size_x = 22
size_y = 22
size_z = 22
energy_range = 9
exhaustiveness = 32
num_modes = 10