center_x = 29.98897368421053
center_y = 6.838723684210524
center_z = 20.54043421052632
size_x = 22
size_y = 22
size_z = 22
energy_range = 9
exhaustiveness = 32
num_modes = 10