center_x = 36.47851282051282
center_y = -2.269939102564101
center_z = 29.379650641025645
size_x = 22
size_y = 22
size_z = 22
energy_range = 9
exhaustiveness = 32
num_modes = 10