center_x = 45.49493979933117
center_y = -1.5026103678929774
center_z = 17.386264214046825
size_x = 22
size_y = 22
size_z = 22
energy_range = 9
exhaustiveness = 32
num_modes = 10