center_x = 38.80354545454546
center_y = -1.3056090909090907
center_z = 15.633445454545445
size_x = 22
size_y = 22
size_z = 22
energy_range = 9
exhaustiveness = 32
num_modes = 10