center_x = 41.65030701754387
center_y = -4.898162280701756
center_z = 13.370574561403512
size_x = 22
size_y = 22
size_z = 22
energy_range = 9
exhaustiveness = 32
num_modes = 10