center_x = 35.45792446043165
center_y = 3.679107913669064
center_z = 24.342838129496425
size_x = 22
size_y = 22
size_z = 22
energy_range = 9
exhaustiveness = 32
num_modes = 10