center_x = 47.84887771739126
center_y = -1.387649456521738
center_z = 20.74027445652173
size_x = 22
size_y = 22
size_z = 22
energy_range = 9
exhaustiveness = 32
num_modes = 10