center_x = 46.07462755102042
center_y = -7.6972193877551005
center_z = 14.419540816326531
size_x = 22
size_y = 22
size_z = 22
energy_range = 9
exhaustiveness = 32
num_modes = 10