center_x = 23.969854430379755
center_y = 8.400284810126584
center_z = 37.94949999999999
size_x = 22
size_y = 22
size_z = 22
energy_range = 9
exhaustiveness = 32
num_modes = 10