center_x = 40.39849999999998
center_y = -4.727107692307693
center_z = 28.25912692307693
size_x = 22
size_y = 22
size_z = 22
energy_range = 9
exhaustiveness = 32
num_modes = 10