center_x = 29.446951388888905
center_y = 9.83388194444444
center_z = 35.46455555555556
size_x = 22
size_y = 22
size_z = 22
energy_range = 9
exhaustiveness = 32
num_modes = 10