center_x = 39.944489864864856
center_y = -10.37177702702703
center_z = 20.690814189189187
size_x = 22
size_y = 22
size_z = 22
energy_range = 9
exhaustiveness = 32
num_modes = 10