center_x = 30.586952702702696
center_y = -3.9067668918918943
center_z = 21.894165540540552
size_x = 22
size_y = 22
size_z = 22
energy_range = 9
exhaustiveness = 32
num_modes = 10