center_x = 27.39166379310345
center_y = 7.713893678160927
center_z = 28.93400574712645
size_x = 22
size_y = 22
size_z = 22
energy_range = 9
exhaustiveness = 32
num_modes = 10