center_x = 23.3629
center_y = 5.358869565217391
center_z = 34.251982608695634
size_x = 22
size_y = 22
size_z = 22
energy_range = 9
exhaustiveness = 32
num_modes = 10