center_x = 29.20381638418079
center_y = -4.208149717514124
center_z = 26.408135593220354
size_x = 22
size_y = 22
size_z = 22
energy_range = 9
exhaustiveness = 32
num_modes = 10