center_x = 51.27889928057552
center_y = -0.5246942446043167
center_z = 18.94571223021581
size_x = 22
size_y = 22
size_z = 22
energy_range = 9
exhaustiveness = 32
num_modes = 10