center_x = 33.42895327102805
center_y = -2.3307663551401885
center_z = 27.977004672897174
size_x = 22
size_y = 22
size_z = 22
energy_range = 9
exhaustiveness = 32
num_modes = 10