center_x = 35.178131372549025
center_y = -5.247629411764709
center_z = 22.51573333333332
size_x = 22
size_y = 22
size_z = 22
energy_range = 9
exhaustiveness = 32
num_modes = 10