center_x = 36.478512820512805
center_y = -2.269939102564102
center_z = 29.37965064102562
size_x = 22
size_y = 22
size_z = 22
energy_range = 9
exhaustiveness = 32
num_modes = 10