center_x = 37.23691666666672
center_y = -3.3834166666666667
center_z = 17.93397756410256
size_x = 22
size_y = 22
size_z = 22
energy_range = 9
exhaustiveness = 32
num_modes = 10