center_x = 36.31836842105263
center_y = -4.654212918660289
center_z = 21.74125598086124
size_x = 22
size_y = 22
size_z = 22
energy_range = 9
exhaustiveness = 32
num_modes = 10