center_x = 32.83343604651163
center_y = -9.99678488372093
center_z = 26.3559476744186
size_x = 22
size_y = 22
size_z = 22
energy_range = 9
exhaustiveness = 32
num_modes = 10