center_x = 48.6587872340425
center_y = -1.3602588652482253
center_z = 20.125180851063845
size_x = 22
size_y = 22
size_z = 22
energy_range = 9
exhaustiveness = 32
num_modes = 10