center_x = 44.75011111111112
center_y = -7.632272727272725
center_z = 12.439828282828277
size_x = 22
size_y = 22
size_z = 22
energy_range = 9
exhaustiveness = 32
num_modes = 10