center_x = 23.40000000000001
center_y = 0.9270181818181812
center_z = 34.089177272727234
size_x = 22
size_y = 22
size_z = 22
energy_range = 9
exhaustiveness = 32
num_modes = 10