center_x = 45.49493979933113
center_y = -1.502610367892978
center_z = 17.3862642140468
size_x = 22
size_y = 22
size_z = 22
energy_range = 9
exhaustiveness = 32
num_modes = 10