center_x = 24.51793689320389
center_y = 0.3114902912621359
center_z = 28.594155339805837
size_x = 22
size_y = 22
size_z = 22
energy_range = 9
exhaustiveness = 32
num_modes = 10