center_x = 42.03608101851852
center_y = 0.2620601851851852
center_z = 26.03021527777776
size_x = 22
size_y = 22
size_z = 22
energy_range = 9
exhaustiveness = 32
num_modes = 10