center_x = 34.2944761904762
center_y = -7.853886904761902
center_z = 18.45423809523808
size_x = 22
size_y = 22
size_z = 22
energy_range = 9
exhaustiveness = 32
num_modes = 10