center_x = 38.48632770270269
center_y = 10.528810810810814
center_z = 25.98931081081081
size_x = 22
size_y = 22
size_z = 22
energy_range = 9
exhaustiveness = 32
num_modes = 10