center_x = 40.00442903225803
center_y = 10.947990322580663
center_z = 21.597096774193545
size_x = 22
size_y = 22
size_z = 22
energy_range = 9
exhaustiveness = 32
num_modes = 10