center_x = 44.967227626459085
center_y = -1.1915272373540864
center_z = 24.92450972762644
size_x = 22
size_y = 22
size_z = 22
energy_range = 9
exhaustiveness = 32
num_modes = 10