center_x = 27.96782584269663
center_y = -3.051887640449437
center_z = 26.74680337078651
size_x = 22
size_y = 22
size_z = 22
energy_range = 9
exhaustiveness = 32
num_modes = 10