center_x = 32.88096363636364
center_y = 26.95946363636364
center_z = 19.861481818181822
size_x = 22
size_y = 22
size_z = 22
energy_range = 9
exhaustiveness = 32
num_modes = 10