center_x = 14.989671875000006
center_y = 20.613265625
center_z = 35.98506249999999
size_x = 22
size_y = 22
size_z = 22
energy_range = 9
exhaustiveness = 32
num_modes = 10