center_x = 28.01548872180452
center_y = 44.81062406015036
center_z = -0.7302781954887215
size_x = 22
size_y = 22
size_z = 22
energy_range = 9
exhaustiveness = 32
num_modes = 10