center_x = 0.3330673076923075
center_y = 23.863317307692306
center_z = 15.110009615384609
size_x = 22
size_y = 22
size_z = 22
energy_range = 9
exhaustiveness = 32
num_modes = 10