center_x = 8.455536804308803
center_y = 27.69614183123877
center_z = 17.225599640933567
size_x = 22
size_y = 22
size_z = 22
energy_range = 9
exhaustiveness = 32
num_modes = 10