center_x = 22.694675958188142
center_y = 36.3726550522648
center_z = 26.11963066202092
size_x = 22
size_y = 22
size_z = 22
energy_range = 9
exhaustiveness = 32
num_modes = 10