center_x = 13.21610434782609
center_y = 15.486486956521738
center_z = 24.178208695652177
size_x = 22
size_y = 22
size_z = 22
energy_range = 9
exhaustiveness = 32
num_modes = 10