center_x = -13.532798076923068
center_y = 16.38074038461539
center_z = 8.713778846153847
size_x = 22
size_y = 22
size_z = 22
energy_range = 9
exhaustiveness = 32
num_modes = 10