center_x = 6.337039772727274
center_y = 20.15756818181819
center_z = 7.773414772727276
size_x = 22
size_y = 22
size_z = 22
energy_range = 9
exhaustiveness = 32
num_modes = 10