center_x = -2.081800000000001
center_y = 21.31417037037038
center_z = 21.52243703703704
size_x = 22
size_y = 22
size_z = 22
energy_range = 9
exhaustiveness = 32
num_modes = 10