center_x = 19.761895652173912
center_y = 14.530330434782613
center_z = 30.00172173913045
size_x = 22
size_y = 22
size_z = 22
energy_range = 9
exhaustiveness = 32
num_modes = 10