center_x = -3.7886348314606737
center_y = 18.092286516853928
center_z = -2.717011235955056
size_x = 22
size_y = 22
size_z = 22
energy_range = 9
exhaustiveness = 32
num_modes = 10