center_x = 16.16830612244898
center_y = 23.20365306122449
center_z = -0.6324081632653065
size_x = 22
size_y = 22
size_z = 22
energy_range = 9
exhaustiveness = 32
num_modes = 10