center_x = 0.0865648148148149
center_y = 34.10907407407408
center_z = 9.224981481481482
size_x = 22
size_y = 22
size_z = 22
energy_range = 9
exhaustiveness = 32
num_modes = 10