center_x = 25.456009302325576
center_y = 15.148623255813954
center_z = 21.011586046511628
size_x = 22
size_y = 22
size_z = 22
energy_range = 9
exhaustiveness = 32
num_modes = 10