center_x = -3.0422384615384623
center_y = 29.946215384615385
center_z = 22.616200000000006
size_x = 22
size_y = 22
size_z = 22
energy_range = 9
exhaustiveness = 32
num_modes = 10