center_x = 16.866929347826094
center_y = 21.326592391304352
center_z = 7.7906358695652145
size_x = 22
size_y = 22
size_z = 22
energy_range = 9
exhaustiveness = 32
num_modes = 10