center_x = -8.641044444444445
center_y = 25.911988888888875
center_z = 0.321733333333334
size_x = 22
size_y = 22
size_z = 22
energy_range = 9
exhaustiveness = 32
num_modes = 10