center_x = 21.17531012658229
center_y = 42.859683544303806
center_z = 15.45539240506329
size_x = 22
size_y = 22
size_z = 22
energy_range = 9
exhaustiveness = 32
num_modes = 10