center_x = 30.36544615384615
center_y = -33.37434615384616
center_z = 15.673846153846153
size_x = 22
size_y = 22
size_z = 22
energy_range = 9
exhaustiveness = 32
num_modes = 10