center_x = -4.082833333333332
center_y = 5.66678787878788
center_z = 27.71671212121213
size_x = 22
size_y = 22
size_z = 22
energy_range = 9
exhaustiveness = 32
num_modes = 10