center_x = 25.502455999999995
center_y = 17.566760000000002
center_z = 47.86049600000001
size_x = 22
size_y = 22
size_z = 22
energy_range = 9
exhaustiveness = 32
num_modes = 10