center_x = 14.698238938053096
center_y = 20.050902654867254
center_z = 48.04260176991149
size_x = 22
size_y = 22
size_z = 22
energy_range = 9
exhaustiveness = 32
num_modes = 10