center_x = 25.88606796116505
center_y = 23.17874757281553
center_z = 44.83872815533981
size_x = 22
size_y = 22
size_z = 22
energy_range = 9
exhaustiveness = 32
num_modes = 10