center_x = 23.643145161290324
center_y = 12.237387096774198
center_z = 37.71487903225805
size_x = 22
size_y = 22
size_z = 22
energy_range = 9
exhaustiveness = 32
num_modes = 10