center_x = 18.83657236842105
center_y = -16.59726973684211
center_z = 18.79592763157894
size_x = 22
size_y = 22
size_z = 22
energy_range = 9
exhaustiveness = 32
num_modes = 10