center_x = 22.92361963190184
center_y = 20.24149079754601
center_z = 36.46073006134972
size_x = 22
size_y = 22
size_z = 22
energy_range = 9
exhaustiveness = 32
num_modes = 10