center_x = 22.15278378378378
center_y = 21.31937837837837
center_z = 29.582027027027028
size_x = 22
size_y = 22
size_z = 22
energy_range = 9
exhaustiveness = 32
num_modes = 10