center_x = 0.9751702127659576
center_y = 9.276425531914892
center_z = 30.473978723404265
size_x = 22
size_y = 22
size_z = 22
energy_range = 9
exhaustiveness = 32
num_modes = 10