center_x = 15.70073943661971
center_y = -9.77638732394366
center_z = 28.681338028169
size_x = 22
size_y = 22
size_z = 22
energy_range = 9
exhaustiveness = 32
num_modes = 10