center_x = 9.573896551724138
center_y = -2.538448275862069
center_z = 41.48630459770113
size_x = 22
size_y = 22
size_z = 22
energy_range = 9
exhaustiveness = 32
num_modes = 10