center_x = 20.281736196319013
center_y = -33.52546625766869
center_z = 16.08819631901841
size_x = 22
size_y = 22
size_z = 22
energy_range = 9
exhaustiveness = 32
num_modes = 10