center_x = 23.42838562091504
center_y = -18.49229411764706
center_z = 30.019751633986928
size_x = 22
size_y = 22
size_z = 22
energy_range = 9
exhaustiveness = 32
num_modes = 10