center_x = 10.532355555555547
center_y = 9.32626666666667
center_z = 33.076000000000015
size_x = 22
size_y = 22
size_z = 22
energy_range = 9
exhaustiveness = 32
num_modes = 10