center_x = 18.86129197080292
center_y = -11.888175182481753
center_z = 15.875481751824823
size_x = 22
size_y = 22
size_z = 22
energy_range = 9
exhaustiveness = 32
num_modes = 10