center_x = 23.19007534246575
center_y = -35.54722602739723
center_z = 11.772999999999996
size_x = 22
size_y = 22
size_z = 22
energy_range = 9
exhaustiveness = 32
num_modes = 10