center_x = 13.894179104477612
center_y = 19.655238805970143
center_z = 35.67897014925373
size_x = 22
size_y = 22
size_z = 22
energy_range = 9
exhaustiveness = 32
num_modes = 10