center_x = -1.6976857142857145
center_y = 11.23624285714286
center_z = 27.712742857142867
size_x = 22
size_y = 22
size_z = 22
energy_range = 9
exhaustiveness = 32
num_modes = 10