center_x = 20.895265822784825
center_y = -37.26351898734176
center_z = 22.15249367088608
size_x = 22
size_y = 22
size_z = 22
energy_range = 9
exhaustiveness = 32
num_modes = 10