center_x = 44.60406428571432
center_y = 9.807521428571429
center_z = 63.65295
size_x = 22
size_y = 22
size_z = 22
energy_range = 9
exhaustiveness = 32
num_modes = 10