center_x = 37.61308181818182
center_y = -2.725872727272728
center_z = 63.509018181818185
size_x = 22
size_y = 22
size_z = 22
energy_range = 9
exhaustiveness = 32
num_modes = 10