center_x = 43.27454085603117
center_y = 2.0997859922178987
center_z = 56.3374319066148
size_x = 22
size_y = 22
size_z = 22
energy_range = 9
exhaustiveness = 32
num_modes = 10