center_x = 24.71073999999999
center_y = 8.192410000000002
center_z = 80.60146999999999
size_x = 22
size_y = 22
size_z = 22
energy_range = 9
exhaustiveness = 32
num_modes = 10