center_x = 27.2580744680851
center_y = 13.559340425531913
center_z = 63.7604893617021
size_x = 22
size_y = 22
size_z = 22
energy_range = 9
exhaustiveness = 32
num_modes = 10