center_x = 33.12121779141103
center_y = 8.016334355828223
center_z = 76.80394171779136
size_x = 22
size_y = 22
size_z = 22
energy_range = 9
exhaustiveness = 32
num_modes = 10