center_x = 92.73800000000004
center_y = 91.34505426356588
center_z = -24.43737984496124
size_x = 22
size_y = 22
size_z = 22
energy_range = 9
exhaustiveness = 32
num_modes = 10