center_x = 91.2606440677966
center_y = 85.04070338983054
center_z = -45.513305084745774
size_x = 22
size_y = 22
size_z = 22
energy_range = 9
exhaustiveness = 32
num_modes = 10