center_x = 97.82819852941178
center_y = 93.57553676470586
center_z = -27.68647794117647
size_x = 22
size_y = 22
size_z = 22
energy_range = 9
exhaustiveness = 32
num_modes = 10