center_x = 97.64077714285712
center_y = 80.66357142857143
center_z = -14.80398285714286
size_x = 22
size_y = 22
size_z = 22
energy_range = 9
exhaustiveness = 32
num_modes = 10