center_x = 99.3110165289256
center_y = 75.68225619834708
center_z = -31.32333884297521
size_x = 22
size_y = 22
size_z = 22
energy_range = 9
exhaustiveness = 32
num_modes = 10