center_x = 93.27073640167367
center_y = 93.53290794979075
center_z = -43.46531799163181
size_x = 22
size_y = 22
size_z = 22
energy_range = 9
exhaustiveness = 32
num_modes = 10