center_x = 85.99629629629628
center_y = 82.98507407407406
center_z = -30.73377777777777
size_x = 22
size_y = 22
size_z = 22
energy_range = 9
exhaustiveness = 32
num_modes = 10