center_x = 102.4380485436893
center_y = 69.21703883495148
center_z = -33.76269902912621
size_x = 22
size_y = 22
size_z = 22
energy_range = 9
exhaustiveness = 32
num_modes = 10