center_x = -12.331508771929816
center_y = -12.17659210526316
center_z = 14.939780701754382
size_x = 22
size_y = 22
size_z = 22
energy_range = 9
exhaustiveness = 32
num_modes = 10