center_x = -13.475019178082194
center_y = -12.88108219178083
center_z = 15.355953424657548
size_x = 22
size_y = 22
size_z = 22
energy_range = 9
exhaustiveness = 32
num_modes = 10