center_x = -21.236562043795637
center_y = -15.015605839416065
center_z = 22.448605839416047
size_x = 22
size_y = 22
size_z = 22
energy_range = 9
exhaustiveness = 32
num_modes = 10