center_x = -24.895416289592774
center_y = -16.370158371040727
center_z = 25.59040723981901
size_x = 22
size_y = 22
size_z = 22
energy_range = 9
exhaustiveness = 32
num_modes = 10