center_x = -26.21934848484849
center_y = -18.209382575757584
center_z = 27.23629166666667
size_x = 22
size_y = 22
size_z = 22
energy_range = 9
exhaustiveness = 32
num_modes = 10