center_x = -20.075645833333336
center_y = -15.572493055555553
center_z = 21.667111111111105
size_x = 22
size_y = 22
size_z = 22
energy_range = 9
exhaustiveness = 32
num_modes = 10