center_x = -27.29446484375
center_y = -18.9802734375
center_z = 26.768125000000005
size_x = 22
size_y = 22
size_z = 22
energy_range = 9
exhaustiveness = 32
num_modes = 10