center_x = -27.88777435897437
center_y = -18.93140512820512
center_z = 29.0050717948718
size_x = 22
size_y = 22
size_z = 22
energy_range = 9
exhaustiveness = 32
num_modes = 10