center_x = -31.11178010471203
center_y = -20.877780104712045
center_z = 27.328015706806287
size_x = 22
size_y = 22
size_z = 22
energy_range = 9
exhaustiveness = 32
num_modes = 10