center_x = -17.620334775086498
center_y = -14.007945501730106
center_z = 19.57276038062285
size_x = 22
size_y = 22
size_z = 22
energy_range = 9
exhaustiveness = 32
num_modes = 10