center_x = -11.607619136960608
center_y = -11.81170731707317
center_z = 13.925007504690443
size_x = 22
size_y = 22
size_z = 22
energy_range = 9
exhaustiveness = 32
num_modes = 10