center_x = -12.578017937219723
center_y = -11.491748878923774
center_z = 16.628286995515698
size_x = 22
size_y = 22
size_z = 22
energy_range = 9
exhaustiveness = 32
num_modes = 10