center_x = -19.609433333333325
center_y = -15.363506060606058
center_z = 21.16909393939394
size_x = 22
size_y = 22
size_z = 22
energy_range = 9
exhaustiveness = 32
num_modes = 10