center_x = -10.18040974212035
center_y = -11.584530085959884
center_z = 13.778876790830928
size_x = 22
size_y = 22
size_z = 22
energy_range = 9
exhaustiveness = 32
num_modes = 10