center_x = -15.916489795918372
center_y = -13.829111836734688
center_z = 17.844766530612265
size_x = 22
size_y = 22
size_z = 22
energy_range = 9
exhaustiveness = 32
num_modes = 10