center_x = -26.49402403846154
center_y = -18.40839423076924
center_z = 26.4591778846154
size_x = 22
size_y = 22
size_z = 22
energy_range = 9
exhaustiveness = 32
num_modes = 10