center_x = -13.475019178082189
center_y = -12.881082191780823
center_z = 15.35595342465754
size_x = 22
size_y = 22
size_z = 22
energy_range = 9
exhaustiveness = 32
num_modes = 10