center_x = -23.72824137931034
center_y = -15.117758620689656
center_z = 25.081237068965525
size_x = 22
size_y = 22
size_z = 22
energy_range = 9
exhaustiveness = 32
num_modes = 10