center_x = -25.407158878504685
center_y = -16.260588785046735
center_z = 25.871855140186916
size_x = 22
size_y = 22
size_z = 22
energy_range = 9
exhaustiveness = 32
num_modes = 10