center_x = -24.307730569948184
center_y = -15.056523316062176
center_z = 26.019678756476683
size_x = 22
size_y = 22
size_z = 22
energy_range = 9
exhaustiveness = 32
num_modes = 10