center_x = -10.180409742120332
center_y = -11.584530085959878
center_z = 13.77887679083095
size_x = 22
size_y = 22
size_z = 22
energy_range = 9
exhaustiveness = 32
num_modes = 10