center_x = -1.3541150442477874
center_y = 6.99446017699115
center_z = 8.19705309734513
size_x = 22
size_y = 22
size_z = 22
energy_range = 9
exhaustiveness = 32
num_modes = 10