center_x = -13.843844444444446
center_y = 10.970566666666668
center_z = 14.945544444444437
size_x = 22
size_y = 22
size_z = 22
energy_range = 9
exhaustiveness = 32
num_modes = 10