center_x = -20.24321212121212
center_y = -13.198313131313125
center_z = 2.39320202020202
size_x = 22
size_y = 22
size_z = 22
energy_range = 9
exhaustiveness = 32
num_modes = 10