center_x = -17.89581944444444
center_y = 15.050333333333333
center_z = 12.381777777777778
size_x = 22
size_y = 22
size_z = 22
energy_range = 9
exhaustiveness = 32
num_modes = 10