center_x = -20.19997297297297
center_y = 4.953900900900902
center_z = 1.7059279279279285
size_x = 22
size_y = 22
size_z = 22
energy_range = 9
exhaustiveness = 32
num_modes = 10