center_x = -22.49470967741935
center_y = -0.5982580645161292
center_z = 8.476967741935486
size_x = 22
size_y = 22
size_z = 22
energy_range = 9
exhaustiveness = 32
num_modes = 10