center_x = -14.553452941176468
center_y = 9.64045294117647
center_z = 5.388829411764706
size_x = 22
size_y = 22
size_z = 22
energy_range = 9
exhaustiveness = 32
num_modes = 10