center_x = 23.893935251798563
center_y = 5.25137769784172
center_z = 33.88654316546761
size_x = 22
size_y = 22
size_z = 22
energy_range = 9
exhaustiveness = 32
num_modes = 10