center_x = 34.442226190476205
center_y = -7.790476190476188
center_z = 18.271860119047624
size_x = 22
size_y = 22
size_z = 22
energy_range = 9
exhaustiveness = 32
num_modes = 10