center_x = 46.92883018867922
center_y = -0.6871100628930817
center_z = 22.03637421383647
size_x = 22
size_y = 22
size_z = 22
energy_range = 9
exhaustiveness = 32
num_modes = 10