center_x = 36.60454166666666
center_y = -2.2873782051282068
center_z = 29.40521474358977
size_x = 22
size_y = 22
size_z = 22
energy_range = 9
exhaustiveness = 32
num_modes = 10