center_x = 48.17392592592592
center_y = 5.792172839506174
center_z = 22.111444444444466
size_x = 22
size_y = 22
size_z = 22
energy_range = 9
exhaustiveness = 32
num_modes = 10