center_x = 23.30725819672132
center_y = 5.235799180327868
center_z = 34.24063114754096
size_x = 22
size_y = 22
size_z = 22
energy_range = 9
exhaustiveness = 32
num_modes = 10