center_x = 26.91523529411768
center_y = 7.809794117647061
center_z = 28.14999579831932
size_x = 22
size_y = 22
size_z = 22
energy_range = 9
exhaustiveness = 32
num_modes = 10