center_x = 29.98316569767444
center_y = -3.396613372093025
center_z = 21.95168023255816
size_x = 22
size_y = 22
size_z = 22
energy_range = 9
exhaustiveness = 32
num_modes = 10