center_x = 35.335224264705865
center_y = -5.18671507352941
center_z = 22.795185661764737
size_x = 22
size_y = 22
size_z = 22
energy_range = 9
exhaustiveness = 32
num_modes = 10