center_x = 32.96949999999999
center_y = -10.030302325581395
center_z = 26.42422093023256
size_x = 22
size_y = 22
size_z = 22
energy_range = 9
exhaustiveness = 32
num_modes = 10