center_x = 35.629229927007295
center_y = -8.472941605839411
center_z = 18.05692335766425
size_x = 22
size_y = 22
size_z = 22
energy_range = 9
exhaustiveness = 32
num_modes = 10