center_x = 42.97426712328767
center_y = -5.593397260273972
center_z = 12.48217808219178
size_x = 22
size_y = 22
size_z = 22
energy_range = 9
exhaustiveness = 32
num_modes = 10