center_x = 43.79826774193548
center_y = 7.135070967741936
center_z = 21.18050322580645
size_x = 22
size_y = 22
size_z = 22
energy_range = 9
exhaustiveness = 32
num_modes = 10