center_x = 32.68866585365854
center_y = -3.725692682926828
center_z = 26.628426829268307
size_x = 22
size_y = 22
size_z = 22
energy_range = 9
exhaustiveness = 32
num_modes = 10