center_x = 41.74491836734695
center_y = 6.476724489795917
center_z = 18.5925
size_x = 22
size_y = 22
size_z = 22
energy_range = 9
exhaustiveness = 32
num_modes = 10