center_x = 23.49659090909093
center_y = 0.9031181818181826
center_z = 34.1323727272727
size_x = 22
size_y = 22
size_z = 22
energy_range = 9
exhaustiveness = 32
num_modes = 10