center_x = 45.07128269230765
center_y = -1.1901461538461553
center_z = 17.486438461538487
size_x = 22
size_y = 22
size_z = 22
energy_range = 9
exhaustiveness = 32
num_modes = 10