center_x = 24.5975
center_y = 0.2843058252427185
center_z = 28.640635922330095
size_x = 22
size_y = 22
size_z = 22
energy_range = 9
exhaustiveness = 32
num_modes = 10