center_x = 45.67133467741933
center_y = -8.297052419354836
center_z = 12.700935483870971
size_x = 22
size_y = 22
size_z = 22
energy_range = 9
exhaustiveness = 32
num_modes = 10