center_x = 40.09186486486487
center_y = -10.414733108108098
center_z = 20.730172297297297
size_x = 22
size_y = 22
size_z = 22
energy_range = 9
exhaustiveness = 32
num_modes = 10