center_x = 48.50620833333332
center_y = -5.208378472222223
center_z = 16.67873958333333
size_x = 22
size_y = 22
size_z = 22
energy_range = 9
exhaustiveness = 32
num_modes = 10