center_x = 30.842383928571444
center_y = 4.125964285714292
center_z = 34.671223214285725
size_x = 22
size_y = 22
size_z = 22
energy_range = 9
exhaustiveness = 32
num_modes = 10