center_x = 24.05768987341772
center_y = 8.449436708860762
center_z = 37.96099367088609
size_x = 22
size_y = 22
size_z = 22
energy_range = 9
exhaustiveness = 32
num_modes = 10