center_x = 36.60454166666669
center_y = -2.287378205128206
center_z = 29.405214743589767
size_x = 22
size_y = 22
size_z = 22
energy_range = 9
exhaustiveness = 32
num_modes = 10