center_x = 45.95698000000005
center_y = 1.8079700000000003
center_z = 19.864752500000016
size_x = 22
size_y = 22
size_z = 22
energy_range = 9
exhaustiveness = 32
num_modes = 10