center_x = 41.99495517241382
center_y = 4.619062068965516
center_z = 17.810579310344842
size_x = 22
size_y = 22
size_z = 22
energy_range = 9
exhaustiveness = 32
num_modes = 10