center_x = 38.593222972972974
center_y = 10.543820945945953
center_z = 26.02387500000002
size_x = 22
size_y = 22
size_z = 22
energy_range = 9
exhaustiveness = 32
num_modes = 10