center_x = 40.665713768115936
center_y = 9.473528985507244
center_z = 21.02195289855072
size_x = 22
size_y = 22
size_z = 22
energy_range = 9
exhaustiveness = 32
num_modes = 10