center_x = 30.02549342105262
center_y = 6.8151907894736805
center_z = 20.62119736842105
size_x = 22
size_y = 22
size_z = 22
energy_range = 9
exhaustiveness = 32
num_modes = 10