center_x = 42.17305555555555
center_y = 0.2575833333333328
center_z = 26.064770833333355
size_x = 22
size_y = 22
size_z = 22
energy_range = 9
exhaustiveness = 32
num_modes = 10