center_x = 51.44926258992808
center_y = -0.5714172661870507
center_z = 18.98215827338129
size_x = 22
size_y = 22
size_z = 22
energy_range = 9
exhaustiveness = 32
num_modes = 10