center_x = 41.05122403560826
center_y = 5.488485163204749
center_z = 26.03888575667656
size_x = 22
size_y = 22
size_z = 22
energy_range = 9
exhaustiveness = 32
num_modes = 10