center_x = 41.49431640624998
center_y = -4.4881796875000015
center_z = 13.578410156249998
size_x = 22
size_y = 22
size_z = 22
energy_range = 9
exhaustiveness = 32
num_modes = 10