center_x = 29.314844632768352
center_y = -4.23122033898305
center_z = 26.418999999999983
size_x = 22
size_y = 22
size_z = 22
energy_range = 9
exhaustiveness = 32
num_modes = 10