center_x = 38.59322297297297
center_y = 10.543820945945946
center_z = 26.023875
size_x = 22
size_y = 22
size_z = 22
energy_range = 9
exhaustiveness = 32
num_modes = 10