center_x = 36.6524854368932
center_y = -12.512393203883487
center_z = 20.153553398058243
size_x = 22
size_y = 22
size_z = 22
energy_range = 9
exhaustiveness = 32
num_modes = 10