center_x = 33.122816371681395
center_y = 0.7648915929203536
center_z = 35.993086283185896
size_x = 22
size_y = 22
size_z = 22
energy_range = 9
exhaustiveness = 32
num_modes = 10