center_x = -7.1923195592286495
center_y = 5.828479338842976
center_z = 5.240644628099168
size_x = 22
size_y = 22
size_z = 22
energy_range = 9
exhaustiveness = 32
num_modes = 10