center_x = -12.757508064516124
center_y = -7.970048387096775
center_z = 15.156572580645166
size_x = 22
size_y = 22
size_z = 22
energy_range = 9
exhaustiveness = 32
num_modes = 10