center_x = -2.5697819548872167
center_y = 22.988481203007527
center_z = 13.675443609022564
size_x = 22
size_y = 22
size_z = 22
energy_range = 9
exhaustiveness = 32
num_modes = 10