center_x = -14.438031446540874
center_y = 21.771911949685528
center_z = 24.296761006289312
size_x = 22
size_y = 22
size_z = 22
energy_range = 9
exhaustiveness = 32
num_modes = 10