center_x = -3.6685534351145046
center_y = -12.957263358778633
center_z = 6.275068702290075
size_x = 22
size_y = 22
size_z = 22
energy_range = 9
exhaustiveness = 32
num_modes = 10