center_x = -12.90908988764045
center_y = 2.697494382022473
center_z = 24.01023595505618
size_x = 22
size_y = 22
size_z = 22
energy_range = 9
exhaustiveness = 32
num_modes = 10