center_x = 0.6328988764044947
center_y = -7.082404494382021
center_z = 19.423398876404484
size_x = 22
size_y = 22
size_z = 22
energy_range = 9
exhaustiveness = 32
num_modes = 10