center_x = -15.90494505494505
center_y = 16.91915384615385
center_z = 28.54416483516484
size_x = 22
size_y = 22
size_z = 22
energy_range = 9
exhaustiveness = 32
num_modes = 10