center_x = -20.02165048543689
center_y = 3.2741844660194164
center_z = 8.623106796116504
size_x = 22
size_y = 22
size_z = 22
energy_range = 9
exhaustiveness = 32
num_modes = 10