center_x = -20.14546846846848
center_y = 4.8575765765765775
center_z = 1.756585585585585
size_x = 22
size_y = 22
size_z = 22
energy_range = 9
exhaustiveness = 32
num_modes = 10