center_x = -14.301785714285712
center_y = 9.016912087912084
center_z = 5.146153846153845
size_x = 22
size_y = 22
size_z = 22
energy_range = 9
exhaustiveness = 32
num_modes = 10