center_x = -23.027640624999982
center_y = 11.3746796875
center_z = 10.897015624999996
size_x = 22
size_y = 22
size_z = 22
energy_range = 9
exhaustiveness = 32
num_modes = 10