center_x = -22.351814516129032
center_y = -0.7205403225806453
center_z = 8.541153225806456
size_x = 22
size_y = 22
size_z = 22
energy_range = 9
exhaustiveness = 32
num_modes = 10