center_x = -19.922353535353533
center_y = -13.28652525252525
center_z = 2.3831515151515155
size_x = 22
size_y = 22
size_z = 22
energy_range = 9
exhaustiveness = 32
num_modes = 10