center_x = -14.717195121951224
center_y = -14.771008130081308
center_z = -0.7073414634146339
size_x = 22
size_y = 22
size_z = 22
energy_range = 9
exhaustiveness = 32
num_modes = 10