center_x = 153.43270629370636
center_y = -41.65470629370631
center_z = 260.7419160839161
size_x = 22
size_y = 22
size_z = 22
energy_range = 9
exhaustiveness = 32
num_modes = 10