center_x = 107.268094017094
center_y = -31.64676923076923
center_z = 281.09109401709406
size_x = 22
size_y = 22
size_z = 22
energy_range = 9
exhaustiveness = 32
num_modes = 10