center_x = 128.28409599999998
center_y = -36.48424
center_z = 277.3621280000001
size_x = 22
size_y = 22
size_z = 22
energy_range = 9
exhaustiveness = 32
num_modes = 10