center_x = 142.03988888888884
center_y = -33.18619047619047
center_z = 242.04441269841269
size_x = 22
size_y = 22
size_z = 22
energy_range = 9
exhaustiveness = 32
num_modes = 10