center_x = 142.75435971223013
center_y = -17.257949640287766
center_z = 259.2519568345323
size_x = 22
size_y = 22
size_z = 22
energy_range = 9
exhaustiveness = 32
num_modes = 10