center_x = 109.60573385518607
center_y = -19.823117416829756
center_z = 265.99410371819965
size_x = 22
size_y = 22
size_z = 22
energy_range = 9
exhaustiveness = 32
num_modes = 10