center_x = 156.91265624999997
center_y = -48.97187499999999
center_z = 242.47764062500008
size_x = 22
size_y = 22
size_z = 22
energy_range = 9
exhaustiveness = 32
num_modes = 10