center_x = 126.33982222222234
center_y = -24.859388888888887
center_z = 257.35240000000005
size_x = 22
size_y = 22
size_z = 22
energy_range = 9
exhaustiveness = 32
num_modes = 10