center_x = 113.8303703703704
center_y = -16.277342592592596
center_z = 270.89069444444453
size_x = 22
size_y = 22
size_z = 22
energy_range = 9
exhaustiveness = 32
num_modes = 10