center_x = 108.86189075630249
center_y = -29.320735294117647
center_z = 262.2300588235294
size_x = 22
size_y = 22
size_z = 22
energy_range = 9
exhaustiveness = 32
num_modes = 10