center_x = 160.35758267716528
center_y = -27.965850393700784
center_z = 256.43084251968503
size_x = 22
size_y = 22
size_z = 22
energy_range = 9
exhaustiveness = 32
num_modes = 10