center_x = 115.12990322580644
center_y = -34.19893548387098
center_z = 284.5274946236558
size_x = 22
size_y = 22
size_z = 22
energy_range = 9
exhaustiveness = 32
num_modes = 10