center_x = 146.83527472527476
center_y = -43.09723076923077
center_z = 269.0520329670329
size_x = 22
size_y = 22
size_z = 22
energy_range = 9
exhaustiveness = 32
num_modes = 10