center_x = 111.37962950819671
center_y = -16.379363934426234
center_z = 257.7753049180324
size_x = 22
size_y = 22
size_z = 22
energy_range = 9
exhaustiveness = 32
num_modes = 10