center_x = 150.5584188034188
center_y = -47.66243589743589
center_z = 259.5378888888889
size_x = 22
size_y = 22
size_z = 22
energy_range = 9
exhaustiveness = 32
num_modes = 10