center_x = 125.10606617647066
center_y = -29.113617647058817
center_z = 278.5402352941176
size_x = 22
size_y = 22
size_z = 22
energy_range = 9
exhaustiveness = 32
num_modes = 10