center_x = 113.3624285714286
center_y = -16.717510204081634
center_z = 250.8458775510204
size_x = 22
size_y = 22
size_z = 22
energy_range = 9
exhaustiveness = 32
num_modes = 10