center_x = 152.38676623376625
center_y = -23.49083116883116
center_z = 244.20019480519468
size_x = 22
size_y = 22
size_z = 22
energy_range = 9
exhaustiveness = 32
num_modes = 10