center_x = 114.41867499999994
center_y = -39.73776249999999
center_z = 279.68192500000004
size_x = 22
size_y = 22
size_z = 22
energy_range = 9
exhaustiveness = 32
num_modes = 10