center_x = 121.6570896551724
center_y = -38.00460000000001
center_z = 280.0819034482759
size_x = 22
size_y = 22
size_z = 22
energy_range = 9
exhaustiveness = 32
num_modes = 10