center_x = 146.8299596774193
center_y = -32.936588709677416
center_z = 239.1506612903225
size_x = 22
size_y = 22
size_z = 22
energy_range = 9
exhaustiveness = 32
num_modes = 10