center_x = 132.06415060240968
center_y = -33.02444578313253
center_z = 257.81769277108435
size_x = 22
size_y = 22
size_z = 22
energy_range = 9
exhaustiveness = 32
num_modes = 10