center_x = 152.02385714285714
center_y = -43.06645054945056
center_z = 238.6615604395603
size_x = 22
size_y = 22
size_z = 22
energy_range = 9
exhaustiveness = 32
num_modes = 10