center_x = 142.44265350444223
center_y = -39.39423297137211
center_z = 257.8521530108586
size_x = 22
size_y = 22
size_z = 22
energy_range = 9
exhaustiveness = 32
num_modes = 10