center_x = 129.18495238095238
center_y = -34.80844047619047
center_z = 265.2338095238096
size_x = 22
size_y = 22
size_z = 22
energy_range = 9
exhaustiveness = 32
num_modes = 10