center_x = 132.86767361111112
center_y = -25.97776388888889
center_z = 273.57337499999994
size_x = 22
size_y = 22
size_z = 22
energy_range = 9
exhaustiveness = 32
num_modes = 10