center_x = 109.22135000000002
center_y = -41.65400714285714
center_z = 270.2591785714286
size_x = 22
size_y = 22
size_z = 22
energy_range = 9
exhaustiveness = 32
num_modes = 10