center_x = 70.83764887640453
center_y = 56.14690730337084
center_z = 16.91958146067416
size_x = 22
size_y = 22
size_z = 22
energy_range = 9
exhaustiveness = 32
num_modes = 10