center_x = 70.4280485436893
center_y = 62.48880097087382
center_z = 7.367635922330095
size_x = 22
size_y = 22
size_z = 22
energy_range = 9
exhaustiveness = 32
num_modes = 10