center_x = 70.62827002967362
center_y = 51.69522255192879
center_z = 22.09954302670624
size_x = 22
size_y = 22
size_z = 22
energy_range = 9
exhaustiveness = 32
num_modes = 10