center_x = 71.35505339805823
center_y = 65.28975242718447
center_z = 3.7819951456310665
size_x = 22
size_y = 22
size_z = 22
energy_range = 9
exhaustiveness = 32
num_modes = 10