center_x = 70.43326938775513
center_y = 61.8478326530612
center_z = 8.578118367346947
size_x = 22
size_y = 22
size_z = 22
energy_range = 9
exhaustiveness = 32
num_modes = 10