center_x = 71.27975373134329
center_y = 53.75825373134329
center_z = 19.50346268656717
size_x = 22
size_y = 22
size_z = 22
energy_range = 9
exhaustiveness = 32
num_modes = 10