center_x = 70.81753417455316
center_y = 56.45302313354373
center_z = 16.016881177707674
size_x = 22
size_y = 22
size_z = 22
energy_range = 9
exhaustiveness = 32
num_modes = 10