center_x = 72.73375280898877
center_y = 58.44950000000002
center_z = 13.63146629213484
size_x = 22
size_y = 22
size_z = 22
energy_range = 9
exhaustiveness = 32
num_modes = 10