center_x = 70.57674558303887
center_y = 61.8779858657244
center_z = 8.4483074204947
size_x = 22
size_y = 22
size_z = 22
energy_range = 9
exhaustiveness = 32
num_modes = 10