center_x = 71.16727205882349
center_y = 62.161191176470645
center_z = 8.032095588235299
size_x = 22
size_y = 22
size_z = 22
energy_range = 9
exhaustiveness = 32
num_modes = 10