center_x = 7.11070238095238
center_y = 16.311252976190474
center_z = 16.464901785714297
size_x = 22
size_y = 22
size_z = 22
energy_range = 9
exhaustiveness = 32
num_modes = 10