center_x = 10.270689075630251
center_y = 12.131504201680674
center_z = 40.03911764705882
size_x = 22
size_y = 22
size_z = 22
energy_range = 9
exhaustiveness = 32
num_modes = 10