center_x = -8.94839603960396
center_y = 8.618722772277227
center_z = 28.72063366336635
size_x = 22
size_y = 22
size_z = 22
energy_range = 9
exhaustiveness = 32
num_modes = 10