center_x = -4.388278538812785
center_y = 12.683625570776256
center_z = 44.56344292237441
size_x = 22
size_y = 22
size_z = 22
energy_range = 9
exhaustiveness = 32
num_modes = 10