center_x = 0.954054945054945
center_y = 4.137967032967032
center_z = 16.6376043956044
size_x = 22
size_y = 22
size_z = 22
energy_range = 9
exhaustiveness = 32
num_modes = 10