center_x = -0.4513307692307693
center_y = 20.26668461538461
center_z = 43.66316923076923
size_x = 22
size_y = 22
size_z = 22
energy_range = 9
exhaustiveness = 32
num_modes = 10