center_x = 10.111336134453785
center_y = 11.257000000000003
center_z = 5.419462184873945
size_x = 22
size_y = 22
size_z = 22
energy_range = 9
exhaustiveness = 32
num_modes = 10