center_x = 16.685436363636367
center_y = 21.516587878787877
center_z = 15.934739393939404
size_x = 22
size_y = 22
size_z = 22
energy_range = 9
exhaustiveness = 32
num_modes = 10