center_x = 18.204670270270277
center_y = 20.28719459459458
center_z = 21.059724324324325
size_x = 22
size_y = 22
size_z = 22
energy_range = 9
exhaustiveness = 32
num_modes = 10