center_x = 24.553303030303034
center_y = 20.42819696969697
center_z = 28.92269696969697
size_x = 22
size_y = 22
size_z = 22
energy_range = 9
exhaustiveness = 32
num_modes = 10