center_x = 21.934718518518515
center_y = 14.213096296296296
center_z = -4.662214814814816
size_x = 22
size_y = 22
size_z = 22
energy_range = 9
exhaustiveness = 32
num_modes = 10