center_x = 18.175755681818178
center_y = 17.69906818181818
center_z = 32.71361931818184
size_x = 22
size_y = 22
size_z = 22
energy_range = 9
exhaustiveness = 32
num_modes = 10