center_x = 25.96350724637681
center_y = 10.222043478260874
center_z = -6.882478260869564
size_x = 22
size_y = 22
size_z = 22
energy_range = 9
exhaustiveness = 32
num_modes = 10