center_x = 28.15249206349206
center_y = 12.020349206349204
center_z = 0.0012275132275133
size_x = 22
size_y = 22
size_z = 22
energy_range = 9
exhaustiveness = 32
num_modes = 10