center_x = 23.784672811059917
center_y = 11.975972350230418
center_z = 28.479562211981577
size_x = 22
size_y = 22
size_z = 22
energy_range = 9
exhaustiveness = 32
num_modes = 10