center_x = 10.559181818181813
center_y = 21.46395721925133
center_z = 21.3654385026738
size_x = 22
size_y = 22
size_z = 22
energy_range = 9
exhaustiveness = 32
num_modes = 10