center_x = 7.372855670103087
center_y = 19.141005154639167
center_z = 37.60120103092784
size_x = 22
size_y = 22
size_z = 22
energy_range = 9
exhaustiveness = 32
num_modes = 10