center_x = 5.06227477477478
center_y = 6.239252252252253
center_z = 32.33015315315313
size_x = 22
size_y = 22
size_z = 22
energy_range = 9
exhaustiveness = 32
num_modes = 10