center_x = 18.689746575342458
center_y = 24.79058904109589
center_z = 2.7378561643835613
size_x = 22
size_y = 22
size_z = 22
energy_range = 9
exhaustiveness = 32
num_modes = 10