center_x = 2.8077724550898187
center_y = 19.949748502994005
center_z = 26.09660479041917
size_x = 22
size_y = 22
size_z = 22
energy_range = 9
exhaustiveness = 32
num_modes = 10