center_x = 25.27655140186916
center_y = -4.301121495327103
center_z = -28.87802803738317
size_x = 22
size_y = 22
size_z = 22
energy_range = 9
exhaustiveness = 32
num_modes = 10