center_x = -5.678878612716764
center_y = 6.075554913294795
center_z = -28.85435838150288
size_x = 22
size_y = 22
size_z = 22
energy_range = 9
exhaustiveness = 32
num_modes = 10