center_x = 6.423651685393259
center_y = 13.828078651685392
center_z = -16.814910112359552
size_x = 22
size_y = 22
size_z = 22
energy_range = 9
exhaustiveness = 32
num_modes = 10