center_x = 28.51934920634921
center_y = 6.053801587301586
center_z = -31.46525396825397
size_x = 22
size_y = 22
size_z = 22
energy_range = 9
exhaustiveness = 32
num_modes = 10