center_x = 2.161118556701032
center_y = -4.218005154639175
center_z = -24.10077835051548
size_x = 22
size_y = 22
size_z = 22
energy_range = 9
exhaustiveness = 32
num_modes = 10