center_x = -9.815619469026547
center_y = 20.89033628318584
center_z = -35.87180530973451
size_x = 22
size_y = 22
size_z = 22
energy_range = 9
exhaustiveness = 32
num_modes = 10