center_x = -10.102522123893808
center_y = 17.722601769911513
center_z = -25.28719469026548
size_x = 22
size_y = 22
size_z = 22
energy_range = 9
exhaustiveness = 32
num_modes = 10