center_x = 19.165340579710143
center_y = 7.830130434782609
center_z = -39.85800724637681
size_x = 22
size_y = 22
size_z = 22
energy_range = 9
exhaustiveness = 32
num_modes = 10