center_x = -11.851612903225806
center_y = 13.311387096774192
center_z = -27.311225806451613
size_x = 22
size_y = 22
size_z = 22
energy_range = 9
exhaustiveness = 32
num_modes = 10