center_x = 15.714865979381448
center_y = -1.3250000000000004
center_z = -37.70215463917524
size_x = 22
size_y = 22
size_z = 22
energy_range = 9
exhaustiveness = 32
num_modes = 10