center_x = 5.244584615384611
center_y = 0.7862153846153848
center_z = -14.745623076923083
size_x = 22
size_y = 22
size_z = 22
energy_range = 9
exhaustiveness = 32
num_modes = 10