center_x = 11.17919463087248
center_y = 14.129879194630886
center_z = -24.58471140939597
size_x = 22
size_y = 22
size_z = 22
energy_range = 9
exhaustiveness = 32
num_modes = 10