center_x = -7.819137614678898
center_y = 8.344000000000001
center_z = -15.878064220183488
size_x = 22
size_y = 22
size_z = 22
energy_range = 9
exhaustiveness = 32
num_modes = 10