center_x = 8.441756410256408
center_y = -5.774435897435895
center_z = -28.019038461538464
size_x = 22
size_y = 22
size_z = 22
energy_range = 9
exhaustiveness = 32
num_modes = 10