center_x = -62.13925827814568
center_y = 179.01960264900669
center_z = 95.56639735099344
size_x = 22
size_y = 22
size_z = 22
energy_range = 9
exhaustiveness = 32
num_modes = 10