center_x = -57.66996951219513
center_y = 163.2920182926829
center_z = 60.7095731707317
size_x = 22
size_y = 22
size_z = 22
energy_range = 9
exhaustiveness = 32
num_modes = 10