center_x = -44.4623526570048
center_y = 175.13279227053133
center_z = 86.22741545893722
size_x = 22
size_y = 22
size_z = 22
energy_range = 9
exhaustiveness = 32
num_modes = 10