center_x = -61.53638762214982
center_y = 181.87317263843647
center_z = 76.85555374592836
size_x = 22
size_y = 22
size_z = 22
energy_range = 9
exhaustiveness = 32
num_modes = 10