center_x = -33.55236885245901
center_y = 173.33849999999998
center_z = 69.74951639344262
size_x = 22
size_y = 22
size_z = 22
energy_range = 9
exhaustiveness = 32
num_modes = 10