center_x = -46.93124390243906
center_y = 134.48139024390238
center_z = 95.25884552845528
size_x = 22
size_y = 22
size_z = 22
energy_range = 9
exhaustiveness = 32
num_modes = 10