center_x = -35.647700854700865
center_y = 154.48776923076937
center_z = 89.19391452991448
size_x = 22
size_y = 22
size_z = 22
energy_range = 9
exhaustiveness = 32
num_modes = 10