center_x = -44.31468571428569
center_y = 149.23541632653075
center_z = 74.0336775510204
size_x = 22
size_y = 22
size_z = 22
energy_range = 9
exhaustiveness = 32
num_modes = 10