center_x = -34.89638053097344
center_y = 170.34238053097343
center_z = 81.21241592920356
size_x = 22
size_y = 22
size_z = 22
energy_range = 9
exhaustiveness = 32
num_modes = 10