center_x = -53.96564285714283
center_y = 143.49303571428578
center_z = 74.69988095238094
size_x = 22
size_y = 22
size_z = 22
energy_range = 9
exhaustiveness = 32
num_modes = 10