center_x = -62.20241830065358
center_y = 158.00639215686272
center_z = 62.89930065359477
size_x = 22
size_y = 22
size_z = 22
energy_range = 9
exhaustiveness = 32
num_modes = 10