center_x = -47.22806250000001
center_y = 152.91700892857145
center_z = 61.96760714285715
size_x = 22
size_y = 22
size_z = 22
energy_range = 9
exhaustiveness = 32
num_modes = 10