center_x = -73.0292276422764
center_y = 170.3788943089431
center_z = 92.93182926829267
size_x = 22
size_y = 22
size_z = 22
energy_range = 9
exhaustiveness = 32
num_modes = 10