center_x = -30.235850746268667
center_y = 159.42831343283584
center_z = 59.91355223880596
size_x = 22
size_y = 22
size_z = 22
energy_range = 9
exhaustiveness = 32
num_modes = 10