center_x = -49.68261111111111
center_y = 159.5372333333333
center_z = 55.58926666666665
size_x = 22
size_y = 22
size_z = 22
energy_range = 9
exhaustiveness = 32
num_modes = 10