center_x = -68.76871856287424
center_y = 174.73625748502997
center_z = 86.94001796407193
size_x = 22
size_y = 22
size_z = 22
energy_range = 9
exhaustiveness = 32
num_modes = 10