center_x = -59.59157718120802
center_y = 144.18332214765093
center_z = 85.73703355704694
size_x = 22
size_y = 22
size_z = 22
energy_range = 9
exhaustiveness = 32
num_modes = 10