center_x = -62.954375886524815
center_y = 148.40933333333328
center_z = 90.43907801418436
size_x = 22
size_y = 22
size_z = 22
energy_range = 9
exhaustiveness = 32
num_modes = 10