center_x = -54.69793700787402
center_y = 172.39425984251966
center_z = 66.16148818897639
size_x = 22
size_y = 22
size_z = 22
energy_range = 9
exhaustiveness = 32
num_modes = 10