center_x = -53.3906891891892
center_y = 160.98911486486486
center_z = 103.6363108108108
size_x = 22
size_y = 22
size_z = 22
energy_range = 9
exhaustiveness = 32
num_modes = 10