center_x = -64.63202870813397
center_y = 152.26539712918665
center_z = 100.60203349282295
size_x = 22
size_y = 22
size_z = 22
energy_range = 9
exhaustiveness = 32
num_modes = 10