center_x = -47.526401785714256
center_y = 150.26331249999998
center_z = 93.76859821428567
size_x = 22
size_y = 22
size_z = 22
energy_range = 9
exhaustiveness = 32
num_modes = 10