center_x = -54.990873015873
center_y = 170.1650793650793
center_z = 99.3025
size_x = 22
size_y = 22
size_z = 22
energy_range = 9
exhaustiveness = 32
num_modes = 10