center_x = -42.170694280078905
center_y = 161.38386982248528
center_z = 81.33402169625252
size_x = 22
size_y = 22
size_z = 22
energy_range = 9
exhaustiveness = 32
num_modes = 10