center_x = -38.17960869565216
center_y = 150.07986956521736
center_z = 67.33760869565214
size_x = 22
size_y = 22
size_z = 22
energy_range = 9
exhaustiveness = 32
num_modes = 10