center_x = -72.21043181818185
center_y = 158.8801363636364
center_z = 86.40949242424239
size_x = 22
size_y = 22
size_z = 22
energy_range = 9
exhaustiveness = 32
num_modes = 10