center_x = -32.13076470588234
center_y = 163.0960672268907
center_z = 77.81820168067227
size_x = 22
size_y = 22
size_z = 22
energy_range = 9
exhaustiveness = 32
num_modes = 10