center_x = -52.81635862068965
center_y = 155.20566206896552
center_z = 65.39663448275861
size_x = 22
size_y = 22
size_z = 22
energy_range = 9
exhaustiveness = 32
num_modes = 10