center_x = -8.211541666666665
center_y = 17.174694444444437
center_z = -14.360423611111104
size_x = 22
size_y = 22
size_z = 22
energy_range = 9
exhaustiveness = 32
num_modes = 10