center_x = -13.238640625000006
center_y = 24.493734375
center_z = -8.156234375
size_x = 22
size_y = 22
size_z = 22
energy_range = 9
exhaustiveness = 32
num_modes = 10