center_x = -11.945566371681418
center_y = 15.782592920353984
center_z = -21.79208849557521
size_x = 22
size_y = 22
size_z = 22
energy_range = 9
exhaustiveness = 32
num_modes = 10