receptor = data/6g2o/6g2o_ligand.pdbqt
ligand = data/6g2o/6g2o_protein.pdbqt
center_x = -14.404180645161288
center_y = 1.9421548387096772
center_z = -7.330354838709672
size_x = 14.094361290322576
size_y = 22.54430967741936
size_z = 16.125290322580657
energy_range = 9
exhaustiveness = 32
num_modes = 10