center_x = -14.404180645161288
center_y = 1.9421548387096772
center_z = -7.330354838709672
size_x = 22
size_y = 22
size_z = 22
energy_range = 9
exhaustiveness = 32
num_modes = 10