center_x = -12.57605263157894
center_y = 11.000368421052638
center_z = -4.835480263157896
size_x = 22
size_y = 22
size_z = 22
energy_range = 9
exhaustiveness = 32
num_modes = 10