center_x = -12.974890710382514
center_y = -1.0557868852459016
center_z = -16.088622950819662
size_x = 22
size_y = 22
size_z = 22
energy_range = 9
exhaustiveness = 32
num_modes = 10