center_x = -1.8733241106719376
center_y = 8.616347826086956
center_z = -18.102181818181805
size_x = 22
size_y = 22
size_z = 22
energy_range = 9
exhaustiveness = 32
num_modes = 10