center_x = 3.635823008849557
center_y = 1.8840855457227133
center_z = -8.769203539823009
size_x = 22
size_y = 22
size_z = 22
energy_range = 9
exhaustiveness = 32
num_modes = 10