center_x = -26.588989361702115
center_y = -7.484329787234044
center_z = -9.900691489361709
size_x = 22
size_y = 22
size_z = 22
energy_range = 9
exhaustiveness = 32
num_modes = 10