center_x = -34.680587378640794
center_y = 3.430436893203884
center_z = -19.2443640776699
size_x = 22
size_y = 22
size_z = 22
energy_range = 9
exhaustiveness = 32
num_modes = 10