center_x = -7.494207612456746
center_y = 20.30528027681661
center_z = -19.182031141868507
size_x = 22
size_y = 22
size_z = 22
energy_range = 9
exhaustiveness = 32
num_modes = 10