center_x = 2.764716049382717
center_y = 17.11479012345679
center_z = -25.85077777777778
size_x = 22
size_y = 22
size_z = 22
energy_range = 9
exhaustiveness = 32
num_modes = 10