center_x = -36.13931531531531
center_y = 11.757180180180184
center_z = -12.90005405405405
size_x = 22
size_y = 22
size_z = 22
energy_range = 9
exhaustiveness = 32
num_modes = 10