center_x = 7.898201257861633
center_y = 2.0242452830188697
center_z = -21.1371572327044
size_x = 22
size_y = 22
size_z = 22
energy_range = 9
exhaustiveness = 32
num_modes = 10