center_x = 0.2963499999999999
center_y = -7.840609999999999
center_z = -14.872800000000009
size_x = 22
size_y = 22
size_z = 22
energy_range = 9
exhaustiveness = 32
num_modes = 10