center_x = -6.729006289308181
center_y = 4.401987421383646
center_z = -29.551817610062912
size_x = 22
size_y = 22
size_z = 22
energy_range = 9
exhaustiveness = 32
num_modes = 10