center_x = -18.741109756097558
center_y = -7.674195121951216
center_z = -15.410317073170726
size_x = 22
size_y = 22
size_z = 22
energy_range = 9
exhaustiveness = 32
num_modes = 10