center_x = -25.55626285714285
center_y = 20.98102857142857
center_z = -10.32841142857143
size_x = 22
size_y = 22
size_z = 22
energy_range = 9
exhaustiveness = 32
num_modes = 10