center_x = -27.09302469135802
center_y = -5.126740740740741
center_z = -18.458481481481485
size_x = 22
size_y = 22
size_z = 22
energy_range = 9
exhaustiveness = 32
num_modes = 10