center_x = -21.31738951310862
center_y = 6.94592134831461
center_z = -20.624752808988752
size_x = 22
size_y = 22
size_z = 22
energy_range = 9
exhaustiveness = 32
num_modes = 10