center_x = 12.433399999999992
center_y = 4.069533333333333
center_z = -30.32795238095237
size_x = 22
size_y = 22
size_z = 22
energy_range = 9
exhaustiveness = 32
num_modes = 10