center_x = -1.2029285714285718
center_y = -6.935285714285719
center_z = -26.737285714285708
size_x = 22
size_y = 22
size_z = 22
energy_range = 9
exhaustiveness = 32
num_modes = 10