center_x = 0.5644920634920632
center_y = 9.138269841269842
center_z = -35.588317460317455
size_x = 22
size_y = 22
size_z = 22
energy_range = 9
exhaustiveness = 32
num_modes = 10