center_x = -23.64461776061776
center_y = 16.24301544401544
center_z = -12.800861003861009
size_x = 22
size_y = 22
size_z = 22
energy_range = 9
exhaustiveness = 32
num_modes = 10