center_x = 13.622207317073173
center_y = 8.075390243902438
center_z = -31.27393902439024
size_x = 22
size_y = 22
size_z = 22
energy_range = 9
exhaustiveness = 32
num_modes = 10