center_x = -16.788304347826095
center_y = -1.108340579710144
center_z = -21.967681159420277
size_x = 22
size_y = 22
size_z = 22
energy_range = 9
exhaustiveness = 32
num_modes = 10