center_x = 4.543601351351351
center_y = 22.52814189189188
center_z = -20.5303108108108
size_x = 22
size_y = 22
size_z = 22
energy_range = 9
exhaustiveness = 32
num_modes = 10