center_x = -13.412099290780144
center_y = 6.652539007092201
center_z = -27.741120567375884
size_x = 22
size_y = 22
size_z = 22
energy_range = 9
exhaustiveness = 32
num_modes = 10