center_x = -1.5196872852233685
center_y = -1.0350756013745712
center_z = -11.342615120274926
size_x = 22
size_y = 22
size_z = 22
energy_range = 9
exhaustiveness = 32
num_modes = 10