center_x = 10.625216326530614
center_y = 14.8810693877551
center_z = -16.62354285714285
size_x = 22
size_y = 22
size_z = 22
energy_range = 9
exhaustiveness = 32
num_modes = 10