center_x = -4.999943548387097
center_y = 14.951532258064516
center_z = 1.746677419354839
size_x = 22
size_y = 22
size_z = 22
energy_range = 9
exhaustiveness = 32
num_modes = 10