center_x = -30.39601612903227
center_y = 17.321862903225803
center_z = -4.532524193548388
size_x = 22
size_y = 22
size_z = 22
energy_range = 9
exhaustiveness = 32
num_modes = 10