center_x = -7.866946428571435
center_y = -29.989547619047617
center_z = -73.64464880952379
size_x = 22
size_y = 22
size_z = 22
energy_range = 9
exhaustiveness = 32
num_modes = 10