center_x = -16.276864406779662
center_y = -8.21479661016949
center_z = -76.98518644067796
size_x = 22
size_y = 22
size_z = 22
energy_range = 9
exhaustiveness = 32
num_modes = 10