center_x = -12.516535087719303
center_y = -1.0050438596491231
center_z = -87.48129824561403
size_x = 22
size_y = 22
size_z = 22
energy_range = 9
exhaustiveness = 32
num_modes = 10