center_x = -3.4853750000000003
center_y = -32.23594999999999
center_z = -70.21115000000002
size_x = 22
size_y = 22
size_z = 22
energy_range = 9
exhaustiveness = 32
num_modes = 10