center_x = -8.098890173410405
center_y = -1.6256994219653185
center_z = -80.90153468208092
size_x = 22
size_y = 22
size_z = 22
energy_range = 9
exhaustiveness = 32
num_modes = 10