center_x = -21.227135135135136
center_y = 27.21097297297297
center_z = -62.29286486486488
size_x = 22
size_y = 22
size_z = 22
energy_range = 9
exhaustiveness = 32
num_modes = 10