center_x = -16.298601769911514
center_y = 30.652796460177
center_z = -67.60324778761063
size_x = 22
size_y = 22
size_z = 22
energy_range = 9
exhaustiveness = 32
num_modes = 10