center_x = -1.307980769230769
center_y = 17.828153846153842
center_z = -75.12901923076923
size_x = 22
size_y = 22
size_z = 22
energy_range = 9
exhaustiveness = 32
num_modes = 10