center_x = -15.203490909090908
center_y = 27.24061818181817
center_z = -59.94137272727273
size_x = 22
size_y = 22
size_z = 22
energy_range = 9
exhaustiveness = 32
num_modes = 10