center_x = 3.7122123893805328
center_y = -31.78425663716814
center_z = -76.22205309734512
size_x = 22
size_y = 22
size_z = 22
energy_range = 9
exhaustiveness = 32
num_modes = 10