center_x = -13.003117187500004
center_y = -11.905585937500003
center_z = -82.86650781249999
size_x = 22
size_y = 22
size_z = 22
energy_range = 9
exhaustiveness = 32
num_modes = 10