center_x = -9.917911764705885
center_y = -12.54343137254902
center_z = -61.35292156862746
size_x = 22
size_y = 22
size_z = 22
energy_range = 9
exhaustiveness = 32
num_modes = 10