center_x = 3.51552808988764
center_y = -33.80221348314608
center_z = -85.02923595505617
size_x = 22
size_y = 22
size_z = 22
energy_range = 9
exhaustiveness = 32
num_modes = 10