center_x = 0.5878877551020414
center_y = -25.82427551020408
center_z = -70.45100000000001
size_x = 22
size_y = 22
size_z = 22
energy_range = 9
exhaustiveness = 32
num_modes = 10