center_x = -5.6839875518672205
center_y = -21.579489626556008
center_z = -64.22392531120332
size_x = 22
size_y = 22
size_z = 22
energy_range = 9
exhaustiveness = 32
num_modes = 10