center_x = 35.81927896995707
center_y = -4.247369098712445
center_z = 22.22615879828326
size_x = 22
size_y = 22
size_z = 22
energy_range = 9
exhaustiveness = 32
num_modes = 10