center_x = 51.50839928057555
center_y = -0.5592697841726612
center_z = 18.838794964028796
size_x = 22
size_y = 22
size_z = 22
energy_range = 9
exhaustiveness = 32
num_modes = 10