center_x = 24.245006329113927
center_y = 8.458601265822784
center_z = 37.724253164557
size_x = 22
size_y = 22
size_z = 22
energy_range = 9
exhaustiveness = 32
num_modes = 10