center_x = 30.524052380952373
center_y = 10.88299047619048
center_z = 33.92395714285716
size_x = 22
size_y = 22
size_z = 22
energy_range = 9
exhaustiveness = 32
num_modes = 10