center_x = 40.71473239436621
center_y = 5.866343661971834
center_z = 26.21018309859153
size_x = 22
size_y = 22
size_z = 22
energy_range = 9
exhaustiveness = 32
num_modes = 10