center_x = 31.69328240740741
center_y = -8.943625
center_z = 23.723412037037047
size_x = 22
size_y = 22
size_z = 22
energy_range = 9
exhaustiveness = 32
num_modes = 10