center_x = 31.703077519379857
center_y = -3.919286821705427
center_z = 20.885313953488385
size_x = 22
size_y = 22
size_z = 22
energy_range = 9
exhaustiveness = 32
num_modes = 10