center_x = 45.32856306306305
center_y = -7.811337837837836
center_z = 12.403423423423424
size_x = 22
size_y = 22
size_z = 22
energy_range = 9
exhaustiveness = 32
num_modes = 10