center_x = 36.6421698717949
center_y = -2.163830128205127
center_z = 29.144266025641027
size_x = 22
size_y = 22
size_z = 22
energy_range = 9
exhaustiveness = 32
num_modes = 10