center_x = 28.614392857142835
center_y = -9.38277040816327
center_z = 24.70786224489796
size_x = 22
size_y = 22
size_z = 22
energy_range = 9
exhaustiveness = 32
num_modes = 10