center_x = 27.034075630252108
center_y = 7.865037815126052
center_z = 27.82394537815125
size_x = 22
size_y = 22
size_z = 22
energy_range = 9
exhaustiveness = 32
num_modes = 10