center_x = 40.567415384615366
center_y = -4.665673076923074
center_z = 28.10144615384615
size_x = 22
size_y = 22
size_z = 22
energy_range = 9
exhaustiveness = 32
num_modes = 10