center_x = 29.26866666666669
center_y = -8.624485185185186
center_z = 23.034285185185208
size_x = 22
size_y = 22
size_z = 22
energy_range = 9
exhaustiveness = 32
num_modes = 10