center_x = 24.71865048543686
center_y = 0.4855776699029116
center_z = 28.33596601941745
size_x = 22
size_y = 22
size_z = 22
energy_range = 9
exhaustiveness = 32
num_modes = 10