center_x = 39.664594240837694
center_y = 10.876748691099468
center_z = 24.72632198952878
size_x = 22
size_y = 22
size_z = 22
energy_range = 9
exhaustiveness = 32
num_modes = 10