center_x = 45.78261204013376
center_y = -1.5107408026755846
center_z = 17.265083612040122
size_x = 22
size_y = 22
size_z = 22
energy_range = 9
exhaustiveness = 32
num_modes = 10