center_x = 39.84129629629625
center_y = -9.955120370370372
center_z = 20.861700617283944
size_x = 22
size_y = 22
size_z = 22
energy_range = 9
exhaustiveness = 32
num_modes = 10