center_x = 46.86424210526319
center_y = -1.7671747368421054
center_z = 21.985111578947382
size_x = 22
size_y = 22
size_z = 22
energy_range = 9
exhaustiveness = 32
num_modes = 10