center_x = 43.35098333333333
center_y = 6.104929166666673
center_z = 20.7484875
size_x = 22
size_y = 22
size_z = 22
energy_range = 9
exhaustiveness = 32
num_modes = 10