center_x = 36.50787378640777
center_y = -12.395499999999998
center_z = 19.9152281553398
size_x = 22
size_y = 22
size_z = 22
energy_range = 9
exhaustiveness = 32
num_modes = 10