center_x = 30.999933035714264
center_y = 4.197178571428569
center_z = 34.41377232142859
size_x = 22
size_y = 22
size_z = 22
energy_range = 9
exhaustiveness = 32
num_modes = 10