center_x = 31.891708333333334
center_y = -5.420004166666663
center_z = 24.711512499999987
size_x = 22
size_y = 22
size_z = 22
energy_range = 9
exhaustiveness = 32
num_modes = 10