center_x = 34.38986607142856
center_y = -7.371148809523806
center_z = 18.265202380952378
size_x = 22
size_y = 22
size_z = 22
energy_range = 9
exhaustiveness = 32
num_modes = 10