center_x = 29.87041103202848
center_y = -3.391530249110316
center_z = 24.00133985765125
size_x = 22
size_y = 22
size_z = 22
energy_range = 9
exhaustiveness = 32
num_modes = 10