center_x = 33.12948893805309
center_y = 0.8787123893805313
center_z = 35.713305309734544
size_x = 22
size_y = 22
size_z = 22
energy_range = 9
exhaustiveness = 32
num_modes = 10