center_x = 40.78638768115942
center_y = 9.511210144927537
center_z = 20.79440579710146
size_x = 22
size_y = 22
size_z = 22
energy_range = 9
exhaustiveness = 32
num_modes = 10