center_x = 45.782612040133785
center_y = -1.5107408026755844
center_z = 17.265083612040154
size_x = 22
size_y = 22
size_z = 22
energy_range = 9
exhaustiveness = 32
num_modes = 10