center_x = 44.41266666666667
center_y = -6.934646666666665
center_z = 12.47687333333334
size_x = 22
size_y = 22
size_z = 22
energy_range = 9
exhaustiveness = 32
num_modes = 10