center_x = 27.679448275862068
center_y = 8.13504482758621
center_z = 29.47166206896554
size_x = 22
size_y = 22
size_z = 22
energy_range = 9
exhaustiveness = 32
num_modes = 10