center_x = 29.68985858585857
center_y = 11.462020202020204
center_z = 33.25260606060607
size_x = 22
size_y = 22
size_z = 22
energy_range = 9
exhaustiveness = 32
num_modes = 10