center_x = 46.03462000000003
center_y = 1.8116875000000008
center_z = 19.6704375
size_x = 22
size_y = 22
size_z = 22
energy_range = 9
exhaustiveness = 32
num_modes = 10