center_x = 42.23665972222221
center_y = 0.3255416666666671
center_z = 25.875800925925912
size_x = 22
size_y = 22
size_z = 22
energy_range = 9
exhaustiveness = 32
num_modes = 10