center_x = 28.038355769230787
center_y = 1.9019951923076912
center_z = 20.38730288461538
size_x = 22
size_y = 22
size_z = 22
energy_range = 9
exhaustiveness = 32
num_modes = 10