center_x = 47.55599442896935
center_y = -0.9616991643454036
center_z = 21.09232590529247
size_x = 22
size_y = 22
size_z = 22
energy_range = 9
exhaustiveness = 32
num_modes = 10