center_x = 33.572214953271015
center_y = -2.217761682242991
center_z = 27.75579906542056
size_x = 22
size_y = 22
size_z = 22
energy_range = 9
exhaustiveness = 32
num_modes = 10