center_x = 45.398912500000016
center_y = -0.3289325000000003
center_z = 24.97243500000001
size_x = 22
size_y = 22
size_z = 22
energy_range = 9
exhaustiveness = 32
num_modes = 10