center_x = 36.20551600000001
center_y = 2.649879999999996
center_z = 23.709036
size_x = 22
size_y = 22
size_z = 22
energy_range = 9
exhaustiveness = 32
num_modes = 10