center_x = 65.82180748663099
center_y = 37.12993582887694
center_z = -35.17404991087344
size_x = 22
size_y = 22
size_z = 22
energy_range = 9
exhaustiveness = 32
num_modes = 10