center_x = 61.25702112676054
center_y = 26.211032863849763
center_z = -27.59209389671361
size_x = 22
size_y = 22
size_z = 22
energy_range = 9
exhaustiveness = 32
num_modes = 10