center_x = 57.301448801742936
center_y = 27.24561873638346
center_z = -33.648986928104534
size_x = 22
size_y = 22
size_z = 22
energy_range = 9
exhaustiveness = 32
num_modes = 10