center_x = 57.30144880174296
center_y = 27.24561873638344
center_z = -33.64898692810457
size_x = 22
size_y = 22
size_z = 22
energy_range = 9
exhaustiveness = 32
num_modes = 10