center_x = 63.6118489583333
center_y = 35.507197916666655
center_z = -29.262828124999995
size_x = 22
size_y = 22
size_z = 22
energy_range = 9
exhaustiveness = 32
num_modes = 10