center_x = 65.6864075993091
center_y = 35.86506390328154
center_z = -33.19598445595857
size_x = 22
size_y = 22
size_z = 22
energy_range = 9
exhaustiveness = 32
num_modes = 10