center_x = 67.42384045584046
center_y = 28.734717948717964
center_z = -34.03586894586895
size_x = 22
size_y = 22
size_z = 22
energy_range = 9
exhaustiveness = 32
num_modes = 10