center_x = 70.58731531531534
center_y = 38.732912912912894
center_z = -36.72105705705707
size_x = 22
size_y = 22
size_z = 22
energy_range = 9
exhaustiveness = 32
num_modes = 10