center_x = 59.129016025641015
center_y = 26.5185801282051
center_z = -26.85797756410257
size_x = 22
size_y = 22
size_z = 22
energy_range = 9
exhaustiveness = 32
num_modes = 10