center_x = 61.25702112676059
center_y = 26.21103286384976
center_z = -27.592093896713603
size_x = 22
size_y = 22
size_z = 22
energy_range = 9
exhaustiveness = 32
num_modes = 10