center_x = 58.99110565476181
center_y = 30.867334821428564
center_z = -27.91471130952385
size_x = 22
size_y = 22
size_z = 22
energy_range = 9
exhaustiveness = 32
num_modes = 10