center_x = 70.67680776014113
center_y = 35.93079188712519
center_z = -27.79630864197532
size_x = 22
size_y = 22
size_z = 22
energy_range = 9
exhaustiveness = 32
num_modes = 10