center_x = 67.6715867446394
center_y = 32.150350877192984
center_z = -26.94745614035089
size_x = 22
size_y = 22
size_z = 22
energy_range = 9
exhaustiveness = 32
num_modes = 10