center_x = 61.81594603174599
center_y = 35.41911428571427
center_z = -24.368825396825397
size_x = 22
size_y = 22
size_z = 22
energy_range = 9
exhaustiveness = 32
num_modes = 10