center_x = 69.26140659340659
center_y = 41.691142857142864
center_z = -34.68513186813188
size_x = 22
size_y = 22
size_z = 22
energy_range = 9
exhaustiveness = 32
num_modes = 10