center_x = 57.132641364136376
center_y = 34.505518151815195
center_z = -30.821690869086943
size_x = 22
size_y = 22
size_z = 22
energy_range = 9
exhaustiveness = 32
num_modes = 10