center_x = 64.0469154228855
center_y = 37.75712437810945
center_z = -31.728890547263667
size_x = 22
size_y = 22
size_z = 22
energy_range = 9
exhaustiveness = 32
num_modes = 10