center_x = 64.20616528925623
center_y = 39.785363636363634
center_z = -28.78890358126721
size_x = 22
size_y = 22
size_z = 22
energy_range = 9
exhaustiveness = 32
num_modes = 10