center_x = 64.34315671641788
center_y = 34.18379104477609
center_z = -26.59721393034825
size_x = 22
size_y = 22
size_z = 22
energy_range = 9
exhaustiveness = 32
num_modes = 10