center_x = 64.37931143552309
center_y = 26.563742092457435
center_z = -31.73394647201949
size_x = 22
size_y = 22
size_z = 22
energy_range = 9
exhaustiveness = 32
num_modes = 10