center_x = 58.466019230769184
center_y = 25.793727564102568
center_z = -27.00691666666666
size_x = 22
size_y = 22
size_z = 22
energy_range = 9
exhaustiveness = 32
num_modes = 10