center_x = 65.23873460721866
center_y = 38.51295116772828
center_z = -32.14711040339703
size_x = 22
size_y = 22
size_z = 22
energy_range = 9
exhaustiveness = 32
num_modes = 10