center_x = 65.74988160291433
center_y = 28.857087431693955
center_z = -26.785156648451725
size_x = 22
size_y = 22
size_z = 22
energy_range = 9
exhaustiveness = 32
num_modes = 10