center_x = 62.02096460176987
center_y = 32.83137463126842
center_z = -25.53102654867259
size_x = 22
size_y = 22
size_z = 22
energy_range = 9
exhaustiveness = 32
num_modes = 10