center_x = 67.42384045584049
center_y = 28.73471794871793
center_z = -34.035868945868955
size_x = 22
size_y = 22
size_z = 22
energy_range = 9
exhaustiveness = 32
num_modes = 10