center_x = 64.80991666666667
center_y = 41.26236403508773
center_z = -25.72829605263158
size_x = 22
size_y = 22
size_z = 22
energy_range = 9
exhaustiveness = 32
num_modes = 10