center_x = 69.15847688564477
center_y = 40.6682408759124
center_z = -28.73671289537712
size_x = 22
size_y = 22
size_z = 22
energy_range = 9
exhaustiveness = 32
num_modes = 10