center_x = 64.66932911392404
center_y = 30.54333333333337
center_z = -26.935071729957805
size_x = 22
size_y = 22
size_z = 22
energy_range = 9
exhaustiveness = 32
num_modes = 10