center_x = 68.89009655172414
center_y = 30.044574712643666
center_z = -33.06657471264367
size_x = 22
size_y = 22
size_z = 22
energy_range = 9
exhaustiveness = 32
num_modes = 10