center_x = 65.45461305361303
center_y = 38.53636363636361
center_z = -33.957657342657335
size_x = 22
size_y = 22
size_z = 22
energy_range = 9
exhaustiveness = 32
num_modes = 10