center_x = 63.6651921568627
center_y = 32.776980392156865
center_z = -36.948349019607846
size_x = 22
size_y = 22
size_z = 22
energy_range = 9
exhaustiveness = 32
num_modes = 10