center_x = 68.58565608465614
center_y = 41.87693915343918
center_z = -30.98333862433862
size_x = 22
size_y = 22
size_z = 22
energy_range = 9
exhaustiveness = 32
num_modes = 10