center_x = 62.330041666666666
center_y = 39.36223263888892
center_z = -25.796621527777788
size_x = 22
size_y = 22
size_z = 22
energy_range = 9
exhaustiveness = 32
num_modes = 10