center_x = 66.10207344632765
center_y = 36.31771186440677
center_z = -36.06968926553672
size_x = 22
size_y = 22
size_z = 22
energy_range = 9
exhaustiveness = 32
num_modes = 10