center_x = 64.31161290322584
center_y = 34.321916666666674
center_z = -26.575602150537637
size_x = 22
size_y = 22
size_z = 22
energy_range = 9
exhaustiveness = 32
num_modes = 10