center_x = 61.91523456790124
center_y = 36.35864444444447
center_z = -23.988390123456764
size_x = 22
size_y = 22
size_z = 22
energy_range = 9
exhaustiveness = 32
num_modes = 10