center_x = 73.62439959839355
center_y = 37.994574297188784
center_z = -35.199795180722866
size_x = 22
size_y = 22
size_z = 22
energy_range = 9
exhaustiveness = 32
num_modes = 10