center_x = 58.75734082397003
center_y = 28.50177777777772
center_z = -28.09321972534333
size_x = 22
size_y = 22
size_z = 22
energy_range = 9
exhaustiveness = 32
num_modes = 10