center_x = 59.22691097308488
center_y = 31.53984886128363
center_z = -27.94012629399588
size_x = 22
size_y = 22
size_z = 22
energy_range = 9
exhaustiveness = 32
num_modes = 10