center_x = 59.00304819277106
center_y = 27.51245180722889
center_z = -26.92572891566267
size_x = 22
size_y = 22
size_z = 22
energy_range = 9
exhaustiveness = 32
num_modes = 10