center_x = 63.95629385964913
center_y = 35.25119298245617
center_z = -29.204131578947397
size_x = 22
size_y = 22
size_z = 22
energy_range = 9
exhaustiveness = 32
num_modes = 10