center_x = 71.74924242424234
center_y = 39.64194276094272
center_z = -29.358777777777792
size_x = 22
size_y = 22
size_z = 22
energy_range = 9
exhaustiveness = 32
num_modes = 10