center_x = 64.9591445221445
center_y = 28.15755710955713
center_z = -30.77116317016317
size_x = 22
size_y = 22
size_z = 22
energy_range = 9
exhaustiveness = 32
num_modes = 10