center_x = 58.75734082397007
center_y = 28.501777777777782
center_z = -28.093219725343324
size_x = 22
size_y = 22
size_z = 22
energy_range = 9
exhaustiveness = 32
num_modes = 10