center_x = 71.74924242424235
center_y = 39.64194276094274
center_z = -29.3587777777778
size_x = 22
size_y = 22
size_z = 22
energy_range = 9
exhaustiveness = 32
num_modes = 10