center_x = 69.15847688564479
center_y = 40.66824087591243
center_z = -28.736712895377146
size_x = 22
size_y = 22
size_z = 22
energy_range = 9
exhaustiveness = 32
num_modes = 10