center_x = 64.68370503597119
center_y = 39.1625587529976
center_z = -32.3991510791367
size_x = 22
size_y = 22
size_z = 22
energy_range = 9
exhaustiveness = 32
num_modes = 10