center_x = 69.6459256198347
center_y = 33.007393939393936
center_z = -36.636212121212125
size_x = 22
size_y = 22
size_z = 22
energy_range = 9
exhaustiveness = 32
num_modes = 10