center_x = 65.56388165680472
center_y = 32.43148126232744
center_z = -28.366323471400392
size_x = 22
size_y = 22
size_z = 22
energy_range = 9
exhaustiveness = 32
num_modes = 10