center_x = 61.1975821596244
center_y = 38.916799687010965
center_z = -25.243057902973398
size_x = 22
size_y = 22
size_z = 22
energy_range = 9
exhaustiveness = 32
num_modes = 10