center_x = 62.9439086021505
center_y = 39.21622222222224
center_z = -24.33085125448028
size_x = 22
size_y = 22
size_z = 22
energy_range = 9
exhaustiveness = 32
num_modes = 10