center_x = 65.55592380952383
center_y = 32.44164523809523
center_z = -28.31618333333332
size_x = 22
size_y = 22
size_z = 22
energy_range = 9
exhaustiveness = 32
num_modes = 10