center_x = 63.95629385964907
center_y = 35.25119298245615
center_z = -29.20413157894736
size_x = 22
size_y = 22
size_z = 22
energy_range = 9
exhaustiveness = 32
num_modes = 10