center_x = 61.95396636085633
center_y = 37.27063914373084
center_z = -23.735590214067287
size_x = 22
size_y = 22
size_z = 22
energy_range = 9
exhaustiveness = 32
num_modes = 10