center_x = 63.6371294117647
center_y = 26.15937647058824
center_z = -31.99991764705883
size_x = 22
size_y = 22
size_z = 22
energy_range = 9
exhaustiveness = 32
num_modes = 10