center_x = 69.64592561983468
center_y = 33.00739393939395
center_z = -36.63621212121211
size_x = 22
size_y = 22
size_z = 22
energy_range = 9
exhaustiveness = 32
num_modes = 10