center_x = 58.12030714675401
center_y = 33.11946481178391
center_z = -29.40048772504089
size_x = 22
size_y = 22
size_z = 22
energy_range = 9
exhaustiveness = 32
num_modes = 10