center_x = 65.87913165266107
center_y = 28.76111204481789
center_z = -26.625072829131664
size_x = 22
size_y = 22
size_z = 22
energy_range = 9
exhaustiveness = 32
num_modes = 10