center_x = 58.14540289855072
center_y = 36.19164637681162
center_z = -28.70514782608695
size_x = 22
size_y = 22
size_z = 22
energy_range = 9
exhaustiveness = 32
num_modes = 10