center_x = 68.33445938375358
center_y = 38.23870308123252
center_z = -30.352721288515387
size_x = 22
size_y = 22
size_z = 22
energy_range = 9
exhaustiveness = 32
num_modes = 10