center_x = 66.85264912280698
center_y = 41.26463408521301
center_z = -30.483167919799477
size_x = 22
size_y = 22
size_z = 22
energy_range = 9
exhaustiveness = 32
num_modes = 10