center_x = 68.1544518518518
center_y = 28.656825925925908
center_z = -28.938211111111094
size_x = 22
size_y = 22
size_z = 22
energy_range = 9
exhaustiveness = 32
num_modes = 10