center_x = 68.55470460704605
center_y = 29.93423577235772
center_z = -32.507013550135504
size_x = 22
size_y = 22
size_z = 22
energy_range = 9
exhaustiveness = 32
num_modes = 10