center_x = 66.51864568764567
center_y = 37.46995337995335
center_z = -34.93768997668998
size_x = 22
size_y = 22
size_z = 22
energy_range = 9
exhaustiveness = 32
num_modes = 10