center_x = 64.15577846790889
center_y = 30.438291925465872
center_z = -26.73113664596273
size_x = 22
size_y = 22
size_z = 22
energy_range = 9
exhaustiveness = 32
num_modes = 10