center_x = 65.41161333333329
center_y = 39.83555111111112
center_z = -32.14344
size_x = 22
size_y = 22
size_z = 22
energy_range = 9
exhaustiveness = 32
num_modes = 10