center_x = 57.73151333333335
center_y = 36.62515000000006
center_z = -31.57815333333336
size_x = 22
size_y = 22
size_z = 22
energy_range = 9
exhaustiveness = 32
num_modes = 10