center_x = 60.13166260162602
center_y = 34.30823983739838
center_z = -27.59865853658536
size_x = 22
size_y = 22
size_z = 22
energy_range = 9
exhaustiveness = 32
num_modes = 10