center_x = 64.55582020202016
center_y = 30.5873313131313
center_z = -36.64912727272722
size_x = 22
size_y = 22
size_z = 22
energy_range = 9
exhaustiveness = 32
num_modes = 10