center_x = 58.49927632254754
center_y = 33.67844838212633
center_z = -29.03826810477657
size_x = 22
size_y = 22
size_z = 22
energy_range = 9
exhaustiveness = 32
num_modes = 10