center_x = 67.67158674463934
center_y = 32.15035087719299
center_z = -26.947456140350894
size_x = 22
size_y = 22
size_z = 22
energy_range = 9
exhaustiveness = 32
num_modes = 10