center_x = 65.58622029543996
center_y = 38.02165799614645
center_z = -32.67139242132316
size_x = 22
size_y = 22
size_z = 22
energy_range = 9
exhaustiveness = 32
num_modes = 10