center_x = 64.72394411177642
center_y = 27.71694411177645
center_z = -30.79304391217565
size_x = 22
size_y = 22
size_z = 22
energy_range = 9
exhaustiveness = 32
num_modes = 10