center_x = 73.62439959839354
center_y = 37.99457429718879
center_z = -35.19979518072293
size_x = 22
size_y = 22
size_z = 22
energy_range = 9
exhaustiveness = 32
num_modes = 10