center_x = 62.65557677902625
center_y = 26.02869662921349
center_z = -25.68088014981273
size_x = 22
size_y = 22
size_z = 22
energy_range = 9
exhaustiveness = 32
num_modes = 10