center_x = 68.33445938375353
center_y = 38.23870308123253
center_z = -30.352721288515376
size_x = 22
size_y = 22
size_z = 22
energy_range = 9
exhaustiveness = 32
num_modes = 10