center_x = 70.54755928411619
center_y = 39.458662192393625
center_z = -36.48013422818794
size_x = 22
size_y = 22
size_z = 22
energy_range = 9
exhaustiveness = 32
num_modes = 10