center_x = 64.50235238095239
center_y = 30.479476190476188
center_z = -36.55971047619045
size_x = 22
size_y = 22
size_z = 22
energy_range = 9
exhaustiveness = 32
num_modes = 10