center_x = -49.4756422764228
center_y = 26.083764227642263
center_z = -11.968682926829263
size_x = 22
size_y = 22
size_z = 22
energy_range = 9
exhaustiveness = 32
num_modes = 10