center_x = -73.96673553719016
center_y = 21.416838842975217
center_z = -38.03372314049588
size_x = 22
size_y = 22
size_z = 22
energy_range = 9
exhaustiveness = 32
num_modes = 10