center_x = -54.22578750000001
center_y = 6.205912499999999
center_z = -21.9372625
size_x = 22
size_y = 22
size_z = 22
energy_range = 9
exhaustiveness = 32
num_modes = 10