center_x = -58.22000662251654
center_y = 10.54473509933775
center_z = -21.30486754966888
size_x = 22
size_y = 22
size_z = 22
energy_range = 9
exhaustiveness = 32
num_modes = 10