center_x = -62.61922033898305
center_y = 34.502398305084746
center_z = -27.676474576271197
size_x = 22
size_y = 22
size_z = 22
energy_range = 9
exhaustiveness = 32
num_modes = 10