center_x = -69.35734013605443
center_y = 12.498612244897956
center_z = -34.04713605442177
size_x = 22
size_y = 22
size_z = 22
energy_range = 9
exhaustiveness = 32
num_modes = 10