center_x = -64.58037903225804
center_y = 10.936612903225807
center_z = -22.328991935483867
size_x = 22
size_y = 22
size_z = 22
energy_range = 9
exhaustiveness = 32
num_modes = 10