center_x = -47.08286486486488
center_y = 36.46597297297299
center_z = -35.057324324324306
size_x = 22
size_y = 22
size_z = 22
energy_range = 9
exhaustiveness = 32
num_modes = 10