center_x = -50.985547008547016
center_y = 34.03602564102563
center_z = -25.357307692307685
size_x = 22
size_y = 22
size_z = 22
energy_range = 9
exhaustiveness = 32
num_modes = 10