center_x = -49.99615094339624
center_y = 11.453773584905658
center_z = -20.093349056603778
size_x = 22
size_y = 22
size_z = 22
energy_range = 9
exhaustiveness = 32
num_modes = 10