center_x = -58.0671652173913
center_y = 14.733791304347822
center_z = -35.59626086956521
size_x = 22
size_y = 22
size_z = 22
energy_range = 9
exhaustiveness = 32
num_modes = 10