center_x = -44.90531159420293
center_y = 14.876985507246392
center_z = -13.542840579710145
size_x = 22
size_y = 22
size_z = 22
energy_range = 9
exhaustiveness = 32
num_modes = 10