center_x = -60.32626833631483
center_y = 26.2021663685152
center_z = -24.50070304114491
size_x = 22
size_y = 22
size_z = 22
energy_range = 9
exhaustiveness = 32
num_modes = 10