center_x = -70.92659523809527
center_y = 22.710841269841275
center_z = -12.478214285714284
size_x = 22
size_y = 22
size_z = 22
energy_range = 9
exhaustiveness = 32
num_modes = 10