center_x = -80.776125
center_y = 14.987446428571433
center_z = -19.64894642857143
size_x = 22
size_y = 22
size_z = 22
energy_range = 9
exhaustiveness = 32
num_modes = 10