center_x = -40.90830882352943
center_y = 29.298051470588227
center_z = -34.33403676470589
size_x = 22
size_y = 22
size_z = 22
energy_range = 9
exhaustiveness = 32
num_modes = 10