center_x = -44.19917391304348
center_y = 15.26603623188406
center_z = -22.03425362318842
size_x = 22
size_y = 22
size_z = 22
energy_range = 9
exhaustiveness = 32
num_modes = 10