center_x = -76.43494791666666
center_y = 32.35990104166667
center_z = -25.83294270833332
size_x = 22
size_y = 22
size_z = 22
energy_range = 9
exhaustiveness = 32
num_modes = 10