center_x = -52.79418439716312
center_y = 7.955609929078017
center_z = -25.67085815602837
size_x = 22
size_y = 22
size_z = 22
energy_range = 9
exhaustiveness = 32
num_modes = 10