center_x = -32.41825833333334
center_y = 24.963349999999988
center_z = 130.27671666666657
size_x = 22
size_y = 22
size_z = 22
energy_range = 9
exhaustiveness = 32
num_modes = 10