center_x = -19.02930065359477
center_y = 9.820516339869275
center_z = 116.47784313725488
size_x = 22
size_y = 22
size_z = 22
energy_range = 9
exhaustiveness = 32
num_modes = 10