center_x = -16.87125274725274
center_y = 19.94735164835164
center_z = 132.62776373626377
size_x = 22
size_y = 22
size_z = 22
energy_range = 9
exhaustiveness = 32
num_modes = 10