center_x = -33.91641666666666
center_y = 16.108035714285705
center_z = 143.8155357142858
size_x = 22
size_y = 22
size_z = 22
energy_range = 9
exhaustiveness = 32
num_modes = 10