center_x = -28.062841059602647
center_y = 17.478152317880795
center_z = 136.1899503311257
size_x = 22
size_y = 22
size_z = 22
energy_range = 9
exhaustiveness = 32
num_modes = 10