center_x = -15.410752747252769
center_y = 12.548958791208792
center_z = 137.44995329670314
size_x = 22
size_y = 22
size_z = 22
energy_range = 9
exhaustiveness = 32
num_modes = 10