center_x = -14.89012612612613
center_y = 25.10516216216216
center_z = 126.46918018018022
size_x = 22
size_y = 22
size_z = 22
energy_range = 9
exhaustiveness = 32
num_modes = 10