center_x = -11.007687499999998
center_y = 22.87595312500001
center_z = 121.940078125
size_x = 22
size_y = 22
size_z = 22
energy_range = 9
exhaustiveness = 32
num_modes = 10