center_x = -19.63439240506329
center_y = 4.643708860759491
center_z = 128.36831645569615
size_x = 22
size_y = 22
size_z = 22
energy_range = 9
exhaustiveness = 32
num_modes = 10