center_x = -41.79485964912281
center_y = 17.593912280701755
center_z = 133.36014035087717
size_x = 22
size_y = 22
size_z = 22
energy_range = 9
exhaustiveness = 32
num_modes = 10