center_x = -8.121849462365592
center_y = 21.282225806451628
center_z = 128.91696774193548
size_x = 22
size_y = 22
size_z = 22
energy_range = 9
exhaustiveness = 32
num_modes = 10