center_x = -11.686278260869573
center_y = 19.754339130434776
center_z = 131.9988260869565
size_x = 22
size_y = 22
size_z = 22
energy_range = 9
exhaustiveness = 32
num_modes = 10