center_x = 14.764387019230773
center_y = -28.75782692307689
center_z = -20.600365384615404
size_x = 22
size_y = 22
size_z = 22
energy_range = 9
exhaustiveness = 32
num_modes = 10