center_x = 0.3613728813559328
center_y = -32.10498305084747
center_z = -14.227412429378534
size_x = 22
size_y = 22
size_z = 22
energy_range = 9
exhaustiveness = 32
num_modes = 10