center_x = 3.2601798941798927
center_y = -25.433095238095227
center_z = -8.890820105820113
size_x = 22
size_y = 22
size_z = 22
energy_range = 9
exhaustiveness = 32
num_modes = 10