center_x = 4.587999999999997
center_y = -38.89055670103095
center_z = -12.2320206185567
size_x = 22
size_y = 22
size_z = 22
energy_range = 9
exhaustiveness = 32
num_modes = 10