center_x = 7.042087378640775
center_y = -35.73155339805825
center_z = -29.9006213592233
size_x = 22
size_y = 22
size_z = 22
energy_range = 9
exhaustiveness = 32
num_modes = 10