center_x = 2.5692589285714305
center_y = -29.62958928571429
center_z = -25.94345535714286
size_x = 22
size_y = 22
size_z = 22
energy_range = 9
exhaustiveness = 32
num_modes = 10