center_x = 10.172968749999995
center_y = -39.839260416666654
center_z = -30.75860416666667
size_x = 22
size_y = 22
size_z = 22
energy_range = 9
exhaustiveness = 32
num_modes = 10