center_x = 24.29882629107982
center_y = -35.207516431924894
center_z = 1.7519812206572758
size_x = 22
size_y = 22
size_z = 22
energy_range = 9
exhaustiveness = 32
num_modes = 10