center_x = 30.0122794117647
center_y = -33.889955882352936
center_z = -10.235102941176478
size_x = 22
size_y = 22
size_z = 22
energy_range = 9
exhaustiveness = 32
num_modes = 10