center_x = 20.762721428571425
center_y = -45.44715714285714
center_z = -21.40166428571428
size_x = 22
size_y = 22
size_z = 22
energy_range = 9
exhaustiveness = 32
num_modes = 10