receptor = data/6d07/6d07_ligand.pdbqt
ligand = data/6d07/6d07_protein.pdbqt
center_x = 11.70329535864979
center_y = 14.621202531645578
center_z = 15.033008438818564
size_x = 22.024590717299574
size_y = 17.480405063291155
size_z = 18.574016877637128
energy_range = 9
exhaustiveness = 32
num_modes = 10