center_x = 1.5362070484581496
center_y = 7.309164096916307
center_z = 9.066901982378855
size_x = 22
size_y = 22
size_z = 22
energy_range = 9
exhaustiveness = 32
num_modes = 10