center_x = 7.146608695652177
center_y = 1.5086434782608698
center_z = 24.42267826086955
size_x = 22
size_y = 22
size_z = 22
energy_range = 9
exhaustiveness = 32
num_modes = 10