center_x = 5.2443440860215045
center_y = 18.601946236559133
center_z = 23.355295698924746
size_x = 22
size_y = 22
size_z = 22
energy_range = 9
exhaustiveness = 32
num_modes = 10