center_x = 14.729692307692314
center_y = 12.717144230769238
center_z = -8.64592307692308
size_x = 22
size_y = 22
size_z = 22
energy_range = 9
exhaustiveness = 32
num_modes = 10