center_x = -19.59563953488372
center_y = -2.989313953488373
center_z = 8.443313953488373
size_x = 22
size_y = 22
size_z = 22
energy_range = 9
exhaustiveness = 32
num_modes = 10