center_x = 18.72088481675393
center_y = 13.178973821989524
center_z = 17.429534031413613
size_x = 22
size_y = 22
size_z = 22
energy_range = 9
exhaustiveness = 32
num_modes = 10