center_x = 21.16818279569893
center_y = 6.799623655913979
center_z = -4.863086021505375
size_x = 22
size_y = 22
size_z = 22
energy_range = 9
exhaustiveness = 32
num_modes = 10