center_x = -1.846552631578948
center_y = 17.554368421052637
center_z = 27.85467763157896
size_x = 22
size_y = 22
size_z = 22
energy_range = 9
exhaustiveness = 32
num_modes = 10