center_x = -2.214388059701492
center_y = 12.558328358208955
center_z = 26.094208955223888
size_x = 22
size_y = 22
size_z = 22
energy_range = 9
exhaustiveness = 32
num_modes = 10