center_x = -5.91095287958115
center_y = 3.3140628272251327
center_z = -2.484633507853404
size_x = 22
size_y = 22
size_z = 22
energy_range = 9
exhaustiveness = 32
num_modes = 10