center_x = -20.19954098360656
center_y = 2.9816885245901643
center_z = -4.180278688524591
size_x = 22
size_y = 22
size_z = 22
energy_range = 9
exhaustiveness = 32
num_modes = 10