center_x = -8.192716417910447
center_y = 19.404462686567168
center_z = 23.33537313432836
size_x = 22
size_y = 22
size_z = 22
energy_range = 9
exhaustiveness = 32
num_modes = 10