center_x = 8.27950943396226
center_y = 6.703723270440252
center_z = 1.8890566037735852
size_x = 22
size_y = 22
size_z = 22
energy_range = 9
exhaustiveness = 32
num_modes = 10