center_x = 5.647455089820359
center_y = 12.948311377245505
center_z = -4.579233532934135
size_x = 22
size_y = 22
size_z = 22
energy_range = 9
exhaustiveness = 32
num_modes = 10