center_x = 1.9182500000000005
center_y = 19.674325000000003
center_z = 8.5577
size_x = 22
size_y = 22
size_z = 22
energy_range = 9
exhaustiveness = 32
num_modes = 10