center_x = 9.391178217821784
center_y = 14.730762376237625
center_z = -10.249831683168315
size_x = 22
size_y = 22
size_z = 22
energy_range = 9
exhaustiveness = 32
num_modes = 10