center_x = 2.3552857142857127
center_y = 4.5174523809523786
center_z = 23.34346031746032
size_x = 22
size_y = 22
size_z = 22
energy_range = 9
exhaustiveness = 32
num_modes = 10