center_x = 24.209017543859648
center_y = 0.3493157894736844
center_z = -7.767473684210528
size_x = 22
size_y = 22
size_z = 22
energy_range = 9
exhaustiveness = 32
num_modes = 10