center_x = 24.44257291666668
center_y = -3.5967343750000023
center_z = 20.321536458333323
size_x = 22
size_y = 22
size_z = 22
energy_range = 9
exhaustiveness = 32
num_modes = 10