center_x = 13.033000000000005
center_y = 7.968169014084506
center_z = -15.315380281690135
size_x = 22
size_y = 22
size_z = 22
energy_range = 9
exhaustiveness = 32
num_modes = 10