center_x = 7.332479166666671
center_y = 2.620930555555557
center_z = 0.8334374999999997
size_x = 22
size_y = 22
size_z = 22
energy_range = 9
exhaustiveness = 32
num_modes = 10