center_x = -8.775992125984255
center_y = -3.195937007874017
center_z = -9.96623622047244
size_x = 22
size_y = 22
size_z = 22
energy_range = 9
exhaustiveness = 32
num_modes = 10