center_x = -9.063628378378368
center_y = 10.39843918918919
center_z = 13.734945945945949
size_x = 22
size_y = 22
size_z = 22
energy_range = 9
exhaustiveness = 32
num_modes = 10