center_x = 10.504263473053893
center_y = -11.104928143712574
center_z = 14.31761077844311
size_x = 22
size_y = 22
size_z = 22
energy_range = 9
exhaustiveness = 32
num_modes = 10