center_x = 16.78625118483412
center_y = 6.759355450236966
center_z = 23.68139336492891
size_x = 22
size_y = 22
size_z = 22
energy_range = 9
exhaustiveness = 32
num_modes = 10