center_x = -21.26059405940594
center_y = 9.587603960396038
center_z = 5.741356435643564
size_x = 22
size_y = 22
size_z = 22
energy_range = 9
exhaustiveness = 32
num_modes = 10