center_x = 16.712306249999997
center_y = 5.3466875
center_z = -11.964075000000005
size_x = 22
size_y = 22
size_z = 22
energy_range = 9
exhaustiveness = 32
num_modes = 10