center_x = 4.475405063291136
center_y = 15.25337974683544
center_z = -4.02032911392405
size_x = 22
size_y = 22
size_z = 22
energy_range = 9
exhaustiveness = 32
num_modes = 10