center_x = 18.878508196721317
center_y = 4.57934426229508
center_z = -3.2422841530054645
size_x = 22
size_y = 22
size_z = 22
energy_range = 9
exhaustiveness = 32
num_modes = 10