center_x = 9.282666666666664
center_y = 1.6898585858585862
center_z = -5.819353535353532
size_x = 22
size_y = 22
size_z = 22
energy_range = 9
exhaustiveness = 32
num_modes = 10