center_x = 30.67973170731708
center_y = 8.284207317073172
center_z = -7.030426829268295
size_x = 22
size_y = 22
size_z = 22
energy_range = 9
exhaustiveness = 32
num_modes = 10