center_x = 16.137524822695028
center_y = 14.032390070921986
center_z = -15.401609929078012
size_x = 22
size_y = 22
size_z = 22
energy_range = 9
exhaustiveness = 32
num_modes = 10