center_x = 24.64204375
center_y = 19.56823125
center_z = -17.5060875
size_x = 22
size_y = 22
size_z = 22
energy_range = 9
exhaustiveness = 32
num_modes = 10