center_x = -12.424778169014072
center_y = -12.424542253521112
center_z = 1.1884077446691815e-16
size_x = 22
size_y = 22
size_z = 22
energy_range = 9
exhaustiveness = 32
num_modes = 10