center_x = -25.884272727272734
center_y = -25.884272727272734
center_z = -9.804566970715668e-16
size_x = 22
size_y = 22
size_z = 22
energy_range = 9
exhaustiveness = 32
num_modes = 10