center_x = -22.151987834549903
center_y = -22.151572992700757
center_z = 0.001120437956204
size_x = 22
size_y = 22
size_z = 22
energy_range = 9
exhaustiveness = 32
num_modes = 10