center_x = -20.617705128205102
center_y = -20.618038461538447
center_z = -0.0003076923076924
size_x = 22
size_y = 22
size_z = 22
energy_range = 9
exhaustiveness = 32
num_modes = 10