center_x = -31.29143421052633
center_y = -31.291404605263192
center_z = 3.947368421063884e-05
size_x = 22
size_y = 22
size_z = 22
energy_range = 9
exhaustiveness = 32
num_modes = 10