center_x = -25.222999999999995
center_y = -25.222996268656708
center_z = -3.731343284474828e-06
size_x = 22
size_y = 22
size_z = 22
energy_range = 9
exhaustiveness = 32
num_modes = 10