center_x = -13.638889312977108
center_y = -13.638889312977104
center_z = -6.779987936642178e-16
size_x = 22
size_y = 22
size_z = 22
energy_range = 9
exhaustiveness = 32
num_modes = 10