center_x = -25.7972380952381
center_y = -25.797238095238104
center_z = -2.379049338482478e-16
size_x = 22
size_y = 22
size_z = 22
energy_range = 9
exhaustiveness = 32
num_modes = 10