center_x = -30.35736170212766
center_y = -30.3569609929078
center_z = 0.0001382978723406
size_x = 22
size_y = 22
size_z = 22
energy_range = 9
exhaustiveness = 32
num_modes = 10