center_x = -18.54701030927836
center_y = -18.54680927835052
center_z = -0.0002319587628868
size_x = 22
size_y = 22
size_z = 22
energy_range = 9
exhaustiveness = 32
num_modes = 10