center_x = -11.879956363636367
center_y = -11.879930909090907
center_z = -4.1818181818242616e-05
size_x = 22
size_y = 22
size_z = 22
energy_range = 9
exhaustiveness = 32
num_modes = 10