center_x = -15.814416666666649
center_y = -15.814416666666652
center_z = -3.885780586188048e-17
size_x = 22
size_y = 22
size_z = 22
energy_range = 9
exhaustiveness = 32
num_modes = 10