center_x = -18.65583196721311
center_y = -18.655831967213103
center_z = 2.4752513335905127e-16
size_x = 22
size_y = 22
size_z = 22
energy_range = 9
exhaustiveness = 32
num_modes = 10