center_x = -25.7972380952381
center_y = -25.79723809523809
center_z = -1.5331651292442638e-16
size_x = 22
size_y = 22
size_z = 22
energy_range = 9
exhaustiveness = 32
num_modes = 10