center_x = -30.357361702127665
center_y = -30.3569609929078
center_z = 0.0001382978723408
size_x = 22
size_y = 22
size_z = 22
energy_range = 9
exhaustiveness = 32
num_modes = 10