center_x = -23.368468253968253
center_y = -23.36846825396825
center_z = -3.101575433873453e-16
size_x = 22
size_y = 22
size_z = 22
energy_range = 9
exhaustiveness = 32
num_modes = 10