center_x = -11.879598802395211
center_y = -11.8799131736527
center_z = -0.0009999999999998
size_x = 22
size_y = 22
size_z = 22
energy_range = 9
exhaustiveness = 32
num_modes = 10