center_x = -11.879598802395206
center_y = -11.879913173652694
center_z = -0.0009999999999998
size_x = 22
size_y = 22
size_z = 22
energy_range = 9
exhaustiveness = 32
num_modes = 10