center_x = -18.200759776536312
center_y = -18.20076815642457
center_z = -8.379888268198918e-06
size_x = 22
size_y = 22
size_z = 22
energy_range = 9
exhaustiveness = 32
num_modes = 10