center_x = -24.78652531645569
center_y = -24.78652531645569
center_z = -6.071092995418577e-16
size_x = 22
size_y = 22
size_z = 22
energy_range = 9
exhaustiveness = 32
num_modes = 10