center_x = -11.879956363636357
center_y = -11.879930909090907
center_z = -4.181818181826845e-05
size_x = 22
size_y = 22
size_z = 22
energy_range = 9
exhaustiveness = 32
num_modes = 10