center_x = -25.88427272727273
center_y = -25.88427272727273
center_z = -6.344131569286609e-16
size_x = 22
size_y = 22
size_z = 22
energy_range = 9
exhaustiveness = 32
num_modes = 10