center_x = 19.98132051282051
center_y = 0.2151923076923073
center_z = 34.55746153846153
size_x = 22
size_y = 22
size_z = 22
energy_range = 9
exhaustiveness = 32
num_modes = 10