center_x = 29.31489041095889
center_y = -7.237369863013698
center_z = 24.766732876712325
size_x = 22
size_y = 22
size_z = 22
energy_range = 9
exhaustiveness = 32
num_modes = 10