center_x = 21.60052100840337
center_y = 9.545210084033611
center_z = 30.76330252100841
size_x = 22
size_y = 22
size_z = 22
energy_range = 9
exhaustiveness = 32
num_modes = 10