center_x = 21.548829516539428
center_y = -9.9538804071247
center_z = 16.09154580152672
size_x = 22
size_y = 22
size_z = 22
energy_range = 9
exhaustiveness = 32
num_modes = 10