center_x = 16.51296428571428
center_y = 9.791535714285711
center_z = 3.4328928571428583
size_x = 22
size_y = 22
size_z = 22
energy_range = 9
exhaustiveness = 32
num_modes = 10