center_x = 3.285032258064514
center_y = -6.850655913978494
center_z = 35.1963924731183
size_x = 22
size_y = 22
size_z = 22
energy_range = 9
exhaustiveness = 32
num_modes = 10