center_x = 2.504721739130432
center_y = -11.177084782608686
center_z = 32.04077826086959
size_x = 22
size_y = 22
size_z = 22
energy_range = 9
exhaustiveness = 32
num_modes = 10