center_x = 12.831397163120569
center_y = -1.141567375886525
center_z = 35.2948156028369
size_x = 22
size_y = 22
size_z = 22
energy_range = 9
exhaustiveness = 32
num_modes = 10