center_x = 25.20847682119208
center_y = -10.43016556291392
center_z = 12.860750551876386
size_x = 22
size_y = 22
size_z = 22
energy_range = 9
exhaustiveness = 32
num_modes = 10