center_x = 3.8545753424657545
center_y = 5.342424657534243
center_z = 26.620472602739724
size_x = 22
size_y = 22
size_z = 22
energy_range = 9
exhaustiveness = 32
num_modes = 10