center_x = 8.622360215053765
center_y = 13.497258064516126
center_z = 33.481413978494615
size_x = 22
size_y = 22
size_z = 22
energy_range = 9
exhaustiveness = 32
num_modes = 10