center_x = 5.116937172774872
center_y = 15.086371727748688
center_z = 31.39238743455497
size_x = 22
size_y = 22
size_z = 22
energy_range = 9
exhaustiveness = 32
num_modes = 10