center_x = 16.848670967741942
center_y = 7.311148387096774
center_z = 33.80830322580644
size_x = 22
size_y = 22
size_z = 22
energy_range = 9
exhaustiveness = 32
num_modes = 10