center_x = 2.039714285714287
center_y = 4.908301587301588
center_z = 8.104876984126982
size_x = 22
size_y = 22
size_z = 22
energy_range = 9
exhaustiveness = 32
num_modes = 10