center_x = 23.66729856115108
center_y = -8.331356115107912
center_z = 8.834924460431655
size_x = 22
size_y = 22
size_z = 22
energy_range = 9
exhaustiveness = 32
num_modes = 10