center_x = 66.08544230769229
center_y = 1.1565913461538464
center_z = 10.627644230769238
size_x = 22
size_y = 22
size_z = 22
energy_range = 9
exhaustiveness = 32
num_modes = 10