center_x = 77.40942805755394
center_y = 8.381539568345325
center_z = -7.617086330935254
size_x = 22
size_y = 22
size_z = 22
energy_range = 9
exhaustiveness = 32
num_modes = 10