center_x = 65.95650399999998
center_y = 10.992648
center_z = 4.885527999999998
size_x = 22
size_y = 22
size_z = 22
energy_range = 9
exhaustiveness = 32
num_modes = 10