center_x = 73.68737362637366
center_y = 6.609395604395605
center_z = -11.867192307692305
size_x = 22
size_y = 22
size_z = 22
energy_range = 9
exhaustiveness = 32
num_modes = 10