center_x = 82.77755319148937
center_y = 13.540170212765958
center_z = 4.45173404255319
size_x = 22
size_y = 22
size_z = 22
energy_range = 9
exhaustiveness = 32
num_modes = 10