center_x = 85.1265462184874
center_y = 6.780411764705883
center_z = -12.08095798319328
size_x = 22
size_y = 22
size_z = 22
energy_range = 9
exhaustiveness = 32
num_modes = 10