center_x = 99.31622314049586
center_y = 75.4191570247934
center_z = -31.49628099173554
size_x = 22
size_y = 22
size_z = 22
energy_range = 9
exhaustiveness = 32
num_modes = 10