center_x = 104.20821014492752
center_y = 83.11592753623194
center_z = -38.06394202898552
size_x = 22
size_y = 22
size_z = 22
energy_range = 9
exhaustiveness = 32
num_modes = 10