center_x = 86.15798148148149
center_y = 83.01375925925923
center_z = -30.75388888888889
size_x = 22
size_y = 22
size_z = 22
energy_range = 9
exhaustiveness = 32
num_modes = 10