center_x = 96.49915714285709
center_y = 81.51511428571428
center_z = -14.713728571428575
size_x = 22
size_y = 22
size_z = 22
energy_range = 9
exhaustiveness = 32
num_modes = 10