center_x = 108.3385140186916
center_y = 75.72141121495326
center_z = -35.87409345794393
size_x = 22
size_y = 22
size_z = 22
energy_range = 9
exhaustiveness = 32
num_modes = 10