center_x = 93.11971369294604
center_y = 93.11691701244813
center_z = -44.00731535269708
size_x = 22
size_y = 22
size_z = 22
energy_range = 9
exhaustiveness = 32
num_modes = 10