center_x = 102.3735304347826
center_y = 82.89476521739132
center_z = -19.87884347826087
size_x = 22
size_y = 22
size_z = 22
energy_range = 9
exhaustiveness = 32
num_modes = 10