center_x = 102.310504854369
center_y = 68.89925242718445
center_z = -33.97164077669903
size_x = 22
size_y = 22
size_z = 22
energy_range = 9
exhaustiveness = 32
num_modes = 10