center_x = 93.11341085271316
center_y = 91.1451240310078
center_z = -24.47354263565892
size_x = 22
size_y = 22
size_z = 22
energy_range = 9
exhaustiveness = 32
num_modes = 10