center_x = 4.511678571428573
center_y = 57.19008333333334
center_z = 100.9966785714286
size_x = 22
size_y = 22
size_z = 22
energy_range = 9
exhaustiveness = 32
num_modes = 10