center_x = 13.748010101010104
center_y = 63.1500101010101
center_z = 151.07951515151515
size_x = 22
size_y = 22
size_z = 22
energy_range = 9
exhaustiveness = 32
num_modes = 10