center_x = 6.432591439688716
center_y = 64.97567704280158
center_z = 109.47017509727635
size_x = 22
size_y = 22
size_z = 22
energy_range = 9
exhaustiveness = 32
num_modes = 10