center_x = 17.409042553191505
center_y = 63.61714893617022
center_z = 112.25318085106382
size_x = 22
size_y = 22
size_z = 22
energy_range = 9
exhaustiveness = 32
num_modes = 10