center_x = 15.74235393258427
center_y = 67.12208426966293
center_z = 117.6642471910112
size_x = 22
size_y = 22
size_z = 22
energy_range = 9
exhaustiveness = 32
num_modes = 10