center_x = 24.64915254237288
center_y = 56.69223728813557
center_z = 143.54050847457626
size_x = 22
size_y = 22
size_z = 22
energy_range = 9
exhaustiveness = 32
num_modes = 10