center_x = 28.045537313432824
center_y = 57.06058208955222
center_z = 135.84595522388057
size_x = 22
size_y = 22
size_z = 22
energy_range = 9
exhaustiveness = 32
num_modes = 10