center_x = 32.81423931623931
center_y = -4.303760683760684
center_z = 79.4180769230769
size_x = 22
size_y = 22
size_z = 22
energy_range = 9
exhaustiveness = 32
num_modes = 10