center_x = 1.6276078431372545
center_y = 8.57249019607843
center_z = 76.98786274509804
size_x = 22
size_y = 22
size_z = 22
energy_range = 9
exhaustiveness = 32
num_modes = 10