center_x = 24.274630952380942
center_y = 9.563113095238092
center_z = 79.16848809523808
size_x = 22
size_y = 22
size_z = 22
energy_range = 9
exhaustiveness = 32
num_modes = 10