center_x = 35.27570769230769
center_y = 0.3920153846153851
center_z = 80.41193846153843
size_x = 22
size_y = 22
size_z = 22
energy_range = 9
exhaustiveness = 32
num_modes = 10