center_x = 18.443482456140348
center_y = -25.35001754385965
center_z = -4.536938596491229
size_x = 22
size_y = 22
size_z = 22
energy_range = 9
exhaustiveness = 32
num_modes = 10