center_x = -0.3023333333333338
center_y = -48.49836781609194
center_z = -7.040017241379309
size_x = 22
size_y = 22
size_z = 22
energy_range = 9
exhaustiveness = 32
num_modes = 10