center_x = -8.534602941176466
center_y = -31.389794117647064
center_z = 2.518735294117646
size_x = 22
size_y = 22
size_z = 22
energy_range = 9
exhaustiveness = 32
num_modes = 10