center_x = 12.465183673469388
center_y = -41.54338775510204
center_z = 2.835469387755104
size_x = 22
size_y = 22
size_z = 22
energy_range = 9
exhaustiveness = 32
num_modes = 10