center_x = -14.870541984732832
center_y = -20.472549618320613
center_z = -7.648854961832061
size_x = 22
size_y = 22
size_z = 22
energy_range = 9
exhaustiveness = 32
num_modes = 10