center_x = -19.03416256157637
center_y = -11.73926108374384
center_z = -10.76086206896552
size_x = 22
size_y = 22
size_z = 22
energy_range = 9
exhaustiveness = 32
num_modes = 10