center_x = -16.009200000000003
center_y = -31.592266666666657
center_z = -33.26607777777777
size_x = 22
size_y = 22
size_z = 22
energy_range = 9
exhaustiveness = 32
num_modes = 10