center_x = -6.128457894736843
center_y = -34.70586578947369
center_z = -15.397152631578946
size_x = 22
size_y = 22
size_z = 22
energy_range = 9
exhaustiveness = 32
num_modes = 10