center_x = -11.179025974025974
center_y = -52.1771038961039
center_z = -8.369909090909092
size_x = 22
size_y = 22
size_z = 22
energy_range = 9
exhaustiveness = 32
num_modes = 10