center_x = 10.426459854014604
center_y = -36.86340875912409
center_z = 5.043240875912409
size_x = 22
size_y = 22
size_z = 22
energy_range = 9
exhaustiveness = 32
num_modes = 10