center_x = 9.866045977011492
center_y = -19.21
center_z = -13.793850574712636
size_x = 22
size_y = 22
size_z = 22
energy_range = 9
exhaustiveness = 32
num_modes = 10