center_x = -18.003590909090907
center_y = -29.676007575757577
center_z = -7.73473484848485
size_x = 22
size_y = 22
size_z = 22
energy_range = 9
exhaustiveness = 32
num_modes = 10