center_x = -8.814828571428569
center_y = -49.8920761904762
center_z = 2.026857142857143
size_x = 22
size_y = 22
size_z = 22
energy_range = 9
exhaustiveness = 32
num_modes = 10