center_x = -27.40091194968553
center_y = -36.86758490566037
center_z = -7.984327044025155
size_x = 22
size_y = 22
size_z = 22
energy_range = 9
exhaustiveness = 32
num_modes = 10