center_x = -6.193480769230771
center_y = -47.02769230769232
center_z = -24.21792307692308
size_x = 22
size_y = 22
size_z = 22
energy_range = 9
exhaustiveness = 32
num_modes = 10