center_x = 24.31536363636364
center_y = -31.389818181818185
center_z = -10.368781818181818
size_x = 22
size_y = 22
size_z = 22
energy_range = 9
exhaustiveness = 32
num_modes = 10