center_x = 1.8936486486486483
center_y = -31.621135135135148
center_z = 3.670945945945945
size_x = 22
size_y = 22
size_z = 22
energy_range = 9
exhaustiveness = 32
num_modes = 10