center_x = -20.06472857142856
center_y = -51.77534285714285
center_z = -17.79305714285714
size_x = 22
size_y = 22
size_z = 22
energy_range = 9
exhaustiveness = 32
num_modes = 10