center_x = -15.251
center_y = -35.99452406417112
center_z = -3.1994438502673828
size_x = 22
size_y = 22
size_z = 22
energy_range = 9
exhaustiveness = 32
num_modes = 10