center_x = -12.567219047619057
center_y = -47.28275238095238
center_z = -27.96982857142857
size_x = 22
size_y = 22
size_z = 22
energy_range = 9
exhaustiveness = 32
num_modes = 10