center_x = -19.97836904761905
center_y = -46.26629761904761
center_z = -5.37725
size_x = 22
size_y = 22
size_z = 22
energy_range = 9
exhaustiveness = 32
num_modes = 10