center_x = -25.32959200000001
center_y = -25.522879999999997
center_z = -18.807136
size_x = 22
size_y = 22
size_z = 22
energy_range = 9
exhaustiveness = 32
num_modes = 10