center_x = 0.4035565217391317
center_y = -41.29728695652175
center_z = -0.6219130434782607
size_x = 22
size_y = 22
size_z = 22
energy_range = 9
exhaustiveness = 32
num_modes = 10