center_x = 15.134866197183095
center_y = -32.897218309859134
center_z = -13.464126760563374
size_x = 22
size_y = 22
size_z = 22
energy_range = 9
exhaustiveness = 32
num_modes = 10