center_x = -5.24810743801653
center_y = -48.03150413223139
center_z = -18.07052066115702
size_x = 22
size_y = 22
size_z = 22
energy_range = 9
exhaustiveness = 32
num_modes = 10