center_x = 9.91890714285714
center_y = -30.82998571428573
center_z = 7.218435714285716
size_x = 22
size_y = 22
size_z = 22
energy_range = 9
exhaustiveness = 32
num_modes = 10