center_x = -22.30503515625001
center_y = -22.30351171875
center_z = -13.74789453125
size_x = 22
size_y = 22
size_z = 22
energy_range = 9
exhaustiveness = 32
num_modes = 10