center_x = -13.850451388888889
center_y = -14.586694444444444
center_z = 10.604548611111111
size_x = 22
size_y = 22
size_z = 22
energy_range = 9
exhaustiveness = 32
num_modes = 10