center_x = -22.46306451612903
center_y = -0.58533064516129
center_z = 8.487604838709679
size_x = 22
size_y = 22
size_z = 22
energy_range = 9
exhaustiveness = 32
num_modes = 10