receptor = data/6qlr/6qlr_ligand.pdbqt
ligand = data/6qlr/6qlr_protein.pdbqt
center_x = -15.956297385620914
center_y = 6.160169934640523
center_z = 2.265535947712418
size_x = 22.419405228758173
size_y = 28.563660130718954
size_z = 20.56507189542484
energy_range = 9
exhaustiveness = 32
num_modes = 10