center_x = -14.46273636363636
center_y = 10.486345454545456
center_z = 14.93899090909091
size_x = 22
size_y = 22
size_z = 22
energy_range = 9
exhaustiveness = 32
num_modes = 10