center_x = -15.956297385620914
center_y = 6.160169934640523
center_z = 2.265535947712418
size_x = 22
size_y = 22
size_z = 22
energy_range = 9
exhaustiveness = 32
num_modes = 10