center_x = -20.21519191919192
center_y = -13.196070707070708
center_z = 2.368070707070708
size_x = 22
size_y = 22
size_z = 22
energy_range = 9
exhaustiveness = 32
num_modes = 10