center_x = -2.9902006796570883e-16
center_y = -3.315866100213801e-16
center_z = 5.181040781584064e-18
size_x = 22
size_y = 22
size_z = 22
energy_range = 9
exhaustiveness = 32
num_modes = 10