center_x = 0.0032830882352941
center_y = -0.0004779411764704
center_z = -0.0005496323529407
size_x = 22
size_y = 22
size_z = 22
energy_range = 9
exhaustiveness = 32
num_modes = 10