center_x = -8.585724723767877e-17
center_y = -3.315866100213801e-16
center_z = -7.401486830834377e-19
size_x = 22
size_y = 22
size_z = 22
energy_range = 9
exhaustiveness = 32
num_modes = 10