center_x = 1.4038689695441292e-16
center_y = -7.88419249371488e-17
center_z = 5.985550219718235e-16
size_x = 22
size_y = 22
size_z = 22
energy_range = 9
exhaustiveness = 32
num_modes = 10