center_x = 1.657289442556393e-16
center_y = -1.0136818920490559e-16
center_z = 5.937279653430186e-16
size_x = 22
size_y = 22
size_z = 22
energy_range = 9
exhaustiveness = 32
num_modes = 10