center_x = -8.585724723767877e-17
center_y = -2.8421709430404013e-16
center_z = 4.6629367034256567e-17
size_x = 22
size_y = 22
size_z = 22
energy_range = 9
exhaustiveness = 32
num_modes = 10