center_x = 1.8698493046318422e-16
center_y = 3.505967446184705e-17
center_z = -4.6015822731174246e-17
size_x = 22
size_y = 22
size_z = 22
energy_range = 9
exhaustiveness = 32
num_modes = 10