center_x = -4.184100418398432e-05
center_y = 8.577405857738247e-05
center_z = 2.928870292878531e-05
size_x = 22
size_y = 22
size_z = 22
energy_range = 9
exhaustiveness = 32
num_modes = 10