center_x = -4.1841004184043785e-05
center_y = 8.577405857732301e-05
center_z = 2.92887029288745e-05
size_x = 22
size_y = 22
size_z = 22
energy_range = 9
exhaustiveness = 32
num_modes = 10