center_x = -8.680555555570481e-05
center_y = 3.472222222211663e-05
center_z = 7.291666666668177e-05
size_x = 22
size_y = 22
size_z = 22
energy_range = 9
exhaustiveness = 32
num_modes = 10