center_x = -1.672736023768569e-16
center_y = -3.2862601528904633e-16
center_z = 6.180241503746703e-17
size_x = 22
size_y = 22
size_z = 22
energy_range = 9
exhaustiveness = 32
num_modes = 10