center_x = 45.97436111111112
center_y = -7.98830555555555
center_z = 17.82273333333333
size_x = 22
size_y = 22
size_z = 22
energy_range = 9
exhaustiveness = 32
num_modes = 10