center_x = 27.977605769230784
center_y = 1.8059615384615408
center_z = 20.63682211538461
size_x = 22
size_y = 22
size_z = 22
energy_range = 9
exhaustiveness = 32
num_modes = 10