center_x = 27.63390909090911
center_y = 7.301772727272731
center_z = 30.3216909090909
size_x = 22
size_y = 22
size_z = 22
energy_range = 9
exhaustiveness = 32
num_modes = 10