center_x = 40.67412393162392
center_y = 11.062585470085471
center_z = 22.42915811965813
size_x = 22
size_y = 22
size_z = 22
energy_range = 9
exhaustiveness = 32
num_modes = 10