center_x = 23.82294964028776
center_y = 5.314877697841727
center_z = 33.792730215827326
size_x = 22
size_y = 22
size_z = 22
energy_range = 9
exhaustiveness = 32
num_modes = 10