center_x = 43.150712500000026
center_y = 6.050950000000002
center_z = 20.83668333333336
size_x = 22
size_y = 22
size_z = 22
energy_range = 9
exhaustiveness = 32
num_modes = 10