center_x = 30.240447674418597
center_y = -3.193351744186047
center_z = 21.750023255813947
size_x = 22
size_y = 22
size_z = 22
energy_range = 9
exhaustiveness = 32
num_modes = 10