center_x = 29.52570138888889
center_y = 9.972618055555555
center_z = 35.39794444444445
size_x = 22
size_y = 22
size_z = 22
energy_range = 9
exhaustiveness = 32
num_modes = 10