center_x = 40.43481194029854
center_y = 5.442059701492538
center_z = 26.37017761194032
size_x = 22
size_y = 22
size_z = 22
energy_range = 9
exhaustiveness = 32
num_modes = 10