center_x = 51.28593884892087
center_y = -0.6275395683453237
center_z = 18.9076474820144
size_x = 22
size_y = 22
size_z = 22
energy_range = 9
exhaustiveness = 32
num_modes = 10