center_x = 40.42901538461536
center_y = -4.735169230769229
center_z = 28.238699999999994
size_x = 22
size_y = 22
size_z = 22
energy_range = 9
exhaustiveness = 32
num_modes = 10