center_x = 38.55611824324322
center_y = 10.544706081081074
center_z = 25.898641891891884
size_x = 22
size_y = 22
size_z = 22
energy_range = 9
exhaustiveness = 32
num_modes = 10