center_x = 45.89611642156864
center_y = -1.195193627450981
center_z = 18.87110906862744
size_x = 22
size_y = 22
size_z = 22
energy_range = 9
exhaustiveness = 32
num_modes = 10