center_x = 33.419971962616806
center_y = -2.3179392523364486
center_z = 27.828084112149515
size_x = 22
size_y = 22
size_z = 22
energy_range = 9
exhaustiveness = 32
num_modes = 10