center_x = 45.53195256916991
center_y = -2.544075098814228
center_z = 17.053980237154146
size_x = 22
size_y = 22
size_z = 22
energy_range = 9
exhaustiveness = 32
num_modes = 10