center_x = 38.79530454545456
center_y = -1.3123863636363642
center_z = 15.554872727272729
size_x = 22
size_y = 22
size_z = 22
energy_range = 9
exhaustiveness = 32
num_modes = 10