center_x = 26.858949579831936
center_y = 7.830605042016806
center_z = 28.005609243697496
size_x = 22
size_y = 22
size_z = 22
energy_range = 9
exhaustiveness = 32
num_modes = 10