center_x = 32.18125641025641
center_y = -9.421532051282046
center_z = 24.86174038461537
size_x = 22
size_y = 22
size_z = 22
energy_range = 9
exhaustiveness = 32
num_modes = 10