center_x = 36.49505448717947
center_y = -2.248439102564104
center_z = 29.35157692307692
size_x = 22
size_y = 22
size_z = 22
energy_range = 9
exhaustiveness = 32
num_modes = 10