center_x = 34.05165328467152
center_y = -6.653434306569346
center_z = 18.49459489051096
size_x = 22
size_y = 22
size_z = 22
energy_range = 9
exhaustiveness = 32
num_modes = 10