center_x = 44.41441999999997
center_y = -6.992333333333333
center_z = 12.471460000000004
size_x = 22
size_y = 22
size_z = 22
energy_range = 9
exhaustiveness = 32
num_modes = 10