center_x = 26.86557092198581
center_y = 7.377418439716311
center_z = 36.79831205673757
size_x = 22
size_y = 22
size_z = 22
energy_range = 9
exhaustiveness = 32
num_modes = 10