center_x = 23.236877049180304
center_y = 5.295991803278693
center_z = 34.14728688524589
size_x = 22
size_y = 22
size_z = 22
energy_range = 9
exhaustiveness = 32
num_modes = 10