center_x = 41.89695172413793
center_y = 4.570427586206894
center_z = 17.713351724137926
size_x = 22
size_y = 22
size_z = 22
energy_range = 9
exhaustiveness = 32
num_modes = 10