center_x = 24.5372427184466
center_y = 0.3470873786407765
center_z = 28.453504854368937
size_x = 22
size_y = 22
size_z = 22
energy_range = 9
exhaustiveness = 32
num_modes = 10