center_x = 30.04692763157897
center_y = 6.848421052631581
center_z = 20.41560526315788
size_x = 22
size_y = 22
size_z = 22
energy_range = 9
exhaustiveness = 32
num_modes = 10