center_x = 45.86020500000002
center_y = 1.7640875000000005
center_z = 19.75044000000001
size_x = 22
size_y = 22
size_z = 22
energy_range = 9
exhaustiveness = 32
num_modes = 10