center_x = 41.815678414096936
center_y = 0.4161057268722468
center_z = 26.019389867841387
size_x = 22
size_y = 22
size_z = 22
energy_range = 9
exhaustiveness = 32
num_modes = 10