center_x = 27.438672413793107
center_y = 7.762396551724144
center_z = 28.84649999999998
size_x = 22
size_y = 22
size_z = 22
energy_range = 9
exhaustiveness = 32
num_modes = 10