center_x = 45.54719886363636
center_y = 0.4498465909090908
center_z = 19.80352272727271
size_x = 22
size_y = 22
size_z = 22
energy_range = 9
exhaustiveness = 32
num_modes = 10