center_x = 39.70242013888889
center_y = -3.114868055555556
center_z = 15.127319444444453
size_x = 22
size_y = 22
size_z = 22
energy_range = 9
exhaustiveness = 32
num_modes = 10