center_x = 35.1295880149813
center_y = -4.684529962546812
center_z = 22.60841011235954
size_x = 22
size_y = 22
size_z = 22
energy_range = 9
exhaustiveness = 32
num_modes = 10