center_x = 24.02519620253165
center_y = 8.519056962025315
center_z = 37.89256962025315
size_x = 22
size_y = 22
size_z = 22
energy_range = 9
exhaustiveness = 32
num_modes = 10