center_x = 36.37187378640779
center_y = -12.486082524271849
center_z = 20.025689320388334
size_x = 22
size_y = 22
size_z = 22
energy_range = 9
exhaustiveness = 32
num_modes = 10