center_x = 45.79111946902656
center_y = -1.3696238938053096
center_z = 23.40851474926253
size_x = 22
size_y = 22
size_z = 22
energy_range = 9
exhaustiveness = 32
num_modes = 10