center_x = 36.05350399999999
center_y = 2.541504
center_z = 23.810895999999985
size_x = 22
size_y = 22
size_z = 22
energy_range = 9
exhaustiveness = 32
num_modes = 10