center_x = 35.14920950704226
center_y = -4.639647887323947
center_z = 22.885526408450705
size_x = 22
size_y = 22
size_z = 22
energy_range = 9
exhaustiveness = 32
num_modes = 10