center_x = 29.68167783505157
center_y = -3.697311855670102
center_z = 22.076054123711327
size_x = 22
size_y = 22
size_z = 22
energy_range = 9
exhaustiveness = 32
num_modes = 10