center_x = 41.89695172413792
center_y = 4.5704275862069
center_z = 17.71335172413795
size_x = 22
size_y = 22
size_z = 22
energy_range = 9
exhaustiveness = 32
num_modes = 10