center_x = 32.516084362139914
center_y = 0.8016954732510287
center_z = 36.25040946502057
size_x = 22
size_y = 22
size_z = 22
energy_range = 9
exhaustiveness = 32
num_modes = 10