center_x = -29.656975517890785
center_y = -9.127446327683622
center_z = 47.94172128060265
size_x = 22
size_y = 22
size_z = 22
energy_range = 9
exhaustiveness = 32
num_modes = 10