center_x = -30.669766666666696
center_y = -11.494125641025636
center_z = 46.06857179487177
size_x = 22
size_y = 22
size_z = 22
energy_range = 9
exhaustiveness = 32
num_modes = 10