center_x = -28.7929221014493
center_y = -9.587940217391306
center_z = 47.88695108695649
size_x = 22
size_y = 22
size_z = 22
energy_range = 9
exhaustiveness = 32
num_modes = 10