center_x = -25.995325966850803
center_y = -14.90862246777164
center_z = 50.31361878453043
size_x = 22
size_y = 22
size_z = 22
energy_range = 9
exhaustiveness = 32
num_modes = 10