center_x = -36.17709249563699
center_y = -15.563891797556714
center_z = 35.336649214659694
size_x = 22
size_y = 22
size_z = 22
energy_range = 9
exhaustiveness = 32
num_modes = 10