center_x = -31.714062626262624
center_y = -12.597402020202033
center_z = 47.12067272727271
size_x = 22
size_y = 22
size_z = 22
energy_range = 9
exhaustiveness = 32
num_modes = 10