center_x = -30.34030708661416
center_y = -10.310679790026244
center_z = 50.14966141732285
size_x = 22
size_y = 22
size_z = 22
energy_range = 9
exhaustiveness = 32
num_modes = 10