center_x = -30.810309692671414
center_y = -10.128626477541363
center_z = 50.37651536643023
size_x = 22
size_y = 22
size_z = 22
energy_range = 9
exhaustiveness = 32
num_modes = 10