center_x = -41.752053067993394
center_y = -12.777323383084584
center_z = 40.66595190713104
size_x = 22
size_y = 22
size_z = 22
energy_range = 9
exhaustiveness = 32
num_modes = 10