center_x = -29.887660000000007
center_y = -12.473106666666665
center_z = 40.63662444444443
size_x = 22
size_y = 22
size_z = 22
energy_range = 9
exhaustiveness = 32
num_modes = 10