center_x = -39.2004873737374
center_y = -8.975138888888898
center_z = 42.46854797979797
size_x = 22
size_y = 22
size_z = 22
energy_range = 9
exhaustiveness = 32
num_modes = 10