center_x = -28.59977902621722
center_y = -10.051292134831463
center_z = 48.78266292134831
size_x = 22
size_y = 22
size_z = 22
energy_range = 9
exhaustiveness = 32
num_modes = 10