center_x = -38.37082716049385
center_y = -7.558024691358033
center_z = 42.00388580246912
size_x = 22
size_y = 22
size_z = 22
energy_range = 9
exhaustiveness = 32
num_modes = 10