center_x = -30.8103096926714
center_y = -10.128626477541363
center_z = 50.37651536643025
size_x = 22
size_y = 22
size_z = 22
energy_range = 9
exhaustiveness = 32
num_modes = 10