center_x = -44.332160766961664
center_y = -12.894333333333334
center_z = 31.93008849557522
size_x = 22
size_y = 22
size_z = 22
energy_range = 9
exhaustiveness = 32
num_modes = 10