center_x = -46.08071287128712
center_y = -9.78865676567657
center_z = 34.71687128712873
size_x = 22
size_y = 22
size_z = 22
energy_range = 9
exhaustiveness = 32
num_modes = 10