center_x = -29.837746268656733
center_y = -8.39497263681592
center_z = 45.69321641791046
size_x = 22
size_y = 22
size_z = 22
energy_range = 9
exhaustiveness = 32
num_modes = 10