center_x = -45.52413268608416
center_y = -15.516009708737853
center_z = 33.50748220064727
size_x = 22
size_y = 22
size_z = 22
energy_range = 9
exhaustiveness = 32
num_modes = 10