center_x = -28.69249537037036
center_y = -16.87632870370371
center_z = 45.68690740740743
size_x = 22
size_y = 22
size_z = 22
energy_range = 9
exhaustiveness = 32
num_modes = 10