center_x = -44.33216076696168
center_y = -12.894333333333323
center_z = 31.93008849557519
size_x = 22
size_y = 22
size_z = 22
energy_range = 9
exhaustiveness = 32
num_modes = 10