center_x = -27.923974358974323
center_y = -14.514273504273516
center_z = 46.31978461538469
size_x = 22
size_y = 22
size_z = 22
energy_range = 9
exhaustiveness = 32
num_modes = 10