center_x = 73.92211627906981
center_y = 45.97886046511629
center_z = -0.0862751937984497
size_x = 22
size_y = 22
size_z = 22
energy_range = 9
exhaustiveness = 32
num_modes = 10