center_x = 64.8556789473684
center_y = 53.45697368421056
center_z = 12.268026315789484
size_x = 22
size_y = 22
size_z = 22
energy_range = 9
exhaustiveness = 32
num_modes = 10