center_x = 78.87320129870132
center_y = 50.53018181818181
center_z = -1.5700584415584429
size_x = 22
size_y = 22
size_z = 22
energy_range = 9
exhaustiveness = 32
num_modes = 10