center_x = 56.12565178571429
center_y = 32.725392857142865
center_z = -10.827687499999996
size_x = 22
size_y = 22
size_z = 22
energy_range = 9
exhaustiveness = 32
num_modes = 10