center_x = 73.76015254237286
center_y = 71.36058474576271
center_z = -0.2755338983050849
size_x = 22
size_y = 22
size_z = 22
energy_range = 9
exhaustiveness = 32
num_modes = 10