center_x = 49.10837908496732
center_y = 45.70154248366013
center_z = 9.28818300653595
size_x = 22
size_y = 22
size_z = 22
energy_range = 9
exhaustiveness = 32
num_modes = 10