center_x = 64.45199999999998
center_y = 24.12476
center_z = 5.486506666666668
size_x = 22
size_y = 22
size_z = 22
energy_range = 9
exhaustiveness = 32
num_modes = 10