center_x = 75.31031830985914
center_y = 38.16458873239438
center_z = -2.5698394366197195
size_x = 22
size_y = 22
size_z = 22
energy_range = 9
exhaustiveness = 32
num_modes = 10