center_x = 46.90854166666664
center_y = 46.29583333333333
center_z = 1.2769861111111112
size_x = 22
size_y = 22
size_z = 22
energy_range = 9
exhaustiveness = 32
num_modes = 10