center_x = 49.35511504424777
center_y = 34.15158407079646
center_z = 9.625867256637171
size_x = 22
size_y = 22
size_z = 22
energy_range = 9
exhaustiveness = 32
num_modes = 10