center_x = 80.61434000000004
center_y = 32.28282000000001
center_z = -3.220280000000001
size_x = 22
size_y = 22
size_z = 22
energy_range = 9
exhaustiveness = 32
num_modes = 10