center_x = 48.556759124087584
center_y = 45.14021167883213
center_z = -12.52497080291971
size_x = 22
size_y = 22
size_z = 22
energy_range = 9
exhaustiveness = 32
num_modes = 10