center_x = 61.82743529411766
center_y = 34.60297647058823
center_z = 10.54818823529412
size_x = 22
size_y = 22
size_z = 22
energy_range = 9
exhaustiveness = 32
num_modes = 10