center_x = 64.81235526315787
center_y = 61.03461842105267
center_z = -1.9596973684210528
size_x = 22
size_y = 22
size_z = 22
energy_range = 9
exhaustiveness = 32
num_modes = 10