center_x = 56.33759333333334
center_y = 63.28516000000001
center_z = 3.8368466666666663
size_x = 22
size_y = 22
size_z = 22
energy_range = 9
exhaustiveness = 32
num_modes = 10