center_x = 54.80708536585367
center_y = 33.781085365853656
center_z = 10.839524390243904
size_x = 22
size_y = 22
size_z = 22
energy_range = 9
exhaustiveness = 32
num_modes = 10