center_x = 86.89157291666668
center_y = 34.37429166666666
center_z = -0.2643229166666663
size_x = 22
size_y = 22
size_z = 22
energy_range = 9
exhaustiveness = 32
num_modes = 10