center_x = 42.35951633986927
center_y = 41.87872549019608
center_z = -4.108555555555556
size_x = 22
size_y = 22
size_z = 22
energy_range = 9
exhaustiveness = 32
num_modes = 10