center_x = 71.46722727272726
center_y = 26.420272727272724
center_z = -13.34710606060606
size_x = 22
size_y = 22
size_z = 22
energy_range = 9
exhaustiveness = 32
num_modes = 10