center_x = 83.3205471698113
center_y = 44.37558490566036
center_z = 0.8501226415094341
size_x = 22
size_y = 22
size_z = 22
energy_range = 9
exhaustiveness = 32
num_modes = 10