center_x = 45.47591228070173
center_y = 33.817438596491215
center_z = -7.832464912280697
size_x = 22
size_y = 22
size_z = 22
energy_range = 9
exhaustiveness = 32
num_modes = 10