center_x = 78.76700751879699
center_y = 57.25851127819551
center_z = 13.91237593984962
size_x = 22
size_y = 22
size_z = 22
energy_range = 9
exhaustiveness = 32
num_modes = 10