center_x = 69.54947777777777
center_y = 50.37842222222222
center_z = 7.425172222222222
size_x = 22
size_y = 22
size_z = 22
energy_range = 9
exhaustiveness = 32
num_modes = 10