center_x = -27.748305810397515
center_y = -48.31611009174311
center_z = 21.5590733944954
size_x = 22
size_y = 22
size_z = 22
energy_range = 9
exhaustiveness = 32
num_modes = 10