center_x = -9.825461373390576
center_y = -31.09977253218886
center_z = 22.330969957081507
size_x = 22
size_y = 22
size_z = 22
energy_range = 9
exhaustiveness = 32
num_modes = 10