center_x = -7.557473007712083
center_y = -30.759437017994856
center_z = 20.013524421593832
size_x = 22
size_y = 22
size_z = 22
energy_range = 9
exhaustiveness = 32
num_modes = 10