center_x = 9.88236305732484
center_y = -10.722280254777068
center_z = 15.141197452229305
size_x = 22
size_y = 22
size_z = 22
energy_range = 9
exhaustiveness = 32
num_modes = 10