center_x = -3.874878440366973
center_y = -33.152571100917406
center_z = 23.7271972477064
size_x = 22
size_y = 22
size_z = 22
energy_range = 9
exhaustiveness = 32
num_modes = 10