center_x = -10.841829346092496
center_y = -30.738745879851155
center_z = 20.04845879851144
size_x = 22
size_y = 22
size_z = 22
energy_range = 9
exhaustiveness = 32
num_modes = 10