center_x = -36.26756347826088
center_y = -46.63046608695653
center_z = 19.373022608695653
size_x = 22
size_y = 22
size_z = 22
energy_range = 9
exhaustiveness = 32
num_modes = 10