center_x = -11.99986676760031
center_y = -37.108332323996976
center_z = 21.97054655563963
size_x = 22
size_y = 22
size_z = 22
energy_range = 9
exhaustiveness = 32
num_modes = 10