center_x = -16.034285407725314
center_y = -38.02373206621692
center_z = 19.12819374616796
size_x = 22
size_y = 22
size_z = 22
energy_range = 9
exhaustiveness = 32
num_modes = 10