center_x = -10.627823964497038
center_y = -29.071801775147947
center_z = 18.38326923076922
size_x = 22
size_y = 22
size_z = 22
energy_range = 9
exhaustiveness = 32
num_modes = 10