center_x = -32.84478787878789
center_y = -45.21503787878791
center_z = 22.20054924242424
size_x = 22
size_y = 22
size_z = 22
energy_range = 9
exhaustiveness = 32
num_modes = 10