center_x = -4.795106666666669
center_y = -31.642082499999947
center_z = 20.92848166666665
size_x = 22
size_y = 22
size_z = 22
energy_range = 9
exhaustiveness = 32
num_modes = 10