center_x = -23.644454237288127
center_y = -34.433393220338985
center_z = 20.7688813559322
size_x = 22
size_y = 22
size_z = 22
energy_range = 9
exhaustiveness = 32
num_modes = 10