center_x = -10.046104000000009
center_y = -29.07993800000001
center_z = 22.545593999999987
size_x = 22
size_y = 22
size_z = 22
energy_range = 9
exhaustiveness = 32
num_modes = 10