center_x = -6.7253547445255455
center_y = -33.0266
center_z = 23.47582919708033
size_x = 22
size_y = 22
size_z = 22
energy_range = 9
exhaustiveness = 32
num_modes = 10