center_x = -4.774192307692307
center_y = -31.323469230769213
center_z = 17.28499102564102
size_x = 22
size_y = 22
size_z = 22
energy_range = 9
exhaustiveness = 32
num_modes = 10