center_x = -33.84071004942337
center_y = -53.73883525535414
center_z = 21.7294266886326
size_x = 22
size_y = 22
size_z = 22
energy_range = 9
exhaustiveness = 32
num_modes = 10