center_x = -10.087046831955924
center_y = -31.18952341597796
center_z = 19.960330578512394
size_x = 22
size_y = 22
size_z = 22
energy_range = 9
exhaustiveness = 32
num_modes = 10