receptor = data/6mja/6mja_ligand.pdbqt
ligand = data/6mja/6mja_protein.pdbqt
center_x = -5.491923303834811
center_y = -30.002523598820048
center_z = 15.198662241887918
size_x = 89.11984660766961
size_y = 50.03104719764009
size_z = 24.824675516224165
energy_range = 9
exhaustiveness = 32
num_modes = 10