center_x = -7.716287128712867
center_y = -36.50023432343234
center_z = 21.58326402640264
size_x = 22
size_y = 22
size_z = 22
energy_range = 9
exhaustiveness = 32
num_modes = 10