center_x = -34.717281893004085
center_y = -44.41035802469136
center_z = 20.669456790123448
size_x = 22
size_y = 22
size_z = 22
energy_range = 9
exhaustiveness = 32
num_modes = 10