center_x = -5.01090476190477
center_y = -30.2964
center_z = 25.222142857142877
size_x = 22
size_y = 22
size_z = 22
energy_range = 9
exhaustiveness = 32
num_modes = 10