center_x = -39.44890217391304
center_y = -48.81947463768116
center_z = 15.342155797101451
size_x = 22
size_y = 22
size_z = 22
energy_range = 9
exhaustiveness = 32
num_modes = 10