center_x = -18.7034125
center_y = -36.84047499999998
center_z = 23.54300500000001
size_x = 22
size_y = 22
size_z = 22
energy_range = 9
exhaustiveness = 32
num_modes = 10