center_x = -16.904013358778624
center_y = -36.785517175572494
center_z = 16.820826335877868
size_x = 22
size_y = 22
size_z = 22
energy_range = 9
exhaustiveness = 32
num_modes = 10