center_x = -26.22338888888892
center_y = -44.67924572649578
center_z = 20.25044230769232
size_x = 22
size_y = 22
size_z = 22
energy_range = 9
exhaustiveness = 32
num_modes = 10