center_x = -24.293990740740742
center_y = -34.81319212962959
center_z = 23.67885879629628
size_x = 22
size_y = 22
size_z = 22
energy_range = 9
exhaustiveness = 32
num_modes = 10