center_x = -11.72631939163497
center_y = -34.601243346007585
center_z = 21.839328897338422
size_x = 22
size_y = 22
size_z = 22
energy_range = 9
exhaustiveness = 32
num_modes = 10