center_x = -11.55107101727447
center_y = -37.05758925143956
center_z = 16.096305182341645
size_x = 22
size_y = 22
size_z = 22
energy_range = 9
exhaustiveness = 32
num_modes = 10