center_x = -41.79590229885055
center_y = -51.80720402298852
center_z = 15.348048850574724
size_x = 22
size_y = 22
size_z = 22
energy_range = 9
exhaustiveness = 32
num_modes = 10