center_x = -28.11089690721649
center_y = -48.54668041237113
center_z = 24.365773195876287
size_x = 22
size_y = 22
size_z = 22
energy_range = 9
exhaustiveness = 32
num_modes = 10