center_x = -6.960556701030937
center_y = -32.81639432989693
center_z = 14.994667525773188
size_x = 22
size_y = 22
size_z = 22
energy_range = 9
exhaustiveness = 32
num_modes = 10