center_x = -29.63774663677131
center_y = -51.505964125560496
center_z = 24.58093497757845
size_x = 22
size_y = 22
size_z = 22
energy_range = 9
exhaustiveness = 32
num_modes = 10