center_x = -26.169920258620696
center_y = -46.46899784482761
center_z = 20.946012931034478
size_x = 22
size_y = 22
size_z = 22
energy_range = 9
exhaustiveness = 32
num_modes = 10