center_x = -32.31727848101264
center_y = -50.77811392405061
center_z = 20.78567721518988
size_x = 22
size_y = 22
size_z = 22
energy_range = 9
exhaustiveness = 32
num_modes = 10