center_x = -9.906884910485935
center_y = -35.5740230179028
center_z = 21.35687468030689
size_x = 22
size_y = 22
size_z = 22
energy_range = 9
exhaustiveness = 32
num_modes = 10