center_x = -9.917506578947368
center_y = -37.0841
center_z = 20.534426315789503
size_x = 22
size_y = 22
size_z = 22
energy_range = 9
exhaustiveness = 32
num_modes = 10