center_x = -15.935632841328422
center_y = -36.8648985239852
center_z = 19.130627306273063
size_x = 22
size_y = 22
size_z = 22
energy_range = 9
exhaustiveness = 32
num_modes = 10