center_x = -10.535556886227548
center_y = -40.83124550898205
center_z = 18.043892215568857
size_x = 22
size_y = 22
size_z = 22
energy_range = 9
exhaustiveness = 32
num_modes = 10