center_x = -5.491923303834811
center_y = -30.002523598820048
center_z = 15.198662241887918
size_x = 22
size_y = 22
size_z = 22
energy_range = 9
exhaustiveness = 32
num_modes = 10