center_x = -24.348812500000005
center_y = -46.80017447916666
center_z = 25.398953125
size_x = 22
size_y = 22
size_z = 22
energy_range = 9
exhaustiveness = 32
num_modes = 10