center_x = -10.655563088512237
center_y = -36.5077080979284
center_z = 18.38911864406781
size_x = 22
size_y = 22
size_z = 22
energy_range = 9
exhaustiveness = 32
num_modes = 10