center_x = -34.60970909090907
center_y = -54.05039999999996
center_z = 21.398229545454537
size_x = 22
size_y = 22
size_z = 22
energy_range = 9
exhaustiveness = 32
num_modes = 10