center_x = -16.807450704225346
center_y = -41.10932112676055
center_z = 20.279045070422523
size_x = 22
size_y = 22
size_z = 22
energy_range = 9
exhaustiveness = 32
num_modes = 10