center_x = -7.721024793388429
center_y = -30.459913223140504
center_z = 17.354371900826447
size_x = 22
size_y = 22
size_z = 22
energy_range = 9
exhaustiveness = 32
num_modes = 10