center_x = -13.217541019955656
center_y = -33.750050997782715
center_z = 18.26237694013305
size_x = 22
size_y = 22
size_z = 22
energy_range = 9
exhaustiveness = 32
num_modes = 10