center_x = -10.758870897155353
center_y = -29.85186652078774
center_z = 22.53797374179428
size_x = 22
size_y = 22
size_z = 22
energy_range = 9
exhaustiveness = 32
num_modes = 10