center_x = -37.69608412322274
center_y = -51.71276777251178
center_z = 16.720232227488147
size_x = 22
size_y = 22
size_z = 22
energy_range = 9
exhaustiveness = 32
num_modes = 10