center_x = -7.012913793103447
center_y = -32.10928817733986
center_z = 23.05217733990148
size_x = 22
size_y = 22
size_z = 22
energy_range = 9
exhaustiveness = 32
num_modes = 10