center_x = -9.986590909090909
center_y = -37.874423076923065
center_z = 20.28882342657343
size_x = 22
size_y = 22
size_z = 22
energy_range = 9
exhaustiveness = 32
num_modes = 10