center_x = -5.719603174603175
center_y = 48.260809523809534
center_z = 96.30247619047624
size_x = 22
size_y = 22
size_z = 22
energy_range = 9
exhaustiveness = 32
num_modes = 10