center_x = 30.001094594594583
center_y = 33.39001351351351
center_z = 96.62162162162164
size_x = 22
size_y = 22
size_z = 22
energy_range = 9
exhaustiveness = 32
num_modes = 10