center_x = 15.091221374045798
center_y = 33.55952671755724
center_z = 97.31682442748092
size_x = 22
size_y = 22
size_z = 22
energy_range = 9
exhaustiveness = 32
num_modes = 10