center_x = 8.687901041666661
center_y = 19.458161458333333
center_z = 82.28926041666662
size_x = 22
size_y = 22
size_z = 22
energy_range = 9
exhaustiveness = 32
num_modes = 10