center_x = 4.0615000000000006
center_y = 11.387801724137931
center_z = 76.77475000000005
size_x = 22
size_y = 22
size_z = 22
energy_range = 9
exhaustiveness = 32
num_modes = 10