center_x = 33.58084259259259
center_y = 37.32714814814816
center_z = 89.35058333333333
size_x = 22
size_y = 22
size_z = 22
energy_range = 9
exhaustiveness = 32
num_modes = 10