center_x = 8.601569230769227
center_y = 38.570969230769215
center_z = 95.37457692307687
size_x = 22
size_y = 22
size_z = 22
energy_range = 9
exhaustiveness = 32
num_modes = 10