center_x = 13.960928942807628
center_y = 14.369131715771235
center_z = 76.95628076256506
size_x = 22
size_y = 22
size_z = 22
energy_range = 9
exhaustiveness = 32
num_modes = 10