center_x = 25.10886725663717
center_y = 22.74022123893806
center_z = 65.35687610619469
size_x = 22
size_y = 22
size_z = 22
energy_range = 9
exhaustiveness = 32
num_modes = 10