center_x = 26.897087719298245
center_y = 17.38449122807018
center_z = 90.48087719298243
size_x = 22
size_y = 22
size_z = 22
energy_range = 9
exhaustiveness = 32
num_modes = 10