center_x = 32.83850694444444
center_y = 3.2667777777777784
center_z = 74.77720138888893
size_x = 22
size_y = 22
size_z = 22
energy_range = 9
exhaustiveness = 32
num_modes = 10