center_x = 18.313954545454543
center_y = 38.75289772727272
center_z = 100.44987499999998
size_x = 22
size_y = 22
size_z = 22
energy_range = 9
exhaustiveness = 32
num_modes = 10