center_x = 17.142447368421045
center_y = 26.727078947368422
center_z = 69.01313815789479
size_x = 22
size_y = 22
size_z = 22
energy_range = 9
exhaustiveness = 32
num_modes = 10