center_x = 20.65550961538461
center_y = 4.642298076923077
center_z = 60.82389423076923
size_x = 22
size_y = 22
size_z = 22
energy_range = 9
exhaustiveness = 32
num_modes = 10