center_x = -0.689
center_y = 38.29148484848483
center_z = 93.98477777777777
size_x = 22
size_y = 22
size_z = 22
energy_range = 9
exhaustiveness = 32
num_modes = 10