center_x = 26.486072580645168
center_y = -19.96275
center_z = -6.044016129032261
size_x = 22
size_y = 22
size_z = 22
energy_range = 9
exhaustiveness = 32
num_modes = 10