center_x = 8.973430434782614
center_y = -1.9918000000000036
center_z = 5.793686956521741
size_x = 22
size_y = 22
size_z = 22
energy_range = 9
exhaustiveness = 32
num_modes = 10