center_x = 13.04054957507082
center_y = 1.3093342776203956
center_z = 36.83816430594905
size_x = 22
size_y = 22
size_z = 22
energy_range = 9
exhaustiveness = 32
num_modes = 10