center_x = 36.78591836734696
center_y = -11.878938775510202
center_z = 14.127510204081624
size_x = 22
size_y = 22
size_z = 22
energy_range = 9
exhaustiveness = 32
num_modes = 10