center_x = 10.42466459627329
center_y = 6.968776397515526
center_z = 10.449391304347827
size_x = 22
size_y = 22
size_z = 22
energy_range = 9
exhaustiveness = 32
num_modes = 10