center_x = 16.226906040268453
center_y = 12.44313422818792
center_z = 41.93120134228189
size_x = 22
size_y = 22
size_z = 22
energy_range = 9
exhaustiveness = 32
num_modes = 10