center_x = 14.562994923857858
center_y = 19.13451269035533
center_z = 30.85411167512692
size_x = 22
size_y = 22
size_z = 22
energy_range = 9
exhaustiveness = 32
num_modes = 10