center_x = 25.261702247191035
center_y = 9.26895505617978
center_z = 66.74424719101124
size_x = 22
size_y = 22
size_z = 22
energy_range = 9
exhaustiveness = 32
num_modes = 10