center_x = 47.06088524590162
center_y = 9.579303278688526
center_z = 29.42153278688525
size_x = 22
size_y = 22
size_z = 22
energy_range = 9
exhaustiveness = 32
num_modes = 10