center_x = 40.78443548387096
center_y = 16.857322580645157
center_z = 35.9027741935484
size_x = 22
size_y = 22
size_z = 22
energy_range = 9
exhaustiveness = 32
num_modes = 10