center_x = 26.009560747663556
center_y = 27.126383177570087
center_z = 24.04901869158878
size_x = 22
size_y = 22
size_z = 22
energy_range = 9
exhaustiveness = 32
num_modes = 10