center_x = 31.416991735537184
center_y = 16.155438016528922
center_z = 44.40954545454546
size_x = 22
size_y = 22
size_z = 22
energy_range = 9
exhaustiveness = 32
num_modes = 10