center_x = 24.85396551724139
center_y = -6.224593103448277
center_z = 22.558503448275857
size_x = 22
size_y = 22
size_z = 22
energy_range = 9
exhaustiveness = 32
num_modes = 10