center_x = 38.83241040462429
center_y = -19.798693641618488
center_z = 5.1314161849711
size_x = 22
size_y = 22
size_z = 22
energy_range = 9
exhaustiveness = 32
num_modes = 10