center_x = -4.8692565055762085
center_y = 6.203624535315988
center_z = 26.238762081784387
size_x = 22
size_y = 22
size_z = 22
energy_range = 9
exhaustiveness = 32
num_modes = 10