center_x = 29.848878906249983
center_y = 1.6516562499999998
center_z = 38.93028515625
size_x = 22
size_y = 22
size_z = 22
energy_range = 9
exhaustiveness = 32
num_modes = 10