center_x = 42.20580530973455
center_y = -17.740681415929206
center_z = 21.334407079646017
size_x = 22
size_y = 22
size_z = 22
energy_range = 9
exhaustiveness = 32
num_modes = 10