center_x = 16.290745192307686
center_y = 13.47600480769231
center_z = 23.92948557692308
size_x = 22
size_y = 22
size_z = 22
energy_range = 9
exhaustiveness = 32
num_modes = 10