center_x = 33.101934782608694
center_y = 4.569141304347824
center_z = 59.23838043478259
size_x = 22
size_y = 22
size_z = 22
energy_range = 9
exhaustiveness = 32
num_modes = 10