center_x = 25.063554744525547
center_y = -15.531708029197077
center_z = 5.897065693430657
size_x = 22
size_y = 22
size_z = 22
energy_range = 9
exhaustiveness = 32
num_modes = 10