center_x = 28.102000000000004
center_y = 6.720269999999996
center_z = 47.07635000000001
size_x = 22
size_y = 22
size_z = 22
energy_range = 9
exhaustiveness = 32
num_modes = 10