center_x = 48.865319327731086
center_y = -0.6930504201680677
center_z = 30.807865546218483
size_x = 22
size_y = 22
size_z = 22
energy_range = 9
exhaustiveness = 32
num_modes = 10