center_x = -8.358191011235956
center_y = -2.8721460674157298
center_z = 29.31247191011236
size_x = 22
size_y = 22
size_z = 22
energy_range = 9
exhaustiveness = 32
num_modes = 10