center_x = 29.76239728096679
center_y = 0.9285392749244716
center_z = 15.992737160120845
size_x = 22
size_y = 22
size_z = 22
energy_range = 9
exhaustiveness = 32
num_modes = 10