center_x = 23.374812080536906
center_y = -11.569335570469802
center_z = -6.111261744966444
size_x = 22
size_y = 22
size_z = 22
energy_range = 9
exhaustiveness = 32
num_modes = 10