center_x = 4.037583941605837
center_y = 12.29468613138687
center_z = 37.516642335766434
size_x = 22
size_y = 22
size_z = 22
energy_range = 9
exhaustiveness = 32
num_modes = 10