center_x = 21.872563829787232
center_y = 9.198601063829784
center_z = 10.516686170212768
size_x = 22
size_y = 22
size_z = 22
energy_range = 9
exhaustiveness = 32
num_modes = 10