center_x = 8.454326923076922
center_y = 13.642307692307687
center_z = 14.712955128205127
size_x = 22
size_y = 22
size_z = 22
energy_range = 9
exhaustiveness = 32
num_modes = 10