center_x = 24.827211180124227
center_y = 12.812043478260875
center_z = 61.404248447204985
size_x = 22
size_y = 22
size_z = 22
energy_range = 9
exhaustiveness = 32
num_modes = 10