center_x = 11.551863309352514
center_y = 7.192424460431653
center_z = 47.66785611510792
size_x = 22
size_y = 22
size_z = 22
energy_range = 9
exhaustiveness = 32
num_modes = 10