center_x = 42.83808974358974
center_y = 7.940666666666663
center_z = 35.948
size_x = 22
size_y = 22
size_z = 22
energy_range = 9
exhaustiveness = 32
num_modes = 10