center_x = 29.89659060402683
center_y = -0.8721342281879199
center_z = 1.072067114093959
size_x = 22
size_y = 22
size_z = 22
energy_range = 9
exhaustiveness = 32
num_modes = 10