center_x = 10.50703870967742
center_y = 2.456322580645161
center_z = 47.78340645161291
size_x = 22
size_y = 22
size_z = 22
energy_range = 9
exhaustiveness = 32
num_modes = 10