center_x = 32.52326153846154
center_y = -22.803099999999997
center_z = -2.055153846153845
size_x = 22
size_y = 22
size_z = 22
energy_range = 9
exhaustiveness = 32
num_modes = 10