center_x = 16.224568965517236
center_y = 6.389810344827585
center_z = 59.51817241379309
size_x = 22
size_y = 22
size_z = 22
energy_range = 9
exhaustiveness = 32
num_modes = 10