center_x = 32.563112903225814
center_y = -0.5910483870967739
center_z = 58.66250000000001
size_x = 22
size_y = 22
size_z = 22
energy_range = 9
exhaustiveness = 32
num_modes = 10