center_x = 15.665432773109249
center_y = 1.622600840336136
center_z = 43.837420168067226
size_x = 22
size_y = 22
size_z = 22
energy_range = 9
exhaustiveness = 32
num_modes = 10