center_x = 14.718424242424245
center_y = 14.423696969696971
center_z = 55.65551851851851
size_x = 22
size_y = 22
size_z = 22
energy_range = 9
exhaustiveness = 32
num_modes = 10