center_x = 16.46047069943289
center_y = 11.790141776937618
center_z = 51.66239130434786
size_x = 22
size_y = 22
size_z = 22
energy_range = 9
exhaustiveness = 32
num_modes = 10