center_x = 16.012995192307695
center_y = 6.520471153846145
center_z = 48.85025480769232
size_x = 22
size_y = 22
size_z = 22
energy_range = 9
exhaustiveness = 32
num_modes = 10