center_x = 15.56295867768595
center_y = -5.58204132231405
center_z = 38.7575826446281
size_x = 22
size_y = 22
size_z = 22
energy_range = 9
exhaustiveness = 32
num_modes = 10