center_x = 15.57223451692817
center_y = 12.852398843930615
center_z = 53.65245747316264
size_x = 22
size_y = 22
size_z = 22
energy_range = 9
exhaustiveness = 32
num_modes = 10