center_x = 15.471468750000003
center_y = 12.524915624999997
center_z = 53.61086562499996
size_x = 22
size_y = 22
size_z = 22
energy_range = 9
exhaustiveness = 32
num_modes = 10