center_x = 15.810793478260868
center_y = 23.542663043478257
center_z = 63.51009782608697
size_x = 22
size_y = 22
size_z = 22
energy_range = 9
exhaustiveness = 32
num_modes = 10