center_x = 15.695123209169047
center_y = 12.879965616045844
center_z = 52.17324068767908
size_x = 22
size_y = 22
size_z = 22
energy_range = 9
exhaustiveness = 32
num_modes = 10