center_x = 15.629626506024094
center_y = 15.195186746987948
center_z = 56.16597590361447
size_x = 22
size_y = 22
size_z = 22
energy_range = 9
exhaustiveness = 32
num_modes = 10