center_x = 15.58192817679558
center_y = 2.724773480662982
center_z = 44.91544198895028
size_x = 22
size_y = 22
size_z = 22
energy_range = 9
exhaustiveness = 32
num_modes = 10