center_x = 15.536462962962972
center_y = -4.325999999999999
center_z = 40.34317724867722
size_x = 22
size_y = 22
size_z = 22
energy_range = 9
exhaustiveness = 32
num_modes = 10