center_x = 16.905022727272748
center_y = 7.81178636363636
center_z = 49.67363636363635
size_x = 22
size_y = 22
size_z = 22
energy_range = 9
exhaustiveness = 32
num_modes = 10