center_x = 15.499166666666673
center_y = 6.022314814814816
center_z = 49.45829100529101
size_x = 22
size_y = 22
size_z = 22
energy_range = 9
exhaustiveness = 32
num_modes = 10