center_x = 12.474524305555564
center_y = 18.603767361111107
center_z = 56.75829861111112
size_x = 22
size_y = 22
size_z = 22
energy_range = 9
exhaustiveness = 32
num_modes = 10