center_x = 15.444762264150944
center_y = 20.503301886792457
center_z = 60.2501622641509
size_x = 22
size_y = 22
size_z = 22
energy_range = 9
exhaustiveness = 32
num_modes = 10