center_x = 15.56897297297297
center_y = -5.90817117117117
center_z = 38.49111261261261
size_x = 22
size_y = 22
size_z = 22
energy_range = 9
exhaustiveness = 32
num_modes = 10