center_x = 14.141164062499993
center_y = 20.391394531250008
center_z = 57.50734765625001
size_x = 22
size_y = 22
size_z = 22
energy_range = 9
exhaustiveness = 32
num_modes = 10