center_x = 15.537204999999997
center_y = -0.8692350000000001
center_z = 43.311305
size_x = 22
size_y = 22
size_z = 22
energy_range = 9
exhaustiveness = 32
num_modes = 10