center_x = 15.782880952380951
center_y = 0.2881326530612235
center_z = 43.86423129251699
size_x = 22
size_y = 22
size_z = 22
energy_range = 9
exhaustiveness = 32
num_modes = 10