center_x = 15.779592783505157
center_y = -1.4582010309278357
center_z = 42.315391752577305
size_x = 22
size_y = 22
size_z = 22
energy_range = 9
exhaustiveness = 32
num_modes = 10