center_x = 15.627703296703295
center_y = -10.073703296703291
center_z = 35.22056043956043
size_x = 22
size_y = 22
size_z = 22
energy_range = 9
exhaustiveness = 32
num_modes = 10