center_x = 15.46253125
center_y = -7.493348214285716
center_z = 37.27486607142856
size_x = 22
size_y = 22
size_z = 22
energy_range = 9
exhaustiveness = 32
num_modes = 10