center_x = 14.80385835351087
center_y = 6.111101694915252
center_z = 48.20385108958836
size_x = 22
size_y = 22
size_z = 22
energy_range = 9
exhaustiveness = 32
num_modes = 10