center_x = 15.115854477611938
center_y = 15.026041044776123
center_z = 54.87346268656716
size_x = 22
size_y = 22
size_z = 22
energy_range = 9
exhaustiveness = 32
num_modes = 10