center_x = 15.44366846361186
center_y = 10.875628032345013
center_z = 52.28549865229112
size_x = 22
size_y = 22
size_z = 22
energy_range = 9
exhaustiveness = 32
num_modes = 10