center_x = 0.8268705882352944
center_y = 22.35468235294118
center_z = 46.239364705882345
size_x = 22
size_y = 22
size_z = 22
energy_range = 9
exhaustiveness = 32
num_modes = 10