center_x = 12.09410679611651
center_y = 18.44092233009709
center_z = 55.41702912621354
size_x = 22
size_y = 22
size_z = 22
energy_range = 9
exhaustiveness = 32
num_modes = 10