center_x = 15.410928927680803
center_y = 6.079295511221952
center_z = 48.61720074812957
size_x = 22
size_y = 22
size_z = 22
energy_range = 9
exhaustiveness = 32
num_modes = 10