center_x = 15.86699333333332
center_y = 6.708153333333333
center_z = 49.14257333333333
size_x = 22
size_y = 22
size_z = 22
energy_range = 9
exhaustiveness = 32
num_modes = 10