center_x = 16.18615625
center_y = 10.137522321428571
center_z = 54.04055357142858
size_x = 22
size_y = 22
size_z = 22
energy_range = 9
exhaustiveness = 32
num_modes = 10