center_x = 15.79248863636364
center_y = 3.197107954545453
center_z = 46.38424431818183
size_x = 22
size_y = 22
size_z = 22
energy_range = 9
exhaustiveness = 32
num_modes = 10