center_x = 15.526415662650596
center_y = -4.008771084337347
center_z = 40.614373493975904
size_x = 22
size_y = 22
size_z = 22
energy_range = 9
exhaustiveness = 32
num_modes = 10