center_x = 15.797514044943828
center_y = 2.853817415730337
center_z = 46.59965730337076
size_x = 22
size_y = 22
size_z = 22
energy_range = 9
exhaustiveness = 32
num_modes = 10