center_x = 16.530789823008842
center_y = 4.720818584070801
center_z = 49.7355575221239
size_x = 22
size_y = 22
size_z = 22
energy_range = 9
exhaustiveness = 32
num_modes = 10