center_x = -4.458856801909304
center_y = -1.4676109785202858
center_z = -7.936412887828161
size_x = 22
size_y = 22
size_z = 22
energy_range = 9
exhaustiveness = 32
num_modes = 10