center_x = -9.26050246305419
center_y = -7.4078448275862065
center_z = -13.6023078817734
size_x = 22
size_y = 22
size_z = 22
energy_range = 9
exhaustiveness = 32
num_modes = 10