center_x = 0.7485663366336622
center_y = 12.39671485148514
center_z = -0.5423168316831689
size_x = 22
size_y = 22
size_z = 22
energy_range = 9
exhaustiveness = 32
num_modes = 10