center_x = -17.732208333333332
center_y = -11.305529761904763
center_z = -19.891666666666676
size_x = 22
size_y = 22
size_z = 22
energy_range = 9
exhaustiveness = 32
num_modes = 10