center_x = -15.354786407766994
center_y = -10.9146359223301
center_z = -18.589432038834957
size_x = 22
size_y = 22
size_z = 22
energy_range = 9
exhaustiveness = 32
num_modes = 10