center_x = 1.9131921052631569
center_y = 13.52790526315789
center_z = -2.7649789473684203
size_x = 22
size_y = 22
size_z = 22
energy_range = 9
exhaustiveness = 32
num_modes = 10