center_x = 1.609047244094491
center_y = 11.925137795275583
center_z = -2.747669291338583
size_x = 22
size_y = 22
size_z = 22
energy_range = 9
exhaustiveness = 32
num_modes = 10