center_x = 15.174478827361565
center_y = 17.86933550488598
center_z = 4.411100977198702
size_x = 22
size_y = 22
size_z = 22
energy_range = 9
exhaustiveness = 32
num_modes = 10