center_x = 19.904737068965503
center_y = 23.435077586206912
center_z = 10.774517241379304
size_x = 22
size_y = 22
size_z = 22
energy_range = 9
exhaustiveness = 32
num_modes = 10