center_x = 7.877512428298285
center_y = 15.052671128107072
center_z = 3.329550669216061
size_x = 22
size_y = 22
size_z = 22
energy_range = 9
exhaustiveness = 32
num_modes = 10