center_x = 3.607716981132077
center_y = 6.9142409288824425
center_z = -11.888946298984044
size_x = 22
size_y = 22
size_z = 22
energy_range = 9
exhaustiveness = 32
num_modes = 10