center_x = 15.38700947867298
center_y = 10.055402843601888
center_z = -0.5112464454976294
size_x = 22
size_y = 22
size_z = 22
energy_range = 9
exhaustiveness = 32
num_modes = 10