center_x = 17.431165266106436
center_y = 28.5168599439776
center_z = 17.1290056022409
size_x = 22
size_y = 22
size_z = 22
energy_range = 9
exhaustiveness = 32
num_modes = 10