center_x = 17.913542635658917
center_y = 28.88080232558139
center_z = 9.43694573643411
size_x = 22
size_y = 22
size_z = 22
energy_range = 9
exhaustiveness = 32
num_modes = 10