center_x = 9.82536930455635
center_y = 13.675860911270975
center_z = -1.062388489208636
size_x = 22
size_y = 22
size_z = 22
energy_range = 9
exhaustiveness = 32
num_modes = 10