center_x = 19.101837719298235
center_y = 23.57006578947367
center_z = 6.006289473684211
size_x = 22
size_y = 22
size_z = 22
energy_range = 9
exhaustiveness = 32
num_modes = 10