center_x = 15.387009478672978
center_y = 10.05540284360189
center_z = -0.511246445497631
size_x = 22
size_y = 22
size_z = 22
energy_range = 9
exhaustiveness = 32
num_modes = 10