center_x = 3.607716981132075
center_y = 6.914240928882432
center_z = -11.888946298984056
size_x = 22
size_y = 22
size_z = 22
energy_range = 9
exhaustiveness = 32
num_modes = 10