center_x = 6.226255583126545
center_y = 14.394287841191058
center_z = 1.9035384615384592
size_x = 22
size_y = 22
size_z = 22
energy_range = 9
exhaustiveness = 32
num_modes = 10