center_x = 19.10183771929824
center_y = 23.570065789473677
center_z = 6.0062894736842125
size_x = 22
size_y = 22
size_z = 22
energy_range = 9
exhaustiveness = 32
num_modes = 10