center_x = 6.466166172106823
center_y = 17.100845697329383
center_z = -3.1378071216617185
size_x = 22
size_y = 22
size_z = 22
energy_range = 9
exhaustiveness = 32
num_modes = 10