center_x = 3.384027127003698
center_y = 12.841528976572128
center_z = -5.737081381011096
size_x = 22
size_y = 22
size_z = 22
energy_range = 9
exhaustiveness = 32
num_modes = 10