center_x = 30.71827868852461
center_y = 42.44926229508199
center_z = 30.922174863387987
size_x = 22
size_y = 22
size_z = 22
energy_range = 9
exhaustiveness = 32
num_modes = 10