center_x = 15.370460784313714
center_y = 20.059828431372555
center_z = 9.188764705882347
size_x = 22
size_y = 22
size_z = 22
energy_range = 9
exhaustiveness = 32
num_modes = 10