center_x = 26.285288088642684
center_y = 44.089301939058174
center_z = 25.93441828254848
size_x = 22
size_y = 22
size_z = 22
energy_range = 9
exhaustiveness = 32
num_modes = 10