center_x = 14.197645027624304
center_y = 17.921396408839794
center_z = 3.0901643646408834
size_x = 22
size_y = 22
size_z = 22
energy_range = 9
exhaustiveness = 32
num_modes = 10