center_x = 18.176375257731944
center_y = 32.252901030927845
center_z = 22.145478350515493
size_x = 22
size_y = 22
size_z = 22
energy_range = 9
exhaustiveness = 32
num_modes = 10