center_x = 1.5308347676419978
center_y = 7.118693631669536
center_z = 0.2059569707401024
size_x = 22
size_y = 22
size_z = 22
energy_range = 9
exhaustiveness = 32
num_modes = 10