center_x = 3.225725190839692
center_y = 12.79937150127227
center_z = 2.1717048346055985
size_x = 22
size_y = 22
size_z = 22
energy_range = 9
exhaustiveness = 32
num_modes = 10