center_x = 15.49488983050848
center_y = 20.384084745762703
center_z = 13.59541101694916
size_x = 22
size_y = 22
size_z = 22
energy_range = 9
exhaustiveness = 32
num_modes = 10