center_x = 21.293608856088564
center_y = 34.02520295202953
center_z = 20.556191881918817
size_x = 22
size_y = 22
size_z = 22
energy_range = 9
exhaustiveness = 32
num_modes = 10