center_x = 8.83928470588235
center_y = 11.707736470588229
center_z = -2.871032941176472
size_x = 22
size_y = 22
size_z = 22
energy_range = 9
exhaustiveness = 32
num_modes = 10