center_x = 14.880888888888888
center_y = 29.540908730158737
center_z = 10.482948412698418
size_x = 22
size_y = 22
size_z = 22
energy_range = 9
exhaustiveness = 32
num_modes = 10