center_x = -2.117799450549452
center_y = 9.79605494505494
center_z = -5.765678571428573
size_x = 22
size_y = 22
size_z = 22
energy_range = 9
exhaustiveness = 32
num_modes = 10