center_x = 5.579037037037032
center_y = 13.869384259259265
center_z = 3.413784722222218
size_x = 22
size_y = 22
size_z = 22
energy_range = 9
exhaustiveness = 32
num_modes = 10