center_x = 0.7485663366336648
center_y = 12.396714851485148
center_z = -0.5423168316831668
size_x = 22
size_y = 22
size_z = 22
energy_range = 9
exhaustiveness = 32
num_modes = 10