center_x = -0.4253739495798312
center_y = 5.50318487394958
center_z = -5.568058823529412
size_x = 22
size_y = 22
size_z = 22
energy_range = 9
exhaustiveness = 32
num_modes = 10