center_x = 8.839284705882354
center_y = 11.70773647058823
center_z = -2.871032941176469
size_x = 22
size_y = 22
size_z = 22
energy_range = 9
exhaustiveness = 32
num_modes = 10