center_x = 6.349900000000003
center_y = 12.618058620689665
center_z = -5.590493103448282
size_x = 22
size_y = 22
size_z = 22
energy_range = 9
exhaustiveness = 32
num_modes = 10