center_x = 30.4406554054054
center_y = 43.62478040540543
center_z = 31.35272972972974
size_x = 22
size_y = 22
size_z = 22
energy_range = 9
exhaustiveness = 32
num_modes = 10