center_x = 15.588511343804544
center_y = 17.480876090750442
center_z = 3.0541169284467724
size_x = 22
size_y = 22
size_z = 22
energy_range = 9
exhaustiveness = 32
num_modes = 10