center_x = 7.077007731958765
center_y = 15.099641752577323
center_z = 2.112819587628868
size_x = 22
size_y = 22
size_z = 22
energy_range = 9
exhaustiveness = 32
num_modes = 10