center_x = 21.48244642857144
center_y = 35.37504591836736
center_z = 16.31110969387757
size_x = 22
size_y = 22
size_z = 22
energy_range = 9
exhaustiveness = 32
num_modes = 10