center_x = 13.160172571428568
center_y = 22.507483428571437
center_z = 4.157577142857148
size_x = 22
size_y = 22
size_z = 22
energy_range = 9
exhaustiveness = 32
num_modes = 10