center_x = 5.371886148007596
center_y = 11.310514231499043
center_z = -2.347840607210627
size_x = 22
size_y = 22
size_z = 22
energy_range = 9
exhaustiveness = 32
num_modes = 10