center_x = 3.384027127003701
center_y = 12.841528976572132
center_z = -5.737081381011099
size_x = 22
size_y = 22
size_z = 22
energy_range = 9
exhaustiveness = 32
num_modes = 10