center_x = 16.54199154334038
center_y = 25.515543340380543
center_z = 17.804513742071876
size_x = 22
size_y = 22
size_z = 22
energy_range = 9
exhaustiveness = 32
num_modes = 10