center_x = 8.689369003690038
center_y = 20.172837638376397
center_z = 4.27521771217712
size_x = 22
size_y = 22
size_z = 22
energy_range = 9
exhaustiveness = 32
num_modes = 10