center_x = 15.100367117117113
center_y = 21.53284234234233
center_z = 5.642637387387383
size_x = 22
size_y = 22
size_z = 22
energy_range = 9
exhaustiveness = 32
num_modes = 10