center_x = 126.99966666666673
center_y = -9.673712643678163
center_z = 0.8927931034482744
size_x = 22
size_y = 22
size_z = 22
energy_range = 9
exhaustiveness = 32
num_modes = 10