center_x = 117.5216470588235
center_y = -35.50596638655463
center_z = -1.594210084033614
size_x = 22
size_y = 22
size_z = 22
energy_range = 9
exhaustiveness = 32
num_modes = 10