center_x = 114.25503144654093
center_y = -3.256088050314466
center_z = 8.37332075471698
size_x = 22
size_y = 22
size_z = 22
energy_range = 9
exhaustiveness = 32
num_modes = 10