center_x = 122.35602586206896
center_y = -24.29663793103449
center_z = 5.278991379310347
size_x = 22
size_y = 22
size_z = 22
energy_range = 9
exhaustiveness = 32
num_modes = 10