center_x = 99.7623271028037
center_y = -27.49007476635512
center_z = 8.874495327102805
size_x = 22
size_y = 22
size_z = 22
energy_range = 9
exhaustiveness = 32
num_modes = 10