center_x = 121.77391025641025
center_y = -1.5320833333333332
center_z = -0.5568589743589747
size_x = 22
size_y = 22
size_z = 22
energy_range = 9
exhaustiveness = 32
num_modes = 10