center_x = 107.15938194444442
center_y = -27.598291666666658
center_z = 2.778506944444444
size_x = 22
size_y = 22
size_z = 22
energy_range = 9
exhaustiveness = 32
num_modes = 10