center_x = 122.47313333333334
center_y = -30.77550000000002
center_z = -12.093391666666662
size_x = 22
size_y = 22
size_z = 22
energy_range = 9
exhaustiveness = 32
num_modes = 10