center_x = 106.88479104477612
center_y = -34.263940298507464
center_z = 11.688522388059695
size_x = 22
size_y = 22
size_z = 22
energy_range = 9
exhaustiveness = 32
num_modes = 10