center_x = 116.5217435897436
center_y = -34.34037606837608
center_z = 3.994324786324787
size_x = 22
size_y = 22
size_z = 22
energy_range = 9
exhaustiveness = 32
num_modes = 10