center_x = 114.8223055555556
center_y = -32.138194444444444
center_z = -7.286027777777777
size_x = 22
size_y = 22
size_z = 22
energy_range = 9
exhaustiveness = 32
num_modes = 10