center_x = 108.97811458333332
center_y = -12.035841666666654
center_z = -3.603245833333334
size_x = 22
size_y = 22
size_z = 22
energy_range = 9
exhaustiveness = 32
num_modes = 10