center_x = 121.23570769230768
center_y = -18.577461538461545
center_z = -5.165600000000002
size_x = 22
size_y = 22
size_z = 22
energy_range = 9
exhaustiveness = 32
num_modes = 10