center_x = 105.04186956521735
center_y = -5.961034782608694
center_z = -1.3584434782608694
size_x = 22
size_y = 22
size_z = 22
energy_range = 9
exhaustiveness = 32
num_modes = 10