center_x = 103.93810909090902
center_y = -10.626336363636367
center_z = 19.338654545454546
size_x = 22
size_y = 22
size_z = 22
energy_range = 9
exhaustiveness = 32
num_modes = 10