center_x = 119.95088819875784
center_y = -15.206503105590064
center_z = -13.157658385093177
size_x = 22
size_y = 22
size_z = 22
energy_range = 9
exhaustiveness = 32
num_modes = 10