center_x = 110.34128089887642
center_y = -26.56620224719102
center_z = 12.72779775280899
size_x = 22
size_y = 22
size_z = 22
energy_range = 9
exhaustiveness = 32
num_modes = 10