center_x = 99.81983695652175
center_y = -25.03859782608695
center_z = 5.329021739130433
size_x = 22
size_y = 22
size_z = 22
energy_range = 9
exhaustiveness = 32
num_modes = 10