center_x = 116.2039632352942
center_y = -18.180352941176476
center_z = 16.964852941176474
size_x = 22
size_y = 22
size_z = 22
energy_range = 9
exhaustiveness = 32
num_modes = 10