center_x = 110.39615094339622
center_y = -23.33468867924529
center_z = -11.222603773584904
size_x = 22
size_y = 22
size_z = 22
energy_range = 9
exhaustiveness = 32
num_modes = 10