center_x = 44.00534782608694
center_y = 0.4219689440993788
center_z = 11.417360248447208
size_x = 22
size_y = 22
size_z = 22
energy_range = 9
exhaustiveness = 32
num_modes = 10