center_x = 31.426254464285705
center_y = 1.603321428571429
center_z = 23.881053571428573
size_x = 22
size_y = 22
size_z = 22
energy_range = 9
exhaustiveness = 32
num_modes = 10