center_x = 30.895723943662
center_y = -14.661977464788734
center_z = 17.044194366197186
size_x = 22
size_y = 22
size_z = 22
energy_range = 9
exhaustiveness = 32
num_modes = 10