center_x = 36.50069879518074
center_y = 2.6715180722891576
center_z = 6.742421686746988
size_x = 22
size_y = 22
size_z = 22
energy_range = 9
exhaustiveness = 32
num_modes = 10