center_x = 43.57704926108376
center_y = -13.053660098522167
center_z = 18.03432512315271
size_x = 22
size_y = 22
size_z = 22
energy_range = 9
exhaustiveness = 32
num_modes = 10