center_x = 30.835815384615376
center_y = -6.957615384615386
center_z = 28.25134615384616
size_x = 22
size_y = 22
size_z = 22
energy_range = 9
exhaustiveness = 32
num_modes = 10