center_x = 34.212767441860485
center_y = -9.250775193798448
center_z = 5.092124031007749
size_x = 22
size_y = 22
size_z = 22
energy_range = 9
exhaustiveness = 32
num_modes = 10