center_x = 36.83747474747476
center_y = -9.563979797979796
center_z = 28.187353535353537
size_x = 22
size_y = 22
size_z = 22
energy_range = 9
exhaustiveness = 32
num_modes = 10