center_x = 39.82618
center_y = -2.6070300000000004
center_z = 2.3759200000000003
size_x = 22
size_y = 22
size_z = 22
energy_range = 9
exhaustiveness = 32
num_modes = 10