center_x = 41.07696428571428
center_y = -11.182330357142856
center_z = 12.727562500000005
size_x = 22
size_y = 22
size_z = 22
energy_range = 9
exhaustiveness = 32
num_modes = 10