center_x = 24.61619004524885
center_y = -11.689244343891398
center_z = 26.67954751131224
size_x = 22
size_y = 22
size_z = 22
energy_range = 9
exhaustiveness = 32
num_modes = 10