center_x = 29.43025
center_y = -15.066553571428573
center_z = 29.747928571428588
size_x = 22
size_y = 22
size_z = 22
energy_range = 9
exhaustiveness = 32
num_modes = 10