center_x = -19.613033557046982
center_y = -40.28481879194631
center_z = 9.340436241610746
size_x = 22
size_y = 22
size_z = 22
energy_range = 9
exhaustiveness = 32
num_modes = 10