center_x = -23.29418348623855
center_y = -59.74596330275231
center_z = 15.861073394495415
size_x = 22
size_y = 22
size_z = 22
energy_range = 9
exhaustiveness = 32
num_modes = 10