center_x = -45.40465116279071
center_y = -38.88762790697675
center_z = 18.467689922480616
size_x = 22
size_y = 22
size_z = 22
energy_range = 9
exhaustiveness = 32
num_modes = 10