center_x = -13.936783505154638
center_y = -47.233185567010345
center_z = 32.57057731958763
size_x = 22
size_y = 22
size_z = 22
energy_range = 9
exhaustiveness = 32
num_modes = 10