center_x = -30.50142857142857
center_y = -34.73163157894737
center_z = 35.49497744360901
size_x = 22
size_y = 22
size_z = 22
energy_range = 9
exhaustiveness = 32
num_modes = 10