center_x = -27.89665476190476
center_y = -45.38722321428566
center_z = 15.505848214285717
size_x = 22
size_y = 22
size_z = 22
energy_range = 9
exhaustiveness = 32
num_modes = 10