center_x = -50.198190697674406
center_y = -44.69147906976746
center_z = 12.809413953488365
size_x = 22
size_y = 22
size_z = 22
energy_range = 9
exhaustiveness = 32
num_modes = 10