center_x = -14.695173913043472
center_y = -28.586313043478256
center_z = 23.054895652173915
size_x = 22
size_y = 22
size_z = 22
energy_range = 9
exhaustiveness = 32
num_modes = 10