center_x = -35.00913654618473
center_y = -70.3119357429719
center_z = 18.81272690763052
size_x = 22
size_y = 22
size_z = 22
energy_range = 9
exhaustiveness = 32
num_modes = 10