center_x = -24.63575177304965
center_y = -55.28291489361701
center_z = 45.150276595744685
size_x = 22
size_y = 22
size_z = 22
energy_range = 9
exhaustiveness = 32
num_modes = 10