center_x = -40.84632051282051
center_y = -44.32330769230768
center_z = 16.59603205128205
size_x = 22
size_y = 22
size_z = 22
energy_range = 9
exhaustiveness = 32
num_modes = 10