center_x = -7.332213592233007
center_y = -48.9871067961165
center_z = 20.57830097087379
size_x = 22
size_y = 22
size_z = 22
energy_range = 9
exhaustiveness = 32
num_modes = 10