center_x = -7.771370370370371
center_y = -43.96622222222221
center_z = 19.38278703703704
size_x = 22
size_y = 22
size_z = 22
energy_range = 9
exhaustiveness = 32
num_modes = 10