center_x = -55.41826277372264
center_y = -55.50789781021896
center_z = 23.15338686131387
size_x = 22
size_y = 22
size_z = 22
energy_range = 9
exhaustiveness = 32
num_modes = 10