center_x = -31.908936708860764
center_y = -40.19718987341772
center_z = 42.502924050632906
size_x = 22
size_y = 22
size_z = 22
energy_range = 9
exhaustiveness = 32
num_modes = 10