center_x = -30.96852985074628
center_y = -59.41243283582087
center_z = 10.140731343283582
size_x = 22
size_y = 22
size_z = 22
energy_range = 9
exhaustiveness = 32
num_modes = 10