center_x = -30.442796296296297
center_y = -52.936925925925934
center_z = 40.83596296296295
size_x = 22
size_y = 22
size_z = 22
energy_range = 9
exhaustiveness = 32
num_modes = 10