center_x = -44.66615254237288
center_y = -48.34254802259885
center_z = 24.3334406779661
size_x = 22
size_y = 22
size_z = 22
energy_range = 9
exhaustiveness = 32
num_modes = 10