center_x = -60.93082499999999
center_y = -55.2985125
center_z = 18.049362500000004
size_x = 22
size_y = 22
size_z = 22
energy_range = 9
exhaustiveness = 32
num_modes = 10