center_x = -39.42732954545455
center_y = -68.42769318181819
center_z = 13.59848863636364
size_x = 22
size_y = 22
size_z = 22
energy_range = 9
exhaustiveness = 32
num_modes = 10