center_x = -17.79448818897637
center_y = -29.9890157480315
center_z = 29.470700787401583
size_x = 22
size_y = 22
size_z = 22
energy_range = 9
exhaustiveness = 32
num_modes = 10