center_x = -37.79315833333333
center_y = -47.78744166666664
center_z = 6.302591666666669
size_x = 22
size_y = 22
size_z = 22
energy_range = 9
exhaustiveness = 32
num_modes = 10