center_x = -20.220432692307693
center_y = -43.562740384615374
center_z = 41.23583653846153
size_x = 22
size_y = 22
size_z = 22
energy_range = 9
exhaustiveness = 32
num_modes = 10