center_x = -16.100632653061222
center_y = 15.308785714285714
center_z = -10.77008163265306
size_x = 22
size_y = 22
size_z = 22
energy_range = 9
exhaustiveness = 32
num_modes = 10