center_x = -7.657343434343433
center_y = 23.505212121212114
center_z = 21.928212121212123
size_x = 22
size_y = 22
size_z = 22
energy_range = 9
exhaustiveness = 32
num_modes = 10