center_x = -28.624310526315792
center_y = 14.453726315789476
center_z = -5.412373684210524
size_x = 22
size_y = 22
size_z = 22
energy_range = 9
exhaustiveness = 32
num_modes = 10