center_x = -6.947727272727273
center_y = 42.59942857142858
center_z = 49.05249350649351
size_x = 22
size_y = 22
size_z = 22
energy_range = 9
exhaustiveness = 32
num_modes = 10