center_x = -24.44314754098361
center_y = 37.088516393442646
center_z = 48.41317213114754
size_x = 22
size_y = 22
size_z = 22
energy_range = 9
exhaustiveness = 32
num_modes = 10