center_x = -27.31842028985507
center_y = 17.963594202898545
center_z = 18.752195652173917
size_x = 22
size_y = 22
size_z = 22
energy_range = 9
exhaustiveness = 32
num_modes = 10