center_x = -14.767656565656564
center_y = 1.9367373737373732
center_z = -2.0659292929292925
size_x = 22
size_y = 22
size_z = 22
energy_range = 9
exhaustiveness = 32
num_modes = 10