center_x = -5.074531914893618
center_y = 29.197914893617018
center_z = 7.262276595744679
size_x = 22
size_y = 22
size_z = 22
energy_range = 9
exhaustiveness = 32
num_modes = 10