center_x = -22.11290721649485
center_y = 21.876577319587625
center_z = 23.209845360824744
size_x = 22
size_y = 22
size_z = 22
energy_range = 9
exhaustiveness = 32
num_modes = 10