center_x = -32.42046739130435
center_y = 13.770277173913048
center_z = 11.437309782608692
size_x = 22
size_y = 22
size_z = 22
energy_range = 9
exhaustiveness = 32
num_modes = 10