center_x = -14.28601550387597
center_y = 28.620600775193783
center_z = 29.99564728682172
size_x = 22
size_y = 22
size_z = 22
energy_range = 9
exhaustiveness = 32
num_modes = 10