center_x = -24.58910542168674
center_y = 26.169180722891564
center_z = 14.54116867469878
size_x = 22
size_y = 22
size_z = 22
energy_range = 9
exhaustiveness = 32
num_modes = 10