center_x = -12.54562732919254
center_y = 40.52916149068322
center_z = 32.368341614906825
size_x = 22
size_y = 22
size_z = 22
energy_range = 9
exhaustiveness = 32
num_modes = 10