center_x = -10.24391279069768
center_y = 42.501284883720935
center_z = 44.33303488372096
size_x = 22
size_y = 22
size_z = 22
energy_range = 9
exhaustiveness = 32
num_modes = 10