center_x = -19.87002525252524
center_y = 36.005969696969714
center_z = 55.08218686868689
size_x = 22
size_y = 22
size_z = 22
energy_range = 9
exhaustiveness = 32
num_modes = 10