center_x = -21.090666666666664
center_y = 43.04144696969698
center_z = 43.550143939393934
size_x = 22
size_y = 22
size_z = 22
energy_range = 9
exhaustiveness = 32
num_modes = 10