center_x = -31.746164319248845
center_y = 12.572046948356824
center_z = 3.7773615023474183
size_x = 22
size_y = 22
size_z = 22
energy_range = 9
exhaustiveness = 32
num_modes = 10