center_x = -23.05556368563685
center_y = 34.790848238482376
center_z = 31.37679403794039
size_x = 22
size_y = 22
size_z = 22
energy_range = 9
exhaustiveness = 32
num_modes = 10