center_x = -24.884280373831785
center_y = 27.29008411214953
center_z = 48.93788785046728
size_x = 22
size_y = 22
size_z = 22
energy_range = 9
exhaustiveness = 32
num_modes = 10