center_x = -18.20359701492537
center_y = 36.538910447761175
center_z = 7.332074626865671
size_x = 22
size_y = 22
size_z = 22
energy_range = 9
exhaustiveness = 32
num_modes = 10