center_x = -19.45225438596492
center_y = 8.203473684210527
center_z = 17.516236842105265
size_x = 22
size_y = 22
size_z = 22
energy_range = 9
exhaustiveness = 32
num_modes = 10