center_x = -3.0967974683544304
center_y = 18.09351265822784
center_z = -2.4223987341772157
size_x = 22
size_y = 22
size_z = 22
energy_range = 9
exhaustiveness = 32
num_modes = 10