center_x = -29.01328030303029
center_y = 3.968977272727273
center_z = 10.633022727272726
size_x = 22
size_y = 22
size_z = 22
energy_range = 9
exhaustiveness = 32
num_modes = 10