center_x = 8.926593406593408
center_y = -31.356
center_z = -32.69290109890111
size_x = 22
size_y = 22
size_z = 22
energy_range = 9
exhaustiveness = 32
num_modes = 10