center_x = 12.984569047619043
center_y = -23.838847619047616
center_z = -25.96748333333334
size_x = 22
size_y = 22
size_z = 22
energy_range = 9
exhaustiveness = 32
num_modes = 10