center_x = 6.91119523809524
center_y = -28.964095238095243
center_z = -14.077576190476195
size_x = 22
size_y = 22
size_z = 22
energy_range = 9
exhaustiveness = 32
num_modes = 10