center_x = 0.5265765765765763
center_y = -32.25666666666665
center_z = -28.022144144144143
size_x = 22
size_y = 22
size_z = 22
energy_range = 9
exhaustiveness = 32
num_modes = 10