center_x = 6.723178861788619
center_y = -10.299601626016257
center_z = -19.07278048780488
size_x = 22
size_y = 22
size_z = 22
energy_range = 9
exhaustiveness = 32
num_modes = 10