center_x = -0.2460483870967743
center_y = -28.549112903225808
center_z = -4.227959677419355
size_x = 22
size_y = 22
size_z = 22
energy_range = 9
exhaustiveness = 32
num_modes = 10