center_x = 7.326613861386141
center_y = -18.09159405940594
center_z = -19.82612871287129
size_x = 22
size_y = 22
size_z = 22
energy_range = 9
exhaustiveness = 32
num_modes = 10