center_x = -6.709166666666671
center_y = -9.995385964912282
center_z = -4.788771929824562
size_x = 22
size_y = 22
size_z = 22
energy_range = 9
exhaustiveness = 32
num_modes = 10