center_x = -9.87712121212121
center_y = -11.81511111111112
center_z = -14.537454545454546
size_x = 22
size_y = 22
size_z = 22
energy_range = 9
exhaustiveness = 32
num_modes = 10