center_x = 17.140660869565217
center_y = -11.41418260869565
center_z = -28.71695652173913
size_x = 22
size_y = 22
size_z = 22
energy_range = 9
exhaustiveness = 32
num_modes = 10