center_x = -5.351153284671534
center_y = -36.25802919708031
center_z = -18.56756204379561
size_x = 22
size_y = 22
size_z = 22
energy_range = 9
exhaustiveness = 32
num_modes = 10