center_x = 18.47275287356321
center_y = -27.62236206896551
center_z = -31.256385057471253
size_x = 22
size_y = 22
size_z = 22
energy_range = 9
exhaustiveness = 32
num_modes = 10