center_x = 3.936047619047617
center_y = -6.746134920634923
center_z = -22.850626984126983
size_x = 22
size_y = 22
size_z = 22
energy_range = 9
exhaustiveness = 32
num_modes = 10