center_x = -14.198947674418603
center_y = 13.26325581395349
center_z = -16.691976744186036
size_x = 22
size_y = 22
size_z = 22
energy_range = 9
exhaustiveness = 32
num_modes = 10