center_x = -6.92627636363636
center_y = 9.658105454545453
center_z = -9.093665454545452
size_x = 22
size_y = 22
size_z = 22
energy_range = 9
exhaustiveness = 32
num_modes = 10