center_x = -19.15225
center_y = 16.06045909090909
center_z = -21.54382727272728
size_x = 22
size_y = 22
size_z = 22
energy_range = 9
exhaustiveness = 32
num_modes = 10