center_x = -12.35895370370371
center_y = 12.712375000000002
center_z = -15.086981481481487
size_x = 22
size_y = 22
size_z = 22
energy_range = 9
exhaustiveness = 32
num_modes = 10