center_x = -28.148699218750014
center_y = 18.213152343750007
center_z = -28.33633984374998
size_x = 22
size_y = 22
size_z = 22
energy_range = 9
exhaustiveness = 32
num_modes = 10