center_x = -23.90351984126984
center_y = 18.24814682539683
center_z = -24.600107142857127
size_x = 22
size_y = 22
size_z = 22
energy_range = 9
exhaustiveness = 32
num_modes = 10