center_x = -15.090587209302347
center_y = 14.108489098837216
center_z = -17.149335755813947
size_x = 22
size_y = 22
size_z = 22
energy_range = 9
exhaustiveness = 32
num_modes = 10