center_x = -12.461559829059825
center_y = 12.655064102564102
center_z = -15.17784188034188
size_x = 22
size_y = 22
size_z = 22
energy_range = 9
exhaustiveness = 32
num_modes = 10