center_x = -23.80839488636361
center_y = 15.540596590909091
center_z = -24.64321022727272
size_x = 22
size_y = 22
size_z = 22
energy_range = 9
exhaustiveness = 32
num_modes = 10