center_x = -7.630387417218555
center_y = 10.788645695364238
center_z = -10.895801324503324
size_x = 22
size_y = 22
size_z = 22
energy_range = 9
exhaustiveness = 32
num_modes = 10