center_x = -10.7339702970297
center_y = 12.74972277227722
center_z = -13.233135313531353
size_x = 22
size_y = 22
size_z = 22
energy_range = 9
exhaustiveness = 32
num_modes = 10