center_x = -20.024337962962957
center_y = 15.872263888888885
center_z = -21.925740740740736
size_x = 22
size_y = 22
size_z = 22
energy_range = 9
exhaustiveness = 32
num_modes = 10