center_x = -24.867636718750006
center_y = 17.2374375
center_z = -25.950257812499995
size_x = 22
size_y = 22
size_z = 22
energy_range = 9
exhaustiveness = 32
num_modes = 10