center_x = -23.22274303405572
center_y = 14.853876160990724
center_z = -24.824455108359125
size_x = 22
size_y = 22
size_z = 22
energy_range = 9
exhaustiveness = 32
num_modes = 10