center_x = -22.89469379014987
center_y = 17.082070663811564
center_z = -24.02900856531049
size_x = 22
size_y = 22
size_z = 22
energy_range = 9
exhaustiveness = 32
num_modes = 10