center_x = -25.012479069767465
center_y = 16.679051162790696
center_z = -25.79543255813953
size_x = 22
size_y = 22
size_z = 22
energy_range = 9
exhaustiveness = 32
num_modes = 10