center_x = -25.58675718015667
center_y = 17.016394255874676
center_z = -26.31760835509137
size_x = 22
size_y = 22
size_z = 22
energy_range = 9
exhaustiveness = 32
num_modes = 10