center_x = -13.067074534161488
center_y = 13.010763975155276
center_z = -15.672981366459632
size_x = 22
size_y = 22
size_z = 22
energy_range = 9
exhaustiveness = 32
num_modes = 10