center_x = -26.619164179104462
center_y = 18.685194029850745
center_z = -28.048988805970147
size_x = 22
size_y = 22
size_z = 22
energy_range = 9
exhaustiveness = 32
num_modes = 10