center_x = -10.707818815331008
center_y = 12.12664459930313
center_z = -13.599707317073168
size_x = 22
size_y = 22
size_z = 22
energy_range = 9
exhaustiveness = 32
num_modes = 10