center_x = -11.02307366482506
center_y = 12.084147329650092
center_z = -13.753996316758755
size_x = 22
size_y = 22
size_z = 22
energy_range = 9
exhaustiveness = 32
num_modes = 10