center_x = -14.805956651718994
center_y = 13.965183109118076
center_z = -16.91128774289981
size_x = 22
size_y = 22
size_z = 22
energy_range = 9
exhaustiveness = 32
num_modes = 10