center_x = -26.520604545454542
center_y = 18.60460000000001
center_z = -27.931431818181817
size_x = 22
size_y = 22
size_z = 22
energy_range = 9
exhaustiveness = 32
num_modes = 10