center_x = -25.83049466192171
center_y = 18.548928825622788
center_z = -26.836950177935964
size_x = 22
size_y = 22
size_z = 22
energy_range = 9
exhaustiveness = 32
num_modes = 10