center_x = -12.588640000000002
center_y = 12.80118
center_z = -15.270424000000007
size_x = 22
size_y = 22
size_z = 22
energy_range = 9
exhaustiveness = 32
num_modes = 10