center_x = -15.18883211678832
center_y = 13.85820802919709
center_z = -17.547912408759125
size_x = 22
size_y = 22
size_z = 22
energy_range = 9
exhaustiveness = 32
num_modes = 10