center_x = 21.614323671497576
center_y = 39.94780193236713
center_z = 34.41276811594203
size_x = 22
size_y = 22
size_z = 22
energy_range = 9
exhaustiveness = 32
num_modes = 10