center_x = -4.888409448818895
center_y = 26.58428346456692
center_z = 28.56410236220472
size_x = 22
size_y = 22
size_z = 22
energy_range = 9
exhaustiveness = 32
num_modes = 10