center_x = -2.254380434782608
center_y = 10.232304347826089
center_z = 3.8523369565217394
size_x = 22
size_y = 22
size_z = 22
energy_range = 9
exhaustiveness = 32
num_modes = 10