center_x = 2.5194188034188025
center_y = 8.189538461538465
center_z = 26.77411965811965
size_x = 22
size_y = 22
size_z = 22
energy_range = 9
exhaustiveness = 32
num_modes = 10