center_x = -13.078483146067418
center_y = 34.25961797752808
center_z = -6.529539325842697
size_x = 22
size_y = 22
size_z = 22
energy_range = 9
exhaustiveness = 32
num_modes = 10