center_x = 23.675500000000014
center_y = 52.906060344827615
center_z = 33.28878448275864
size_x = 22
size_y = 22
size_z = 22
energy_range = 9
exhaustiveness = 32
num_modes = 10