center_x = -22.81011111111112
center_y = 21.89463888888889
center_z = 10.77081944444444
size_x = 22
size_y = 22
size_z = 22
energy_range = 9
exhaustiveness = 32
num_modes = 10