center_x = 1.2006574074074077
center_y = 41.06147222222221
center_z = 49.939842592592576
size_x = 22
size_y = 22
size_z = 22
energy_range = 9
exhaustiveness = 32
num_modes = 10