center_x = 25.79063888888889
center_y = 51.24067592592591
center_z = 52.03844444444445
size_x = 22
size_y = 22
size_z = 22
energy_range = 9
exhaustiveness = 32
num_modes = 10