center_x = -13.931684343434348
center_y = 17.890292929292936
center_z = 15.764704545454542
size_x = 22
size_y = 22
size_z = 22
energy_range = 9
exhaustiveness = 32
num_modes = 10