center_x = -3.5698770053475943
center_y = 17.778941176470592
center_z = 28.983791443850283
size_x = 22
size_y = 22
size_z = 22
energy_range = 9
exhaustiveness = 32
num_modes = 10