center_x = 7.743456249999999
center_y = 22.715862499999997
center_z = 5.83510625
size_x = 22
size_y = 22
size_z = 22
energy_range = 9
exhaustiveness = 32
num_modes = 10