center_x = 5.354552173913039
center_y = 14.158417391304354
center_z = 24.336660869565232
size_x = 22
size_y = 22
size_z = 22
energy_range = 9
exhaustiveness = 32
num_modes = 10