center_x = -5.800461988304094
center_y = 32.08226315789475
center_z = 36.5223274853801
size_x = 22
size_y = 22
size_z = 22
energy_range = 9
exhaustiveness = 32
num_modes = 10