center_x = -12.002329479768784
center_y = 26.189797687861265
center_z = -9.00583815028902
size_x = 22
size_y = 22
size_z = 22
energy_range = 9
exhaustiveness = 32
num_modes = 10