center_x = -5.303613107822409
center_y = 38.63139323467235
center_z = 16.635786469344616
size_x = 22
size_y = 22
size_z = 22
energy_range = 9
exhaustiveness = 32
num_modes = 10