receptor = data/6uhv/6uhv_ligand.pdbqt
ligand = data/6uhv/6uhv_protein.pdbqt
center_x = -5.303613107822409
center_y = 38.63139323467235
center_z = 16.635786469344616
size_x = 19.456773784355185
size_y = 27.771213530655302
size_z = 28.95957293868923
energy_range = 9
exhaustiveness = 32
num_modes = 10