center_x = -10.09711224489796
center_y = 18.395642857142853
center_z = 28.39872448979592
size_x = 22
size_y = 22
size_z = 22
energy_range = 9
exhaustiveness = 32
num_modes = 10