center_x = -3.4551195652173905
center_y = 22.811978260869573
center_z = 36.043423913043455
size_x = 22
size_y = 22
size_z = 22
energy_range = 9
exhaustiveness = 32
num_modes = 10