center_x = 28.72902142857141
center_y = 46.65831428571431
center_z = 43.45312857142856
size_x = 22
size_y = 22
size_z = 22
energy_range = 9
exhaustiveness = 32
num_modes = 10