center_x = -23.058766169154225
center_y = 28.05189054726367
center_z = 5.36112437810945
size_x = 22
size_y = 22
size_z = 22
energy_range = 9
exhaustiveness = 32
num_modes = 10