center_x = -6.73598473282443
center_y = 14.632648854961824
center_z = 4.515496183206107
size_x = 22
size_y = 22
size_z = 22
energy_range = 9
exhaustiveness = 32
num_modes = 10