center_x = -9.422380530973454
center_y = 38.08069911504426
center_z = 30.864876106194696
size_x = 22
size_y = 22
size_z = 22
energy_range = 9
exhaustiveness = 32
num_modes = 10