center_x = 10.44206
center_y = 45.32121
center_z = 55.68052999999998
size_x = 22
size_y = 22
size_z = 22
energy_range = 9
exhaustiveness = 32
num_modes = 10