center_x = 19.412299999999995
center_y = 56.61166363636367
center_z = 37.35044545454544
size_x = 22
size_y = 22
size_z = 22
energy_range = 9
exhaustiveness = 32
num_modes = 10