center_x = 2.883563636363636
center_y = 53.03043636363637
center_z = 30.44459090909092
size_x = 22
size_y = 22
size_z = 22
energy_range = 9
exhaustiveness = 32
num_modes = 10