center_x = 15.56419008264463
center_y = 12.343578512396691
center_z = 16.123289256198348
size_x = 22
size_y = 22
size_z = 22
energy_range = 9
exhaustiveness = 32
num_modes = 10