center_x = -15.83767361111111
center_y = 37.89797222222221
center_z = -0.8346388888888888
size_x = 22
size_y = 22
size_z = 22
energy_range = 9
exhaustiveness = 32
num_modes = 10