center_x = 8.79555454545455
center_y = 44.09837272727273
center_z = 17.197063636363634
size_x = 22
size_y = 22
size_z = 22
energy_range = 9
exhaustiveness = 32
num_modes = 10