center_x = 69.60879396984924
center_y = 62.82747738693468
center_z = 7.437688442211051
size_x = 22
size_y = 22
size_z = 22
energy_range = 9
exhaustiveness = 32
num_modes = 10