center_x = 71.32312105263156
center_y = 58.49791578947365
center_z = 13.108405263157897
size_x = 22
size_y = 22
size_z = 22
energy_range = 9
exhaustiveness = 32
num_modes = 10