center_x = 70.99734013605443
center_y = 56.57988532555877
center_z = 16.02580952380952
size_x = 22
size_y = 22
size_z = 22
energy_range = 9
exhaustiveness = 32
num_modes = 10