center_x = 69.4658418079096
center_y = 60.75425988700567
center_z = 9.98822598870057
size_x = 22
size_y = 22
size_z = 22
energy_range = 9
exhaustiveness = 32
num_modes = 10