center_x = 70.90325581395346
center_y = 56.09008637873754
center_z = 16.011893687707644
size_x = 22
size_y = 22
size_z = 22
energy_range = 9
exhaustiveness = 32
num_modes = 10