center_x = 70.96212292358804
center_y = 58.15275083056479
center_z = 12.804362126245854
size_x = 22
size_y = 22
size_z = 22
energy_range = 9
exhaustiveness = 32
num_modes = 10