center_x = 71.01320224719095
center_y = 56.23858988764054
center_z = 16.97865168539326
size_x = 22
size_y = 22
size_z = 22
energy_range = 9
exhaustiveness = 32
num_modes = 10