center_x = 71.47097619047621
center_y = 55.07144047619046
center_z = 17.84988095238096
size_x = 22
size_y = 22
size_z = 22
energy_range = 9
exhaustiveness = 32
num_modes = 10