center_x = 71.89023255813953
center_y = 56.46740930232556
center_z = 15.781948837209304
size_x = 22
size_y = 22
size_z = 22
energy_range = 9
exhaustiveness = 32
num_modes = 10