center_x = 71.51825728155339
center_y = 65.399713592233
center_z = 3.842461165048544
size_x = 22
size_y = 22
size_z = 22
energy_range = 9
exhaustiveness = 32
num_modes = 10