center_x = 41.49135897435897
center_y = 35.674666666666674
center_z = 26.768641025641017
size_x = 22
size_y = 22
size_z = 22
energy_range = 9
exhaustiveness = 32
num_modes = 10