center_x = 45.05354624277459
center_y = 15.104780346820812
center_z = 10.40299710982659
size_x = 22
size_y = 22
size_z = 22
energy_range = 9
exhaustiveness = 32
num_modes = 10