center_x = 46.0337
center_y = 3.193425000000001
center_z = 11.197099999999995
size_x = 22
size_y = 22
size_z = 22
energy_range = 9
exhaustiveness = 32
num_modes = 10