center_x = 24.740609523809532
center_y = 26.597723809523806
center_z = 23.335104761904773
size_x = 22
size_y = 22
size_z = 22
energy_range = 9
exhaustiveness = 32
num_modes = 10