center_x = 55.449853448275846
center_y = 12.576336206896556
center_z = 22.898784482758614
size_x = 22
size_y = 22
size_z = 22
energy_range = 9
exhaustiveness = 32
num_modes = 10