center_x = 26.17478143712575
center_y = 14.443511976047906
center_z = 26.67339520958086
size_x = 22
size_y = 22
size_z = 22
energy_range = 9
exhaustiveness = 32
num_modes = 10