center_x = 40.40540503875968
center_y = 15.363600775193795
center_z = 22.02343604651164
size_x = 22
size_y = 22
size_z = 22
energy_range = 9
exhaustiveness = 32
num_modes = 10