center_x = 46.44342528735631
center_y = 35.83603448275863
center_z = 24.711597701149422
size_x = 22
size_y = 22
size_z = 22
energy_range = 9
exhaustiveness = 32
num_modes = 10