center_x = 40.20389393939392
center_y = -7.219333333333331
center_z = 20.33869696969697
size_x = 22
size_y = 22
size_z = 22
energy_range = 9
exhaustiveness = 32
num_modes = 10