center_x = 51.33767200000001
center_y = 8.61388
center_z = 38.49996799999999
size_x = 22
size_y = 22
size_z = 22
energy_range = 9
exhaustiveness = 32
num_modes = 10