center_x = 35.50456666666666
center_y = 24.7273
center_z = 38.05556666666667
size_x = 22
size_y = 22
size_z = 22
energy_range = 9
exhaustiveness = 32
num_modes = 10