center_x = 30.805521008403343
center_y = -1.8009411764705887
center_z = 16.57955462184874
size_x = 22
size_y = 22
size_z = 22
energy_range = 9
exhaustiveness = 32
num_modes = 10