center_x = 23.425550295857995
center_y = 14.068775147928989
center_z = 18.146816568047345
size_x = 22
size_y = 22
size_z = 22
energy_range = 9
exhaustiveness = 32
num_modes = 10