center_x = 31.75358267716536
center_y = 0.0706771653543305
center_z = 36.83725984251969
size_x = 22
size_y = 22
size_z = 22
energy_range = 9
exhaustiveness = 32
num_modes = 10