center_x = 26.82153398058252
center_y = 12.783339805825245
center_z = 32.85022330097086
size_x = 22
size_y = 22
size_z = 22
energy_range = 9
exhaustiveness = 32
num_modes = 10