center_x = 36.40862393162394
center_y = 10.542068376068372
center_z = 3.2714017094017094
size_x = 22
size_y = 22
size_z = 22
energy_range = 9
exhaustiveness = 32
num_modes = 10