center_x = 37.75489610389612
center_y = 28.03981818181818
center_z = 7.699103896103896
size_x = 22
size_y = 22
size_z = 22
energy_range = 9
exhaustiveness = 32
num_modes = 10