center_x = 52.81396590909092
center_y = 31.630102272727274
center_z = 25.94695454545455
size_x = 22
size_y = 22
size_z = 22
energy_range = 9
exhaustiveness = 32
num_modes = 10