center_x = 42.78729268292684
center_y = -4.570999999999998
center_z = 14.225085365853657
size_x = 22
size_y = 22
size_z = 22
energy_range = 9
exhaustiveness = 32
num_modes = 10