center_x = 45.83599438202246
center_y = 26.740089887640444
center_z = 35.60637078651686
size_x = 22
size_y = 22
size_z = 22
energy_range = 9
exhaustiveness = 32
num_modes = 10