center_x = 48.3286812749004
center_y = 0.3768924302788844
center_z = 29.882808764940236
size_x = 22
size_y = 22
size_z = 22
energy_range = 9
exhaustiveness = 32
num_modes = 10