center_x = 36.83416438356166
center_y = 12.30580821917808
center_z = 43.49399315068492
size_x = 22
size_y = 22
size_z = 22
energy_range = 9
exhaustiveness = 32
num_modes = 10