center_x = 58.82345454545455
center_y = 25.627924242424253
center_z = 23.43383333333333
size_x = 22
size_y = 22
size_z = 22
energy_range = 9
exhaustiveness = 32
num_modes = 10