center_x = 32.60208602150536
center_y = 24.70469892473118
center_z = 25.822338709677425
size_x = 22
size_y = 22
size_z = 22
energy_range = 9
exhaustiveness = 32
num_modes = 10