center_x = -13.636746192893396
center_y = 24.020050761421324
center_z = 3.1539086294416228
size_x = 22
size_y = 22
size_z = 22
energy_range = 9
exhaustiveness = 32
num_modes = 10