center_x = -22.650910112359544
center_y = 5.40503370786517
center_z = 24.10339325842697
size_x = 22
size_y = 22
size_z = 22
energy_range = 9
exhaustiveness = 32
num_modes = 10