center_x = -42.01043859649122
center_y = 17.67698245614035
center_z = 12.672771929824563
size_x = 22
size_y = 22
size_z = 22
energy_range = 9
exhaustiveness = 32
num_modes = 10