center_x = -6.767914285714287
center_y = 19.58765714285713
center_z = 5.405142857142857
size_x = 22
size_y = 22
size_z = 22
energy_range = 9
exhaustiveness = 32
num_modes = 10