center_x = -9.853422018348628
center_y = 17.31921100917431
center_z = 16.47949541284404
size_x = 22
size_y = 22
size_z = 22
energy_range = 9
exhaustiveness = 32
num_modes = 10