center_x = -33.55972499999998
center_y = 15.72728
center_z = 21.818904999999983
size_x = 22
size_y = 22
size_z = 22
energy_range = 9
exhaustiveness = 32
num_modes = 10