center_x = -15.238569444444453
center_y = 20.28979166666666
center_z = 12.216166666666666
size_x = 22
size_y = 22
size_z = 22
energy_range = 9
exhaustiveness = 32
num_modes = 10