center_x = -22.16836538461537
center_y = 24.799009615384616
center_z = 13.220663461538456
size_x = 22
size_y = 22
size_z = 22
energy_range = 9
exhaustiveness = 32
num_modes = 10