center_x = -21.83695890410959
center_y = 3.020315068493152
center_z = 18.379082191780824
size_x = 22
size_y = 22
size_z = 22
energy_range = 9
exhaustiveness = 32
num_modes = 10