center_x = -14.00220348837209
center_y = 5.930226744186049
center_z = 2.227261627906977
size_x = 22
size_y = 22
size_z = 22
energy_range = 9
exhaustiveness = 32
num_modes = 10