center_x = -16.961365624999992
center_y = 9.988149999999994
center_z = 18.40409062499999
size_x = 22
size_y = 22
size_z = 22
energy_range = 9
exhaustiveness = 32
num_modes = 10