center_x = -24.850108225108222
center_y = 17.66189177489177
center_z = 12.8611212121212
size_x = 22
size_y = 22
size_z = 22
energy_range = 9
exhaustiveness = 32
num_modes = 10