center_x = -28.995940476190466
center_y = 2.489059523809524
center_z = 19.256166666666672
size_x = 22
size_y = 22
size_z = 22
energy_range = 9
exhaustiveness = 32
num_modes = 10