center_x = 46.1849923076923
center_y = -11.377299999999998
center_z = 34.383492307692315
size_x = 22
size_y = 22
size_z = 22
energy_range = 9
exhaustiveness = 32
num_modes = 10