center_x = 35.32917985611512
center_y = -12.58191366906475
center_z = 11.81169784172662
size_x = 22
size_y = 22
size_z = 22
energy_range = 9
exhaustiveness = 32
num_modes = 10