center_x = 38.52897560975611
center_y = -6.269443902439025
center_z = 21.204556097560975
size_x = 22
size_y = 22
size_z = 22
energy_range = 9
exhaustiveness = 32
num_modes = 10