center_x = 48.45560964912278
center_y = -8.75515350877193
center_z = 24.38547807017544
size_x = 22
size_y = 22
size_z = 22
energy_range = 9
exhaustiveness = 32
num_modes = 10