center_x = 27.12304580152673
center_y = -3.3204274809160315
center_z = 8.8533893129771
size_x = 22
size_y = 22
size_z = 22
energy_range = 9
exhaustiveness = 32
num_modes = 10