center_x = 39.35403205128203
center_y = -12.233192307692308
center_z = 32.77842307692308
size_x = 22
size_y = 22
size_z = 22
energy_range = 9
exhaustiveness = 32
num_modes = 10