center_x = 47.74563663663661
center_y = -15.405846846846858
center_z = 19.55312312312312
size_x = 22
size_y = 22
size_z = 22
energy_range = 9
exhaustiveness = 32
num_modes = 10