center_x = 17.56585245901639
center_y = -14.46979508196721
center_z = 29.688122950819672
size_x = 22
size_y = 22
size_z = 22
energy_range = 9
exhaustiveness = 32
num_modes = 10