center_x = 40.67138271604938
center_y = 0.568172839506173
center_z = 14.423493827160492
size_x = 22
size_y = 22
size_z = 22
energy_range = 9
exhaustiveness = 32
num_modes = 10