center_x = 58.234100000000005
center_y = -7.826616666666665
center_z = 21.26013333333333
size_x = 22
size_y = 22
size_z = 22
energy_range = 9
exhaustiveness = 32
num_modes = 10