center_x = 25.773952702702715
center_y = -1.2693108108108109
center_z = 13.382236486486478
size_x = 22
size_y = 22
size_z = 22
energy_range = 9
exhaustiveness = 32
num_modes = 10