center_x = 18.22535000000001
center_y = -12.759331250000004
center_z = 21.28504375000001
size_x = 22
size_y = 22
size_z = 22
energy_range = 9
exhaustiveness = 32
num_modes = 10