center_x = 30.967573426573438
center_y = -1.3181818181818183
center_z = 18.06869230769231
size_x = 22
size_y = 22
size_z = 22
energy_range = 9
exhaustiveness = 32
num_modes = 10