center_x = 24.17443689320387
center_y = -24.693145631067978
center_z = 29.99576699029128
size_x = 22
size_y = 22
size_z = 22
energy_range = 9
exhaustiveness = 32
num_modes = 10