center_x = 35.241649999999986
center_y = -6.410166666666665
center_z = 13.398716666666669
size_x = 22
size_y = 22
size_z = 22
energy_range = 9
exhaustiveness = 32
num_modes = 10