center_x = 18.246466666666677
center_y = -0.6941904761904766
center_z = 22.24519047619048
size_x = 22
size_y = 22
size_z = 22
energy_range = 9
exhaustiveness = 32
num_modes = 10