center_x = 50.94369135802467
center_y = -26.4850061728395
center_z = 33.7940925925926
size_x = 22
size_y = 22
size_z = 22
energy_range = 9
exhaustiveness = 32
num_modes = 10