center_x = 33.029422018348626
center_y = -30.165903669724777
center_z = 28.6008256880734
size_x = 22
size_y = 22
size_z = 22
energy_range = 9
exhaustiveness = 32
num_modes = 10