center_x = 40.36733333333332
center_y = -20.121138888888883
center_z = 5.006569444444442
size_x = 22
size_y = 22
size_z = 22
energy_range = 9
exhaustiveness = 32
num_modes = 10