center_x = 55.7119295774648
center_y = -46.1683028169014
center_z = 5.132584507042254
size_x = 22
size_y = 22
size_z = 22
energy_range = 9
exhaustiveness = 32
num_modes = 10