center_x = 57.34544274809161
center_y = -52.1598320610687
center_z = 16.637015267175574
size_x = 22
size_y = 22
size_z = 22
energy_range = 9
exhaustiveness = 32
num_modes = 10