center_x = 15.949153846153854
center_y = -40.36247863247865
center_z = -13.970555555555558
size_x = 22
size_y = 22
size_z = 22
energy_range = 9
exhaustiveness = 32
num_modes = 10