center_x = 52.37168376068378
center_y = -42.831102564102544
center_z = 10.34382051282051
size_x = 22
size_y = 22
size_z = 22
energy_range = 9
exhaustiveness = 32
num_modes = 10