center_x = 46.67242519685037
center_y = -20.745685039370088
center_z = -15.88855905511811
size_x = 22
size_y = 22
size_z = 22
energy_range = 9
exhaustiveness = 32
num_modes = 10