center_x = 44.034370786516845
center_y = -50.726573033707886
center_z = 0.5833370786516856
size_x = 22
size_y = 22
size_z = 22
energy_range = 9
exhaustiveness = 32
num_modes = 10