center_x = 23.12938167938932
center_y = -51.03879389312976
center_z = 1.6879083969465645
size_x = 22
size_y = 22
size_z = 22
energy_range = 9
exhaustiveness = 32
num_modes = 10