center_x = 47.01557812499999
center_y = -32.60160156249997
center_z = -2.9207265625000005
size_x = 22
size_y = 22
size_z = 22
energy_range = 9
exhaustiveness = 32
num_modes = 10