center_x = 44.42046153846153
center_y = -18.4529829059829
center_z = -5.689940170940171
size_x = 22
size_y = 22
size_z = 22
energy_range = 9
exhaustiveness = 32
num_modes = 10