center_x = 19.12383035714285
center_y = -43.084508928571424
center_z = 13.858937499999994
size_x = 22
size_y = 22
size_z = 22
energy_range = 9
exhaustiveness = 32
num_modes = 10