center_x = 43.11035294117648
center_y = -38.59523529411764
center_z = -5.076455882352941
size_x = 22
size_y = 22
size_z = 22
energy_range = 9
exhaustiveness = 32
num_modes = 10