center_x = 21.97202659574468
center_y = -46.258957446808495
center_z = -6.69269680851064
size_x = 22
size_y = 22
size_z = 22
energy_range = 9
exhaustiveness = 32
num_modes = 10