center_x = 35.19179661016949
center_y = -51.98607627118643
center_z = -11.088508474576274
size_x = 22
size_y = 22
size_z = 22
energy_range = 9
exhaustiveness = 32
num_modes = 10