center_x = 97.72217647058824
center_y = 93.61015441176474
center_z = -27.68369852941177
size_x = 22
size_y = 22
size_z = 22
energy_range = 9
exhaustiveness = 32
num_modes = 10