center_x = 102.49065048543692
center_y = 69.30865048543693
center_z = -33.65444660194176
size_x = 22
size_y = 22
size_z = 22
energy_range = 9
exhaustiveness = 32
num_modes = 10