center_x = 86.5335
center_y = 91.43530357142852
center_z = -38.45836607142856
size_x = 22
size_y = 22
size_z = 22
energy_range = 9
exhaustiveness = 32
num_modes = 10