center_x = 99.28932231404956
center_y = 75.738173553719
center_z = -31.26757024793389
size_x = 22
size_y = 22
size_z = 22
energy_range = 9
exhaustiveness = 32
num_modes = 10