center_x = 104.43243283582088
center_y = 92.7787611940298
center_z = -14.766223880597016
size_x = 22
size_y = 22
size_z = 22
energy_range = 9
exhaustiveness = 32
num_modes = 10