center_x = 92.61834108527134
center_y = 91.3704031007752
center_z = -24.453519379844955
size_x = 22
size_y = 22
size_z = 22
energy_range = 9
exhaustiveness = 32
num_modes = 10