center_x = 104.27635365853656
center_y = 83.84895731707317
center_z = -38.908853658536586
size_x = 22
size_y = 22
size_z = 22
energy_range = 9
exhaustiveness = 32
num_modes = 10