center_x = 92.8425489361702
center_y = 92.42038297872335
center_z = -43.533234042553175
size_x = 22
size_y = 22
size_z = 22
energy_range = 9
exhaustiveness = 32
num_modes = 10