center_x = 70.36952580645165
center_y = 62.49764838709679
center_z = 8.097012903225805
size_x = 22
size_y = 22
size_z = 22
energy_range = 9
exhaustiveness = 32
num_modes = 10