center_x = 69.75027135678394
center_y = 62.972150753768894
center_z = 7.386070351758794
size_x = 22
size_y = 22
size_z = 22
energy_range = 9
exhaustiveness = 32
num_modes = 10