center_x = 71.63787864077668
center_y = 65.61859223300968
center_z = 3.7385000000000006
size_x = 22
size_y = 22
size_z = 22
energy_range = 9
exhaustiveness = 32
num_modes = 10