center_x = 71.47690336134457
center_y = 62.18162184873948
center_z = 8.32696638655462
size_x = 22
size_y = 22
size_z = 22
energy_range = 9
exhaustiveness = 32
num_modes = 10