center_x = 72.00538864628821
center_y = 56.75864192139733
center_z = 15.361694323144096
size_x = 22
size_y = 22
size_z = 22
energy_range = 9
exhaustiveness = 32
num_modes = 10