center_x = 71.69911842105262
center_y = 51.17570394736845
center_z = 23.47369078947368
size_x = 22
size_y = 22
size_z = 22
energy_range = 9
exhaustiveness = 32
num_modes = 10