center_x = 71.04691694352162
center_y = 56.18885382059802
center_z = 15.917687707641203
size_x = 22
size_y = 22
size_z = 22
energy_range = 9
exhaustiveness = 32
num_modes = 10