center_x = 71.91857992565049
center_y = 53.70462081784389
center_z = 19.530550185873608
size_x = 22
size_y = 22
size_z = 22
energy_range = 9
exhaustiveness = 32
num_modes = 10