center_x = 71.25670967741935
center_y = 56.82142789373814
center_z = 15.99796489563569
size_x = 22
size_y = 22
size_z = 22
energy_range = 9
exhaustiveness = 32
num_modes = 10