center_x = -22.305008064516134
center_y = -0.8290564516129038
center_z = 8.607024193548389
size_x = 22
size_y = 22
size_z = 22
energy_range = 9
exhaustiveness = 32
num_modes = 10