center_x = -23.063062500000004
center_y = 11.227632812499992
center_z = 10.996539062500007
size_x = 22
size_y = 22
size_z = 22
energy_range = 9
exhaustiveness = 32
num_modes = 10