center_x = -0.9249568345323738
center_y = 7.208424460431655
center_z = 7.449999999999998
size_x = 22
size_y = 22
size_z = 22
energy_range = 9
exhaustiveness = 32
num_modes = 10