center_x = -17.06525423728813
center_y = 6.071158192090392
center_z = 2.689824858757061
size_x = 22
size_y = 22
size_z = 22
energy_range = 9
exhaustiveness = 32
num_modes = 10