center_x = -19.12583464566929
center_y = -9.109944881889763
center_z = -4.734826771653544
size_x = 22
size_y = 22
size_z = 22
energy_range = 9
exhaustiveness = 32
num_modes = 10