center_x = -12.819418032786883
center_y = -15.62155737704919
center_z = 10.05483606557377
size_x = 22
size_y = 22
size_z = 22
energy_range = 9
exhaustiveness = 32
num_modes = 10