center_x = -13.158305555555556
center_y = -6.843986111111114
center_z = -8.03813888888889
size_x = 22
size_y = 22
size_z = 22
energy_range = 9
exhaustiveness = 32
num_modes = 10