center_x = -16.695047619047614
center_y = 11.96425714285714
center_z = 6.233476190476187
size_x = 22
size_y = 22
size_z = 22
energy_range = 9
exhaustiveness = 32
num_modes = 10