center_x = -21.70153333333334
center_y = -16.24061944444442
center_z = 23.163002777777773
size_x = 22
size_y = 22
size_z = 22
energy_range = 9
exhaustiveness = 32
num_modes = 10