center_x = -32.882106870229
center_y = -20.441503816793897
center_z = 26.272687022900765
size_x = 22
size_y = 22
size_z = 22
energy_range = 9
exhaustiveness = 32
num_modes = 10