center_x = -19.6713125
center_y = -15.472058035714287
center_z = 21.47801785714285
size_x = 22
size_y = 22
size_z = 22
energy_range = 9
exhaustiveness = 32
num_modes = 10