center_x = -25.544644549763024
center_y = -15.47261611374408
center_z = 25.490402843601903
size_x = 22
size_y = 22
size_z = 22
energy_range = 9
exhaustiveness = 32
num_modes = 10