center_x = -20.527680555555545
center_y = -15.930814814814816
center_z = 21.823379629629628
size_x = 22
size_y = 22
size_z = 22
energy_range = 9
exhaustiveness = 32
num_modes = 10