center_x = -24.059587155963303
center_y = -15.378862385321096
center_z = 25.847165137614677
size_x = 22
size_y = 22
size_z = 22
energy_range = 9
exhaustiveness = 32
num_modes = 10