center_x = -21.152941605839427
center_y = -14.9251094890511
center_z = 22.350773722627736
size_x = 22
size_y = 22
size_z = 22
energy_range = 9
exhaustiveness = 32
num_modes = 10