center_x = -13.491642857142864
center_y = -12.754360248447206
center_z = 15.676332298136636
size_x = 22
size_y = 22
size_z = 22
energy_range = 9
exhaustiveness = 32
num_modes = 10