center_x = -15.684332674571822
center_y = -13.335205533596842
center_z = 17.84907378129115
size_x = 22
size_y = 22
size_z = 22
energy_range = 9
exhaustiveness = 32
num_modes = 10