center_x = -11.430946593001853
center_y = -11.821860036832422
center_z = 13.808734806629838
size_x = 22
size_y = 22
size_z = 22
energy_range = 9
exhaustiveness = 32
num_modes = 10