center_x = -12.795837962962956
center_y = -12.5282824074074
center_z = 15.12536111111111
size_x = 22
size_y = 22
size_z = 22
energy_range = 9
exhaustiveness = 32
num_modes = 10