center_x = -17.96736
center_y = -13.564875555555554
center_z = 20.86252444444445
size_x = 22
size_y = 22
size_z = 22
energy_range = 9
exhaustiveness = 32
num_modes = 10