center_x = -10.694656250000008
center_y = -11.826295454545455
center_z = 13.279664772727273
size_x = 22
size_y = 22
size_z = 22
energy_range = 9
exhaustiveness = 32
num_modes = 10