center_x = -15.814222040816311
center_y = -13.85951591836736
center_z = 17.724172244897957
size_x = 22
size_y = 22
size_z = 22
energy_range = 9
exhaustiveness = 32
num_modes = 10