center_x = -27.418720754716997
center_y = -18.703158490566032
center_z = 25.44507924528302
size_x = 22
size_y = 22
size_z = 22
energy_range = 9
exhaustiveness = 32
num_modes = 10