center_x = -10.369840659340651
center_y = -11.584181318681315
center_z = 13.029629120879118
size_x = 22
size_y = 22
size_z = 22
energy_range = 9
exhaustiveness = 32
num_modes = 10