center_x = -19.71423030303031
center_y = -15.535072727272729
center_z = 21.05355454545453
size_x = 22
size_y = 22
size_z = 22
energy_range = 9
exhaustiveness = 32
num_modes = 10