center_x = -27.28306589147286
center_y = -18.380736434108535
center_z = 28.125003875968996
size_x = 22
size_y = 22
size_z = 22
energy_range = 9
exhaustiveness = 32
num_modes = 10