center_x = -24.06768146214099
center_y = -15.539571801566591
center_z = 25.4591723237598
size_x = 22
size_y = 22
size_z = 22
energy_range = 9
exhaustiveness = 32
num_modes = 10