center_x = -10.369840659340662
center_y = -11.58418131868132
center_z = 13.029629120879113
size_x = 22
size_y = 22
size_z = 22
energy_range = 9
exhaustiveness = 32
num_modes = 10