center_x = -12.90692307692308
center_y = -12.61294444444444
center_z = 15.322512820512816
size_x = 22
size_y = 22
size_z = 22
energy_range = 9
exhaustiveness = 32
num_modes = 10