center_x = -23.80606735751296
center_y = -17.01649481865286
center_z = 25.065165803108798
size_x = 22
size_y = 22
size_z = 22
energy_range = 9
exhaustiveness = 32
num_modes = 10