center_x = -0.4349713375796174
center_y = -23.79550636942675
center_z = -12.740573248407642
size_x = 22
size_y = 22
size_z = 22
energy_range = 9
exhaustiveness = 32
num_modes = 10