center_x = -11.07981868131868
center_y = -23.8561098901099
center_z = -17.2175934065934
size_x = 22
size_y = 22
size_z = 22
energy_range = 9
exhaustiveness = 32
num_modes = 10