center_x = -0.4849261213720311
center_y = -23.447414248021136
center_z = -11.676712401055418
size_x = 22
size_y = 22
size_z = 22
energy_range = 9
exhaustiveness = 32
num_modes = 10