center_x = 3.720194594594593
center_y = -23.907086486486484
center_z = -12.175772972972975
size_x = 22
size_y = 22
size_z = 22
energy_range = 9
exhaustiveness = 32
num_modes = 10