center_x = 18.639255102040828
center_y = -31.10647959183673
center_z = -12.315173469387757
size_x = 22
size_y = 22
size_z = 22
energy_range = 9
exhaustiveness = 32
num_modes = 10