center_x = -10.372867704280152
center_y = -23.004206225680925
center_z = -16.258264591439683
size_x = 22
size_y = 22
size_z = 22
energy_range = 9
exhaustiveness = 32
num_modes = 10