center_x = -5.007188225538968
center_y = -24.646687396351545
center_z = -15.876358208955214
size_x = 22
size_y = 22
size_z = 22
energy_range = 9
exhaustiveness = 32
num_modes = 10