center_x = 3.9143051948051912
center_y = -26.04481493506496
center_z = -14.808941558441562
size_x = 22
size_y = 22
size_z = 22
energy_range = 9
exhaustiveness = 32
num_modes = 10