center_x = 41.37505405405405
center_y = 54.36767905405403
center_z = 90.04678040540539
size_x = 22
size_y = 22
size_z = 22
energy_range = 9
exhaustiveness = 32
num_modes = 10