center_x = 50.64106603773588
center_y = 54.87831132075475
center_z = 102.76678301886795
size_x = 22
size_y = 22
size_z = 22
energy_range = 9
exhaustiveness = 32
num_modes = 10