center_x = 18.235159292035394
center_y = 62.56999115044247
center_z = 109.9011327433628
size_x = 22
size_y = 22
size_z = 22
energy_range = 9
exhaustiveness = 32
num_modes = 10