center_x = 28.69683157894738
center_y = 50.15473684210525
center_z = 117.53109473684208
size_x = 22
size_y = 22
size_z = 22
energy_range = 9
exhaustiveness = 32
num_modes = 10