center_x = 35.23378417266184
center_y = 29.278402877697843
center_z = 99.51801438848922
size_x = 22
size_y = 22
size_z = 22
energy_range = 9
exhaustiveness = 32
num_modes = 10