center_x = 40.05961842105264
center_y = 44.46015131578949
center_z = 104.19967763157892
size_x = 22
size_y = 22
size_z = 22
energy_range = 9
exhaustiveness = 32
num_modes = 10