center_x = 15.82715833333334
center_y = 60.04118333333335
center_z = 77.46375000000002
size_x = 22
size_y = 22
size_z = 22
energy_range = 9
exhaustiveness = 32
num_modes = 10