center_x = 17.844786407766982
center_y = 48.03006796116503
center_z = 108.30224271844656
size_x = 22
size_y = 22
size_z = 22
energy_range = 9
exhaustiveness = 32
num_modes = 10