center_x = 24.848999999999997
center_y = 30.875487179487173
center_z = 88.66537179487176
size_x = 22
size_y = 22
size_z = 22
energy_range = 9
exhaustiveness = 32
num_modes = 10