center_x = 23.934176470588227
center_y = 32.64514705882354
center_z = 81.13139215686272
size_x = 22
size_y = 22
size_z = 22
energy_range = 9
exhaustiveness = 32
num_modes = 10