center_x = 20.210300000000014
center_y = 35.12125555555555
center_z = 73.97417777777777
size_x = 22
size_y = 22
size_z = 22
energy_range = 9
exhaustiveness = 32
num_modes = 10