center_x = 34.86344375
center_y = 69.81827500000003
center_z = 104.17067499999992
size_x = 22
size_y = 22
size_z = 22
energy_range = 9
exhaustiveness = 32
num_modes = 10