center_x = 11.551831578947366
center_y = 55.86370526315788
center_z = 76.00715789473685
size_x = 22
size_y = 22
size_z = 22
energy_range = 9
exhaustiveness = 32
num_modes = 10