center_x = 5.256425000000001
center_y = 49.323625
center_z = 73.8826375
size_x = 22
size_y = 22
size_z = 22
energy_range = 9
exhaustiveness = 32
num_modes = 10