center_x = 26.610333333333323
center_y = 55.2017833333333
center_z = 115.87574166666673
size_x = 22
size_y = 22
size_z = 22
energy_range = 9
exhaustiveness = 32
num_modes = 10