center_x = 13.444985074626867
center_y = 53.40452238805968
center_z = 103.96103731343278
size_x = 22
size_y = 22
size_z = 22
energy_range = 9
exhaustiveness = 32
num_modes = 10