center_x = 29.790753333333328
center_y = 54.05348000000001
center_z = 86.06876666666668
size_x = 22
size_y = 22
size_z = 22
energy_range = 9
exhaustiveness = 32
num_modes = 10