center_x = 33.62268656716417
center_y = 40.71623880597014
center_z = 82.4222089552239
size_x = 22
size_y = 22
size_z = 22
energy_range = 9
exhaustiveness = 32
num_modes = 10