center_x = 34.16886138613861
center_y = 65.17267326732676
center_z = 112.91283168316828
size_x = 22
size_y = 22
size_z = 22
energy_range = 9
exhaustiveness = 32
num_modes = 10