center_x = 22.022924812030077
center_y = 65.9356165413534
center_z = 104.33181954887212
size_x = 22
size_y = 22
size_z = 22
energy_range = 9
exhaustiveness = 32
num_modes = 10