center_x = 20.457338842975208
center_y = 56.2084049586777
center_z = 72.3746446280992
size_x = 22
size_y = 22
size_z = 22
energy_range = 9
exhaustiveness = 32
num_modes = 10