center_x = 42.07082978723405
center_y = 48.5187092198582
center_z = 86.35427659574468
size_x = 22
size_y = 22
size_z = 22
energy_range = 9
exhaustiveness = 32
num_modes = 10