center_x = 16.167572192513365
center_y = 53.41989304812835
center_z = 86.7068395721925
size_x = 22
size_y = 22
size_z = 22
energy_range = 9
exhaustiveness = 32
num_modes = 10