center_x = 26.18360000000001
center_y = 40.477061538461534
center_z = 111.42640769230766
size_x = 22
size_y = 22
size_z = 22
energy_range = 9
exhaustiveness = 32
num_modes = 10