center_x = 22.93702419354838
center_y = 55.61885887096775
center_z = 84.94157661290328
size_x = 22
size_y = 22
size_z = 22
energy_range = 9
exhaustiveness = 32
num_modes = 10