center_x = 19.633716216216225
center_y = 45.92304729729729
center_z = 115.3828918918919
size_x = 22
size_y = 22
size_z = 22
energy_range = 9
exhaustiveness = 32
num_modes = 10