center_x = 36.339517857142845
center_y = 51.16432142857143
center_z = 111.5067053571429
size_x = 22
size_y = 22
size_z = 22
energy_range = 9
exhaustiveness = 32
num_modes = 10