center_x = -18.971267716535426
center_y = -9.298118110236215
center_z = -4.690385826771653
size_x = 22
size_y = 22
size_z = 22
energy_range = 9
exhaustiveness = 32
num_modes = 10