center_x = -14.626258823529415
center_y = 9.695152941176476
center_z = 5.440635294117644
size_x = 22
size_y = 22
size_z = 22
energy_range = 9
exhaustiveness = 32
num_modes = 10