center_x = -22.238596774193542
center_y = -0.816346774193549
center_z = 8.620669354838704
size_x = 22
size_y = 22
size_z = 22
energy_range = 9
exhaustiveness = 32
num_modes = 10