center_x = -23.147757812500004
center_y = 11.245304687499996
center_z = 10.844304687499996
size_x = 22
size_y = 22
size_z = 22
energy_range = 9
exhaustiveness = 32
num_modes = 10