center_x = -20.23430630630631
center_y = 4.691513513513514
center_z = 1.7740180180180185
size_x = 22
size_y = 22
size_z = 22
energy_range = 9
exhaustiveness = 32
num_modes = 10