center_x = -19.552141414141406
center_y = -13.399787878787883
center_z = 2.551232323232323
size_x = 22
size_y = 22
size_z = 22
energy_range = 9
exhaustiveness = 32
num_modes = 10