center_x = -4.2044823232323205
center_y = 88.62256565656571
center_z = -38.32336868686871
size_x = 22
size_y = 22
size_z = 22
energy_range = 9
exhaustiveness = 32
num_modes = 10