center_x = -8.636283687943264
center_y = 90.74244444444447
center_z = -40.8416122931442
size_x = 22
size_y = 22
size_z = 22
energy_range = 9
exhaustiveness = 32
num_modes = 10