center_x = -2.2493143459915625
center_y = 87.066029535865
center_z = -41.43262025316456
size_x = 22
size_y = 22
size_z = 22
energy_range = 9
exhaustiveness = 32
num_modes = 10