center_x = -1.0411286549707606
center_y = 88.9656081871344
center_z = -42.5239298245614
size_x = 22
size_y = 22
size_z = 22
energy_range = 9
exhaustiveness = 32
num_modes = 10