center_x = -1.7352638888888887
center_y = 96.50878472222226
center_z = -34.455625000000005
size_x = 22
size_y = 22
size_z = 22
energy_range = 9
exhaustiveness = 32
num_modes = 10