center_x = 4.037765957446807
center_y = 91.779670212766
center_z = -40.45304964539005
size_x = 22
size_y = 22
size_z = 22
energy_range = 9
exhaustiveness = 32
num_modes = 10