center_x = -1.503941558441558
center_y = 94.10045021645024
center_z = -35.75545887445888
size_x = 22
size_y = 22
size_z = 22
energy_range = 9
exhaustiveness = 32
num_modes = 10