center_x = -2.172249249249249
center_y = 83.59814114114108
center_z = -40.00291291291294
size_x = 22
size_y = 22
size_z = 22
energy_range = 9
exhaustiveness = 32
num_modes = 10