center_x = -4.526052208835341
center_y = 84.02922088353415
center_z = -41.0694578313253
size_x = 22
size_y = 22
size_z = 22
energy_range = 9
exhaustiveness = 32
num_modes = 10