center_x = -5.758254310344824
center_y = 84.33632758620705
center_z = -43.51469109195404
size_x = 22
size_y = 22
size_z = 22
energy_range = 9
exhaustiveness = 32
num_modes = 10