center_x = -2.359150537634405
center_y = 90.27659293394775
center_z = -40.28226881720429
size_x = 22
size_y = 22
size_z = 22
energy_range = 9
exhaustiveness = 32
num_modes = 10