center_x = -1.7138717948717934
center_y = 89.82083119658134
center_z = -37.38939957264957
size_x = 22
size_y = 22
size_z = 22
energy_range = 9
exhaustiveness = 32
num_modes = 10