center_x = 1.873940298507462
center_y = 99.8553781094527
center_z = -35.83536318407961
size_x = 22
size_y = 22
size_z = 22
energy_range = 9
exhaustiveness = 32
num_modes = 10