center_x = -8.389718426501036
center_y = 91.72661697722576
center_z = -41.50804554865422
size_x = 22
size_y = 22
size_z = 22
energy_range = 9
exhaustiveness = 32
num_modes = 10