center_x = -2.249314345991561
center_y = 87.06602953586513
center_z = -41.432620253164544
size_x = 22
size_y = 22
size_z = 22
energy_range = 9
exhaustiveness = 32
num_modes = 10