center_x = 4.778417910447758
center_y = 94.6490845771144
center_z = -37.69768159203983
size_x = 22
size_y = 22
size_z = 22
energy_range = 9
exhaustiveness = 32
num_modes = 10