center_x = 5.699848484848485
center_y = 94.06458181818182
center_z = -37.22664242424239
size_x = 22
size_y = 22
size_z = 22
energy_range = 9
exhaustiveness = 32
num_modes = 10