center_x = 3.9753275529865153
center_y = 91.37114065510592
center_z = -40.549940269749534
size_x = 22
size_y = 22
size_z = 22
energy_range = 9
exhaustiveness = 32
num_modes = 10