center_x = -8.510029661016947
center_y = 10.637500000000005
center_z = -11.291262711864414
size_x = 22
size_y = 22
size_z = 22
energy_range = 9
exhaustiveness = 32
num_modes = 10