center_x = -10.829932084309135
center_y = 11.523688524590163
center_z = -13.736473067915693
size_x = 22
size_y = 22
size_z = 22
energy_range = 9
exhaustiveness = 32
num_modes = 10