center_x = -19.641093750000003
center_y = 15.394491071428574
center_z = -21.462267857142862
size_x = 22
size_y = 22
size_z = 22
energy_range = 9
exhaustiveness = 32
num_modes = 10