center_x = -11.423488029465934
center_y = 11.787721915285443
center_z = -13.748830570902385
size_x = 22
size_y = 22
size_z = 22
energy_range = 9
exhaustiveness = 32
num_modes = 10