center_x = -19.989111940298525
center_y = 15.571288557213917
center_z = -21.376308457711456
size_x = 22
size_y = 22
size_z = 22
energy_range = 9
exhaustiveness = 32
num_modes = 10