center_x = -15.31137016185784
center_y = 13.408791695988716
center_z = -17.54416467276567
size_x = 22
size_y = 22
size_z = 22
energy_range = 9
exhaustiveness = 32
num_modes = 10