center_x = -14.937633720930233
center_y = 13.273889534883724
center_z = -16.941889534883725
size_x = 22
size_y = 22
size_z = 22
energy_range = 9
exhaustiveness = 32
num_modes = 10