center_x = -9.53816231884058
center_y = 10.601463768115936
center_z = -11.543701449275368
size_x = 22
size_y = 22
size_z = 22
energy_range = 9
exhaustiveness = 32
num_modes = 10