center_x = -12.806851851851857
center_y = 12.44748148148149
center_z = -15.1335462962963
size_x = 22
size_y = 22
size_z = 22
energy_range = 9
exhaustiveness = 32
num_modes = 10