center_x = -28.285758620689663
center_y = 19.01305747126437
center_z = -29.19597701149425
size_x = 22
size_y = 22
size_z = 22
energy_range = 9
exhaustiveness = 32
num_modes = 10