center_x = -23.721982638888875
center_y = 16.889069444444463
center_z = -25.031201388888903
size_x = 22
size_y = 22
size_z = 22
energy_range = 9
exhaustiveness = 32
num_modes = 10