center_x = -25.429919811320765
center_y = 15.486216981132069
center_z = -25.530330188679237
size_x = 22
size_y = 22
size_z = 22
energy_range = 9
exhaustiveness = 32
num_modes = 10