center_x = -13.059470085470082
center_y = 12.583435897435905
center_z = -15.444423076923067
size_x = 22
size_y = 22
size_z = 22
energy_range = 9
exhaustiveness = 32
num_modes = 10