center_x = -15.199066374908796
center_y = 13.351983223924131
center_z = -17.446650619985427
size_x = 22
size_y = 22
size_z = 22
energy_range = 9
exhaustiveness = 32
num_modes = 10