center_x = -27.45083773584908
center_y = 18.734113207547157
center_z = -25.55534339622642
size_x = 22
size_y = 22
size_z = 22
energy_range = 9
exhaustiveness = 32
num_modes = 10