center_x = 120.55758461538466
center_y = -18.44166153846153
center_z = -5.199215384615388
size_x = 22
size_y = 22
size_z = 22
energy_range = 9
exhaustiveness = 32
num_modes = 10