center_x = 106.27462686567164
center_y = -34.13425373134328
center_z = 11.647701492537315
size_x = 22
size_y = 22
size_z = 22
energy_range = 9
exhaustiveness = 32
num_modes = 10