center_x = 121.47276744186053
center_y = -1.4461337209302323
center_z = -1.1754534883720935
size_x = 22
size_y = 22
size_z = 22
energy_range = 9
exhaustiveness = 32
num_modes = 10