center_x = 110.87733333333328
center_y = 1.3712456140350875
center_z = -2.1249473684210534
size_x = 22
size_y = 22
size_z = 22
energy_range = 9
exhaustiveness = 32
num_modes = 10