center_x = 108.88654455445544
center_y = -30.08705940594061
center_z = -6.9085742574257445
size_x = 22
size_y = 22
size_z = 22
energy_range = 9
exhaustiveness = 32
num_modes = 10