center_x = 99.11892523364487
center_y = -27.39063551401868
center_z = 8.792028037383176
size_x = 22
size_y = 22
size_z = 22
energy_range = 9
exhaustiveness = 32
num_modes = 10