center_x = 103.2353909090909
center_y = -10.509845454545449
center_z = 19.19847272727273
size_x = 22
size_y = 22
size_z = 22
energy_range = 9
exhaustiveness = 32
num_modes = 10