center_x = 121.71545689655171
center_y = -24.15005172413794
center_z = 5.247887931034485
size_x = 22
size_y = 22
size_z = 22
energy_range = 9
exhaustiveness = 32
num_modes = 10