center_x = 104.45655652173912
center_y = -5.77597391304348
center_z = -1.523217391304348
size_x = 22
size_y = 22
size_z = 22
energy_range = 9
exhaustiveness = 32
num_modes = 10