center_x = 93.34066249999997
center_y = -13.316399999999998
center_z = 7.980575000000002
size_x = 22
size_y = 22
size_z = 22
energy_range = 9
exhaustiveness = 32
num_modes = 10