center_x = 107.9890084210526
center_y = -15.930730526315797
center_z = -3.532256842105261
size_x = 22
size_y = 22
size_z = 22
energy_range = 9
exhaustiveness = 32
num_modes = 10