receptor = data/6np3/6np3_ligand.pdbqt
ligand = data/6np3/6np3_protein.pdbqt
center_x = 107.9890084210526
center_y = -15.930730526315797
center_z = -3.532256842105261
size_x = 33.240016842105206
size_y = 27.44653894736841
size_z = 30.71348631578948
energy_range = 9
exhaustiveness = 32
num_modes = 10