center_x = 116.96128571428574
center_y = -35.400100840336165
center_z = -1.5652689075630248
size_x = 22
size_y = 22
size_z = 22
energy_range = 9
exhaustiveness = 32
num_modes = 10