center_x = 20.512264957264957
center_y = 34.5063076923077
center_z = 56.0592905982906
size_x = 22
size_y = 22
size_z = 22
energy_range = 9
exhaustiveness = 32
num_modes = 10