center_x = 2.6861893939393937
center_y = 30.14697727272727
center_z = 56.49964393939393
size_x = 22
size_y = 22
size_z = 22
energy_range = 9
exhaustiveness = 32
num_modes = 10