center_x = 13.34803731343284
center_y = 40.06272388059704
center_z = 56.99164925373133
size_x = 22
size_y = 22
size_z = 22
energy_range = 9
exhaustiveness = 32
num_modes = 10