center_x = 10.495933884297516
center_y = 14.51473553719009
center_z = 44.17908264462811
size_x = 22
size_y = 22
size_z = 22
energy_range = 9
exhaustiveness = 32
num_modes = 10