center_x = 14.569356275303646
center_y = 23.418566801619424
center_z = 38.730740890688274
size_x = 22
size_y = 22
size_z = 22
energy_range = 9
exhaustiveness = 32
num_modes = 10