center_x = 16.95521818181818
center_y = 17.986418181818184
center_z = 64.03552727272728
size_x = 22
size_y = 22
size_z = 22
energy_range = 9
exhaustiveness = 32
num_modes = 10