center_x = 17.250140495867775
center_y = 38.49415702479338
center_z = 40.656165289256194
size_x = 22
size_y = 22
size_z = 22
energy_range = 9
exhaustiveness = 32
num_modes = 10