center_x = 7.0187341772151886
center_y = 32.44097468354432
center_z = 34.64553164556962
size_x = 22
size_y = 22
size_z = 22
energy_range = 9
exhaustiveness = 32
num_modes = 10