center_x = 12.4969156626506
center_y = 15.923831325301208
center_z = 56.03765060240964
size_x = 22
size_y = 22
size_z = 22
energy_range = 9
exhaustiveness = 32
num_modes = 10