center_x = 9.88439252336449
center_y = 21.91178971962617
center_z = 64.31583644859812
size_x = 22
size_y = 22
size_z = 22
energy_range = 9
exhaustiveness = 32
num_modes = 10