center_x = 33.7555447761194
center_y = 23.760231343283586
center_z = 48.903820895522365
size_x = 22
size_y = 22
size_z = 22
energy_range = 9
exhaustiveness = 32
num_modes = 10