center_x = 18.755758904109587
center_y = 25.45116712328769
center_z = 50.8214136986302
size_x = 22
size_y = 22
size_z = 22
energy_range = 9
exhaustiveness = 32
num_modes = 10