center_x = 14.27298181818182
center_y = 27.207327272727277
center_z = 72.07307272727272
size_x = 22
size_y = 22
size_z = 22
energy_range = 9
exhaustiveness = 32
num_modes = 10