center_x = 4.258404761904761
center_y = 16.97629761904762
center_z = 61.98228571428572
size_x = 22
size_y = 22
size_z = 22
energy_range = 9
exhaustiveness = 32
num_modes = 10