center_x = 28.934275449101808
center_y = -7.095748502994015
center_z = -8.551269461077846
size_x = 22
size_y = 22
size_z = 22
energy_range = 9
exhaustiveness = 32
num_modes = 10