center_x = 4.445638655462186
center_y = 9.002151260504201
center_z = -12.11439495798319
size_x = 22
size_y = 22
size_z = 22
energy_range = 9
exhaustiveness = 32
num_modes = 10