center_x = 10.811535545023697
center_y = -2.735113744075828
center_z = 1.0530805687203793
size_x = 22
size_y = 22
size_z = 22
energy_range = 9
exhaustiveness = 32
num_modes = 10