center_x = 27.017949579831924
center_y = 7.326907563025209
center_z = -11.195638655462188
size_x = 22
size_y = 22
size_z = 22
energy_range = 9
exhaustiveness = 32
num_modes = 10