center_x = 21.916275
center_y = -4.2671833333333336
center_z = -32.40415
size_x = 22
size_y = 22
size_z = 22
energy_range = 9
exhaustiveness = 32
num_modes = 10