center_x = 19.44383760683761
center_y = 8.489324786324785
center_z = -31.979230769230764
size_x = 22
size_y = 22
size_z = 22
energy_range = 9
exhaustiveness = 32
num_modes = 10