center_x = -1.331699115044248
center_y = -11.182017699115042
center_z = -27.620920353982303
size_x = 22
size_y = 22
size_z = 22
energy_range = 9
exhaustiveness = 32
num_modes = 10