center_x = 10.19972093023256
center_y = 11.157738372093029
center_z = -8.028994186046514
size_x = 22
size_y = 22
size_z = 22
energy_range = 9
exhaustiveness = 32
num_modes = 10