center_x = 11.175697183098585
center_y = -1.915661971830986
center_z = -21.413464788732394
size_x = 22
size_y = 22
size_z = 22
energy_range = 9
exhaustiveness = 32
num_modes = 10