center_x = -2.353131386861315
center_y = -17.352401459854025
center_z = -6.590145985401457
size_x = 22
size_y = 22
size_z = 22
energy_range = 9
exhaustiveness = 32
num_modes = 10