center_x = 8.899750000000003
center_y = -28.75192361111112
center_z = -8.389500000000002
size_x = 22
size_y = 22
size_z = 22
energy_range = 9
exhaustiveness = 32
num_modes = 10