center_x = 18.862154639175262
center_y = -8.054541237113403
center_z = -1.1724020618556708
size_x = 22
size_y = 22
size_z = 22
energy_range = 9
exhaustiveness = 32
num_modes = 10