center_x = 5.629515384615385
center_y = -11.124230769230763
center_z = -27.591753846153857
size_x = 22
size_y = 22
size_z = 22
energy_range = 9
exhaustiveness = 32
num_modes = 10