center_x = 10.971382608695649
center_y = 7.248895652173907
center_z = -18.724617391304346
size_x = 22
size_y = 22
size_z = 22
energy_range = 9
exhaustiveness = 32
num_modes = 10