center_x = 10.3545748031496
center_y = -39.25465354330709
center_z = -16.219598425196853
size_x = 22
size_y = 22
size_z = 22
energy_range = 9
exhaustiveness = 32
num_modes = 10