center_x = 10.54651185344828
center_y = -15.90538254310344
center_z = -13.972202586206905
size_x = 22
size_y = 22
size_z = 22
energy_range = 9
exhaustiveness = 32
num_modes = 10