center_x = 3.85880602006689
center_y = 1.1154180602006685
center_z = -3.707598662207357
size_x = 22
size_y = 22
size_z = 22
energy_range = 9
exhaustiveness = 32
num_modes = 10