center_x = -0.1215744680851065
center_y = 6.990978723404255
center_z = -3.03331914893617
size_x = 22
size_y = 22
size_z = 22
energy_range = 9
exhaustiveness = 32
num_modes = 10