center_x = 27.448231939163502
center_y = -15.331406844106471
center_z = -20.08157794676806
size_x = 22
size_y = 22
size_z = 22
energy_range = 9
exhaustiveness = 32
num_modes = 10