center_x = 9.128151079136696
center_y = -33.681654676258994
center_z = -30.89042446043164
size_x = 22
size_y = 22
size_z = 22
energy_range = 9
exhaustiveness = 32
num_modes = 10