center_x = 18.2395401459854
center_y = -13.54254744525548
center_z = -31.344021897810237
size_x = 22
size_y = 22
size_z = 22
energy_range = 9
exhaustiveness = 32
num_modes = 10