center_x = -1.7510249999999996
center_y = -15.241637500000005
center_z = -14.560074999999998
size_x = 22
size_y = 22
size_z = 22
energy_range = 9
exhaustiveness = 32
num_modes = 10