center_x = -28.44538016528925
center_y = -30.746264462809915
center_z = -14.470809917355377
size_x = 22
size_y = 22
size_z = 22
energy_range = 9
exhaustiveness = 32
num_modes = 10