center_x = -4.223506097560976
center_y = -54.69866463414633
center_z = -10.736689024390246
size_x = 22
size_y = 22
size_z = 22
energy_range = 9
exhaustiveness = 32
num_modes = 10