center_x = -11.462933962264156
center_y = -44.356820754717
center_z = -8.876745283018861
size_x = 22
size_y = 22
size_z = 22
energy_range = 9
exhaustiveness = 32
num_modes = 10