center_x = 2.1066350364963493
center_y = -43.68826277372263
center_z = 12.773678832116785
size_x = 22
size_y = 22
size_z = 22
energy_range = 9
exhaustiveness = 32
num_modes = 10