center_x = -24.915290909090903
center_y = -49.88407272727272
center_z = 1.765775757575758
size_x = 22
size_y = 22
size_z = 22
energy_range = 9
exhaustiveness = 32
num_modes = 10