center_x = -28.858620253164545
center_y = -56.05093670886075
center_z = 3.496354430379748
size_x = 22
size_y = 22
size_z = 22
energy_range = 9
exhaustiveness = 32
num_modes = 10