center_x = 1.282546099290782
center_y = -42.44364539007093
center_z = -8.46895035460993
size_x = 22
size_y = 22
size_z = 22
energy_range = 9
exhaustiveness = 32
num_modes = 10