center_x = -11.752694300518131
center_y = -24.14360103626942
center_z = 11.095917098445597
size_x = 22
size_y = 22
size_z = 22
energy_range = 9
exhaustiveness = 32
num_modes = 10