center_x = -6.067642857142856
center_y = -65.41477380952382
center_z = -0.5345357142857143
size_x = 22
size_y = 22
size_z = 22
energy_range = 9
exhaustiveness = 32
num_modes = 10