center_x = -8.018726415094338
center_y = -30.90850000000001
center_z = -13.338349056603771
size_x = 22
size_y = 22
size_z = 22
energy_range = 9
exhaustiveness = 32
num_modes = 10