center_x = 1.2512123893805311
center_y = -54.30815044247789
center_z = -9.578955752212394
size_x = 22
size_y = 22
size_z = 22
energy_range = 9
exhaustiveness = 32
num_modes = 10