center_x = -16.40368695652173
center_y = -47.49460869565219
center_z = -7.264713043478259
size_x = 22
size_y = 22
size_z = 22
energy_range = 9
exhaustiveness = 32
num_modes = 10