center_x = -11.797013157894735
center_y = -49.305315789473696
center_z = 15.828605263157892
size_x = 22
size_y = 22
size_z = 22
energy_range = 9
exhaustiveness = 32
num_modes = 10