center_x = -18.492863636363637
center_y = -68.21226363636366
center_z = 0.6636545454545454
size_x = 22
size_y = 22
size_z = 22
energy_range = 9
exhaustiveness = 32
num_modes = 10