center_x = -28.37768702290077
center_y = -37.614374045801526
center_z = 1.3531145038167938
size_x = 22
size_y = 22
size_z = 22
energy_range = 9
exhaustiveness = 32
num_modes = 10