center_x = -20.984865064694983
center_y = -41.72115896487986
center_z = -3.70638077634011
size_x = 22
size_y = 22
size_z = 22
energy_range = 9
exhaustiveness = 32
num_modes = 10