center_x = -25.65253389830509
center_y = -31.84755932203392
center_z = 6.574338983050849
size_x = 22
size_y = 22
size_z = 22
energy_range = 9
exhaustiveness = 32
num_modes = 10