center_x = -22.5865
center_y = -16.912222222222223
center_z = 0.6155777777777777
size_x = 22
size_y = 22
size_z = 22
energy_range = 9
exhaustiveness = 32
num_modes = 10