center_x = -11.248070588235295
center_y = -53.84447058823529
center_z = -10.416505882352944
size_x = 22
size_y = 22
size_z = 22
energy_range = 9
exhaustiveness = 32
num_modes = 10