center_x = -18.583470588235294
center_y = -20.848754901960778
center_z = 6.677588235294117
size_x = 22
size_y = 22
size_z = 22
energy_range = 9
exhaustiveness = 32
num_modes = 10