center_x = 8.14744360902255
center_y = -46.223203007518805
center_z = 5.242759398496241
size_x = 22
size_y = 22
size_z = 22
energy_range = 9
exhaustiveness = 32
num_modes = 10