center_x = 20.213289017341044
center_y = -17.196416184971103
center_z = 28.725057803468196
size_x = 22
size_y = 22
size_z = 22
energy_range = 9
exhaustiveness = 32
num_modes = 10