center_x = 25.354680327868856
center_y = -12.53492213114754
center_z = 12.630905737704929
size_x = 22
size_y = 22
size_z = 22
energy_range = 9
exhaustiveness = 32
num_modes = 10