center_x = 38.96246969696969
center_y = 5.242939393939391
center_z = 13.02425
size_x = 22
size_y = 22
size_z = 22
energy_range = 9
exhaustiveness = 32
num_modes = 10