center_x = 45.24603448275861
center_y = -11.248252873563215
center_z = 9.327793103448276
size_x = 22
size_y = 22
size_z = 22
energy_range = 9
exhaustiveness = 32
num_modes = 10