center_x = 32.678398148148155
center_y = -7.950250000000001
center_z = 3.612611111111112
size_x = 22
size_y = 22
size_z = 22
energy_range = 9
exhaustiveness = 32
num_modes = 10