center_x = 8.471012048192772
center_y = -16.962831325301206
center_z = 28.597445783132528
size_x = 22
size_y = 22
size_z = 22
energy_range = 9
exhaustiveness = 32
num_modes = 10