center_x = 35.15726845637583
center_y = 3.981483221476513
center_z = 18.68687248322148
size_x = 22
size_y = 22
size_z = 22
energy_range = 9
exhaustiveness = 32
num_modes = 10