center_x = 29.347429530201357
center_y = 11.130798657718122
center_z = 13.754557046979864
size_x = 22
size_y = 22
size_z = 22
energy_range = 9
exhaustiveness = 32
num_modes = 10