center_x = 18.99564601769912
center_y = 9.459539823008845
center_z = 14.957469026548669
size_x = 22
size_y = 22
size_z = 22
energy_range = 9
exhaustiveness = 32
num_modes = 10