center_x = 27.95101069518717
center_y = -4.43985026737968
center_z = 10.05112299465241
size_x = 22
size_y = 22
size_z = 22
energy_range = 9
exhaustiveness = 32
num_modes = 10