center_x = 27.087644171779157
center_y = 2.633398773006135
center_z = 7.214110429447853
size_x = 22
size_y = 22
size_z = 22
energy_range = 9
exhaustiveness = 32
num_modes = 10