center_x = 14.351405063291148
center_y = 2.953455696202531
center_z = 28.31462658227848
size_x = 22
size_y = 22
size_z = 22
energy_range = 9
exhaustiveness = 32
num_modes = 10