center_x = 13.275753968253964
center_y = -4.707865079365082
center_z = 10.38345238095238
size_x = 22
size_y = 22
size_z = 22
energy_range = 9
exhaustiveness = 32
num_modes = 10