center_x = 19.21935555555556
center_y = -9.094566666666664
center_z = 31.02157777777777
size_x = 22
size_y = 22
size_z = 22
energy_range = 9
exhaustiveness = 32
num_modes = 10