center_x = 42.715184782608674
center_y = -13.02477173913044
center_z = 10.034999999999998
size_x = 22
size_y = 22
size_z = 22
energy_range = 9
exhaustiveness = 32
num_modes = 10