center_x = 10.055523364485982
center_y = 5.254271028037382
center_z = 11.351635514018689
size_x = 22
size_y = 22
size_z = 22
energy_range = 9
exhaustiveness = 32
num_modes = 10