center_x = 27.9171655629139
center_y = 10.109913907284769
center_z = 25.427615894039743
size_x = 22
size_y = 22
size_z = 22
energy_range = 9
exhaustiveness = 32
num_modes = 10