center_x = -10.50148591549296
center_y = 0.2189295774647886
center_z = -14.739957746478868
size_x = 22
size_y = 22
size_z = 22
energy_range = 9
exhaustiveness = 32
num_modes = 10