center_x = -17.460799999999995
center_y = -4.061999999999999
center_z = -18.27176842105263
size_x = 22
size_y = 22
size_z = 22
energy_range = 9
exhaustiveness = 32
num_modes = 10