center_x = -14.062264516129025
center_y = 2.3049483870967737
center_z = -7.784032258064518
size_x = 22
size_y = 22
size_z = 22
energy_range = 9
exhaustiveness = 32
num_modes = 10