center_x = -12.258605263157897
center_y = 11.369447368421053
center_z = -5.248828947368421
size_x = 22
size_y = 22
size_z = 22
energy_range = 9
exhaustiveness = 32
num_modes = 10