center_x = 4.039954268292682
center_y = 1.9133262195121945
center_z = -10.005030487804866
size_x = 22
size_y = 22
size_z = 22
energy_range = 9
exhaustiveness = 32
num_modes = 10