center_x = -7.691976377952757
center_y = 16.449763779527558
center_z = -15.379110236220464
size_x = 22
size_y = 22
size_z = 22
energy_range = 9
exhaustiveness = 32
num_modes = 10