center_x = -4.874682795698923
center_y = 9.465451612903223
center_z = -18.7918064516129
size_x = 22
size_y = 22
size_z = 22
energy_range = 9
exhaustiveness = 32
num_modes = 10