center_x = 6.856704918032787
center_y = -2.413549180327869
center_z = -3.866655737704918
size_x = 22
size_y = 22
size_z = 22
energy_range = 9
exhaustiveness = 32
num_modes = 10