center_x = 28.317179104477614
center_y = 17.896574626865668
center_z = -1.6518283582089557
size_x = 22
size_y = 22
size_z = 22
energy_range = 9
exhaustiveness = 32
num_modes = 10