center_x = 42.89780246913582
center_y = 21.578345679012347
center_z = 0.3547777777777777
size_x = 22
size_y = 22
size_z = 22
energy_range = 9
exhaustiveness = 32
num_modes = 10