center_x = 23.317844311377232
center_y = 8.685700598802391
center_z = -10.526215568862272
size_x = 22
size_y = 22
size_z = 22
energy_range = 9
exhaustiveness = 32
num_modes = 10