center_x = 39.185257703081206
center_y = 16.408380952380945
center_z = 5.75640616246498
size_x = 22
size_y = 22
size_z = 22
energy_range = 9
exhaustiveness = 32
num_modes = 10