center_x = 23.60712612612613
center_y = 13.9419009009009
center_z = -1.7109549549549556
size_x = 22
size_y = 22
size_z = 22
energy_range = 9
exhaustiveness = 32
num_modes = 10