center_x = -32.822829787234035
center_y = 42.84483687943264
center_z = -8.293475177304966
size_x = 22
size_y = 22
size_z = 22
energy_range = 9
exhaustiveness = 32
num_modes = 10