center_x = -17.566499999999998
center_y = 21.65020454545455
center_z = -22.807992424242418
size_x = 22
size_y = 22
size_z = 22
energy_range = 9
exhaustiveness = 32
num_modes = 10