center_x = -8.818117647058822
center_y = 14.850611764705883
center_z = 9.357517647058827
size_x = 22
size_y = 22
size_z = 22
energy_range = 9
exhaustiveness = 32
num_modes = 10