center_x = -26.88706493506493
center_y = 22.603902597402584
center_z = 5.245941558441558
size_x = 22
size_y = 22
size_z = 22
energy_range = 9
exhaustiveness = 32
num_modes = 10