center_x = 1.8981428571428556
center_y = 16.88181203007519
center_z = -19.92567669172933
size_x = 22
size_y = 22
size_z = 22
energy_range = 9
exhaustiveness = 32
num_modes = 10