center_x = -24.317690647482003
center_y = 36.464647482014406
center_z = 11.344000000000005
size_x = 22
size_y = 22
size_z = 22
energy_range = 9
exhaustiveness = 32
num_modes = 10