center_x = 0.8062067669172935
center_y = 29.20346616541356
center_z = -22.709718045112776
size_x = 22
size_y = 22
size_z = 22
energy_range = 9
exhaustiveness = 32
num_modes = 10