center_x = -30.456507692307696
center_y = 32.766761538461544
center_z = 4.869830769230769
size_x = 22
size_y = 22
size_z = 22
energy_range = 9
exhaustiveness = 32
num_modes = 10