center_x = -7.941244233378573
center_y = 34.25171641791045
center_z = -6.930785617367713
size_x = 22
size_y = 22
size_z = 22
energy_range = 9
exhaustiveness = 32
num_modes = 10