center_x = -22.582400000000003
center_y = 27.506488888888885
center_z = -17.5651037037037
size_x = 22
size_y = 22
size_z = 22
energy_range = 9
exhaustiveness = 32
num_modes = 10