center_x = -7.45135294117647
center_y = 34.56151260504201
center_z = -24.59300840336134
size_x = 22
size_y = 22
size_z = 22
energy_range = 9
exhaustiveness = 32
num_modes = 10