center_x = -11.521833333333328
center_y = 21.798851190476174
center_z = 16.11036309523809
size_x = 22
size_y = 22
size_z = 22
energy_range = 9
exhaustiveness = 32
num_modes = 10