center_x = -15.56555555555556
center_y = 46.67120634920636
center_z = -4.380015873015871
size_x = 22
size_y = 22
size_z = 22
energy_range = 9
exhaustiveness = 32
num_modes = 10