center_x = -22.00600943396226
center_y = 45.85587735849056
center_z = -4.272764150943399
size_x = 22
size_y = 22
size_z = 22
energy_range = 9
exhaustiveness = 32
num_modes = 10