center_x = 1.7705637254901971
center_y = 24.87871078431372
center_z = 5.456102941176469
size_x = 22
size_y = 22
size_z = 22
energy_range = 9
exhaustiveness = 32
num_modes = 10