center_x = -3.0451428571428565
center_y = 28.10181428571429
center_z = -18.956771428571425
size_x = 22
size_y = 22
size_z = 22
energy_range = 9
exhaustiveness = 32
num_modes = 10