center_x = -26.462596491228076
center_y = 43.465076023391816
center_z = -3.1046257309941545
size_x = 22
size_y = 22
size_z = 22
energy_range = 9
exhaustiveness = 32
num_modes = 10