center_x = -6.06101470588235
center_y = 29.112691176470577
center_z = 11.575823529411776
size_x = 22
size_y = 22
size_z = 22
energy_range = 9
exhaustiveness = 32
num_modes = 10