center_x = -27.95744966442953
center_y = 22.18155704697987
center_z = -15.013201342281874
size_x = 22
size_y = 22
size_z = 22
energy_range = 9
exhaustiveness = 32
num_modes = 10