center_x = -23.33155555555556
center_y = 16.43819191919193
center_z = -18.83147474747474
size_x = 22
size_y = 22
size_z = 22
energy_range = 9
exhaustiveness = 32
num_modes = 10