center_x = 83.97236317135545
center_y = 37.70270843989767
center_z = 175.67975703324797
size_x = 22
size_y = 22
size_z = 22
energy_range = 9
exhaustiveness = 32
num_modes = 10