center_x = 113.60148875000004
center_y = 51.82577625000003
center_z = 171.28732999999994
size_x = 22
size_y = 22
size_z = 22
energy_range = 9
exhaustiveness = 32
num_modes = 10