center_x = 119.58180857580396
center_y = 51.89217151607956
center_z = 165.50018836140907
size_x = 22
size_y = 22
size_z = 22
energy_range = 9
exhaustiveness = 32
num_modes = 10