center_x = 93.51355047619042
center_y = 39.91347428571426
center_z = 171.0975428571429
size_x = 22
size_y = 22
size_z = 22
energy_range = 9
exhaustiveness = 32
num_modes = 10