center_x = 115.90804407713505
center_y = 44.15373553719007
center_z = 173.96405509641872
size_x = 22
size_y = 22
size_z = 22
energy_range = 9
exhaustiveness = 32
num_modes = 10