center_x = 91.1497802631579
center_y = 33.85584342105265
center_z = 169.81936315789494
size_x = 22
size_y = 22
size_z = 22
energy_range = 9
exhaustiveness = 32
num_modes = 10