center_x = 89.51677212918663
center_y = 30.689011961722496
center_z = 171.87194916267953
size_x = 22
size_y = 22
size_z = 22
energy_range = 9
exhaustiveness = 32
num_modes = 10