center_x = 89.14340689655164
center_y = 28.2912827586207
center_z = 174.06345747126431
size_x = 22
size_y = 22
size_z = 22
energy_range = 9
exhaustiveness = 32
num_modes = 10