center_x = 114.2250922509226
center_y = 44.26435055350555
center_z = 171.6510276752768
size_x = 22
size_y = 22
size_z = 22
energy_range = 9
exhaustiveness = 32
num_modes = 10