center_x = 70.10354857142856
center_y = 11.130319999999998
center_z = 167.13100000000003
size_x = 22
size_y = 22
size_z = 22
energy_range = 9
exhaustiveness = 32
num_modes = 10