center_x = 89.20738724373574
center_y = 32.908223234624124
center_z = 171.3764760820044
size_x = 22
size_y = 22
size_z = 22
energy_range = 9
exhaustiveness = 32
num_modes = 10