center_x = 89.76201441441435
center_y = 38.350120720720746
center_z = 172.1095081081083
size_x = 22
size_y = 22
size_z = 22
energy_range = 9
exhaustiveness = 32
num_modes = 10