receptor = data/6miv/6miv_ligand.pdbqt
ligand = data/6miv/6miv_protein.pdbqt
center_x = 95.3764464170432
center_y = 38.06990865074232
center_z = 170.14652130406705
size_x = 113.19089283408644
size_y = 95.71218269851536
size_z = 45.98504260813411
energy_range = 9
exhaustiveness = 32
num_modes = 10