center_x = 113.90744221105524
center_y = 51.62249497487433
center_z = 168.50974874371863
size_x = 22
size_y = 22
size_z = 22
energy_range = 9
exhaustiveness = 32
num_modes = 10