center_x = 104.51550133333348
center_y = 41.66170133333334
center_z = 171.39280799999986
size_x = 22
size_y = 22
size_z = 22
energy_range = 9
exhaustiveness = 32
num_modes = 10