center_x = 85.83887735849065
center_y = 30.93229874213835
center_z = 171.10594968553468
size_x = 22
size_y = 22
size_z = 22
energy_range = 9
exhaustiveness = 32
num_modes = 10