center_x = 110.77063036809814
center_y = 46.26215337423312
center_z = 171.76687730061357
size_x = 22
size_y = 22
size_z = 22
energy_range = 9
exhaustiveness = 32
num_modes = 10