center_x = 86.30908181818185
center_y = 32.77636590909092
center_z = 174.54063181818182
size_x = 22
size_y = 22
size_z = 22
energy_range = 9
exhaustiveness = 32
num_modes = 10