center_x = 86.10667469879516
center_y = 33.09153872633389
center_z = 175.07034079173832
size_x = 22
size_y = 22
size_z = 22
energy_range = 9
exhaustiveness = 32
num_modes = 10