center_x = 88.63743659043668
center_y = 32.8213908523909
center_z = 170.26095010395022
size_x = 22
size_y = 22
size_z = 22
energy_range = 9
exhaustiveness = 32
num_modes = 10