center_x = 82.23994871794882
center_y = 31.942107371794865
center_z = 169.16679326923074
size_x = 22
size_y = 22
size_z = 22
energy_range = 9
exhaustiveness = 32
num_modes = 10