center_x = 89.59814145031342
center_y = 37.52331960608774
center_z = 173.59759534467307
size_x = 22
size_y = 22
size_z = 22
energy_range = 9
exhaustiveness = 32
num_modes = 10