center_x = 87.58364666666662
center_y = 35.1527533333333
center_z = 169.25290999999996
size_x = 22
size_y = 22
size_z = 22
energy_range = 9
exhaustiveness = 32
num_modes = 10