center_x = 89.89656565656553
center_y = 34.371270707070735
center_z = 167.0588747474745
size_x = 22
size_y = 22
size_z = 22
energy_range = 9
exhaustiveness = 32
num_modes = 10