center_x = 103.64208408408412
center_y = 43.21844294294295
center_z = 171.5606036036037
size_x = 22
size_y = 22
size_z = 22
energy_range = 9
exhaustiveness = 32
num_modes = 10