center_x = 109.67154777070064
center_y = 50.08367091295115
center_z = 174.03814225053085
size_x = 22
size_y = 22
size_z = 22
energy_range = 9
exhaustiveness = 32
num_modes = 10