center_x = 85.88456066176477
center_y = 33.08379044117653
center_z = 170.78759681372532
size_x = 22
size_y = 22
size_z = 22
energy_range = 9
exhaustiveness = 32
num_modes = 10