center_x = 113.96845851528386
center_y = 52.95937554585153
center_z = 168.7731091703058
size_x = 22
size_y = 22
size_z = 22
energy_range = 9
exhaustiveness = 32
num_modes = 10