center_x = 86.727358595194
center_y = 28.96278003696856
center_z = 173.16139926062863
size_x = 22
size_y = 22
size_z = 22
energy_range = 9
exhaustiveness = 32
num_modes = 10