center_x = 103.48987904599667
center_y = 34.45952810902891
center_z = 173.0543458262352
size_x = 22
size_y = 22
size_z = 22
energy_range = 9
exhaustiveness = 32
num_modes = 10