center_x = 88.81702201257858
center_y = 40.20617610062892
center_z = 170.96997484276733
size_x = 22
size_y = 22
size_z = 22
energy_range = 9
exhaustiveness = 32
num_modes = 10