center_x = 102.38249227373076
center_y = 45.239865342163306
center_z = 173.25543708609268
size_x = 22
size_y = 22
size_z = 22
energy_range = 9
exhaustiveness = 32
num_modes = 10