center_x = 107.84043478260875
center_y = 49.757959239130486
center_z = 173.69589130434775
size_x = 22
size_y = 22
size_z = 22
energy_range = 9
exhaustiveness = 32
num_modes = 10