center_x = 90.15670642201844
center_y = 35.153410550458744
center_z = 173.086254587156
size_x = 22
size_y = 22
size_z = 22
energy_range = 9
exhaustiveness = 32
num_modes = 10