center_x = 111.78948820059004
center_y = 45.257302359882026
center_z = 171.27295870206476
size_x = 22
size_y = 22
size_z = 22
energy_range = 9
exhaustiveness = 32
num_modes = 10