center_x = 84.4983457943925
center_y = 30.573732087227423
center_z = 175.7669750778817
size_x = 22
size_y = 22
size_z = 22
energy_range = 9
exhaustiveness = 32
num_modes = 10