center_x = 113.57695341098176
center_y = 53.674818635607366
center_z = 174.0492312811979
size_x = 22
size_y = 22
size_z = 22
energy_range = 9
exhaustiveness = 32
num_modes = 10