center_x = 114.2470136986301
center_y = 51.79731506849314
center_z = 169.42263926940635
size_x = 22
size_y = 22
size_z = 22
energy_range = 9
exhaustiveness = 32
num_modes = 10