center_x = 99.67512974683538
center_y = 37.671253164556965
center_z = 176.20115189873414
size_x = 22
size_y = 22
size_z = 22
energy_range = 9
exhaustiveness = 32
num_modes = 10