center_x = 88.24546778042945
center_y = 31.446176610978505
center_z = 173.86237947494033
size_x = 22
size_y = 22
size_z = 22
energy_range = 9
exhaustiveness = 32
num_modes = 10