center_x = 88.43802930402936
center_y = 35.79111172161173
center_z = 169.63159890109904
size_x = 22
size_y = 22
size_z = 22
energy_range = 9
exhaustiveness = 32
num_modes = 10