center_x = 95.3764464170432
center_y = 38.06990865074232
center_z = 170.14652130406705
size_x = 22
size_y = 22
size_z = 22
energy_range = 9
exhaustiveness = 32
num_modes = 10