center_x = 89.29973853211001
center_y = 37.22277981651379
center_z = 172.9423685015291
size_x = 22
size_y = 22
size_z = 22
energy_range = 9
exhaustiveness = 32
num_modes = 10