center_x = 89.05184654731451
center_y = 35.68572378516624
center_z = 172.68106905370843
size_x = 22
size_y = 22
size_z = 22
energy_range = 9
exhaustiveness = 32
num_modes = 10