center_x = 87.31971269487754
center_y = 31.735187082405357
center_z = 171.6131692650333
size_x = 22
size_y = 22
size_z = 22
energy_range = 9
exhaustiveness = 32
num_modes = 10