center_x = 86.25751167728241
center_y = 40.843492569002144
center_z = 167.15248407643324
size_x = 22
size_y = 22
size_z = 22
energy_range = 9
exhaustiveness = 32
num_modes = 10