center_x = 86.83993069306928
center_y = 36.54770627062706
center_z = 172.974303630363
size_x = 22
size_y = 22
size_z = 22
energy_range = 9
exhaustiveness = 32
num_modes = 10