center_x = 100.05344676409194
center_y = 43.77270772442589
center_z = 172.61937787056368
size_x = 22
size_y = 22
size_z = 22
energy_range = 9
exhaustiveness = 32
num_modes = 10