center_x = 91.12387985865736
center_y = 42.38338692579511
center_z = 168.05116784452292
size_x = 22
size_y = 22
size_z = 22
energy_range = 9
exhaustiveness = 32
num_modes = 10