center_x = 90.68381606765332
center_y = 32.91284989429173
center_z = 169.29071247357314
size_x = 22
size_y = 22
size_z = 22
energy_range = 9
exhaustiveness = 32
num_modes = 10