center_x = 88.32478289473698
center_y = 30.60015570175438
center_z = 167.53871271929845
size_x = 22
size_y = 22
size_z = 22
energy_range = 9
exhaustiveness = 32
num_modes = 10