center_x = 119.44078472222216
center_y = 53.97493055555557
center_z = 168.50962847222235
size_x = 22
size_y = 22
size_z = 22
energy_range = 9
exhaustiveness = 32
num_modes = 10