center_x = 49.57575862068965
center_y = -16.573057471264367
center_z = 21.343666666666667
size_x = 22
size_y = 22
size_z = 22
energy_range = 9
exhaustiveness = 32
num_modes = 10