center_x = 50.414743455497366
center_y = -19.473727748691097
center_z = 11.139921465968586
size_x = 22
size_y = 22
size_z = 22
energy_range = 9
exhaustiveness = 32
num_modes = 10