center_x = 34.32091946308725
center_y = -17.40432214765101
center_z = 7.984328859060407
size_x = 22
size_y = 22
size_z = 22
energy_range = 9
exhaustiveness = 32
num_modes = 10