center_x = 57.72781060606059
center_y = -16.59138636363636
center_z = 20.699787878787877
size_x = 22
size_y = 22
size_z = 22
energy_range = 9
exhaustiveness = 32
num_modes = 10