center_x = 33.61174390243904
center_y = 2.649926829268292
center_z = 17.191750000000003
size_x = 22
size_y = 22
size_z = 22
energy_range = 9
exhaustiveness = 32
num_modes = 10