center_x = 29.979810344827577
center_y = -8.237448275862066
center_z = 15.155517241379313
size_x = 22
size_y = 22
size_z = 22
energy_range = 9
exhaustiveness = 32
num_modes = 10