center_x = 21.213099476439783
center_y = 6.540502617801049
center_z = 6.931502617801046
size_x = 22
size_y = 22
size_z = 22
energy_range = 9
exhaustiveness = 32
num_modes = 10