center_x = 70.7886237623762
center_y = -14.535386138613866
center_z = 0.0993663366336638
size_x = 22
size_y = 22
size_z = 22
energy_range = 9
exhaustiveness = 32
num_modes = 10