center_x = 59.23216964285712
center_y = -8.036258928571424
center_z = 2.677928571428572
size_x = 22
size_y = 22
size_z = 22
energy_range = 9
exhaustiveness = 32
num_modes = 10