center_x = 62.053442424242455
center_y = -9.2802303030303
center_z = 10.847533333333336
size_x = 22
size_y = 22
size_z = 22
energy_range = 9
exhaustiveness = 32
num_modes = 10