center_x = 39.094176470588216
center_y = -13.19541176470588
center_z = 25.238011764705885
size_x = 22
size_y = 22
size_z = 22
energy_range = 9
exhaustiveness = 32
num_modes = 10