center_x = 42.534735177865606
center_y = -13.697501976284578
center_z = 1.506162055335968
size_x = 22
size_y = 22
size_z = 22
energy_range = 9
exhaustiveness = 32
num_modes = 10