center_x = 49.98546913580246
center_y = -0.9469753086419742
center_z = -0.7483333333333334
size_x = 22
size_y = 22
size_z = 22
energy_range = 9
exhaustiveness = 32
num_modes = 10