center_x = 59.16508396946567
center_y = -25.884870229007625
center_z = 23.25112213740458
size_x = 22
size_y = 22
size_z = 22
energy_range = 9
exhaustiveness = 32
num_modes = 10