center_x = 62.21482716049383
center_y = -25.71492592592591
center_z = -2.358851851851851
size_x = 22
size_y = 22
size_z = 22
energy_range = 9
exhaustiveness = 32
num_modes = 10