center_x = 45.44650684931506
center_y = -14.198746575342469
center_z = 11.334376712328767
size_x = 22
size_y = 22
size_z = 22
energy_range = 9
exhaustiveness = 32
num_modes = 10