center_x = 31.782793939393944
center_y = -13.312321212121214
center_z = -0.5107757575757573
size_x = 22
size_y = 22
size_z = 22
energy_range = 9
exhaustiveness = 32
num_modes = 10