center_x = 70.99192660550463
center_y = -26.629587155963318
center_z = 5.528073394495411
size_x = 22
size_y = 22
size_z = 22
energy_range = 9
exhaustiveness = 32
num_modes = 10