center_x = 55.91111538461537
center_y = -24.17367948717949
center_z = 5.050564102564103
size_x = 22
size_y = 22
size_z = 22
energy_range = 9
exhaustiveness = 32
num_modes = 10