center_x = 34.92651148225469
center_y = -7.562532359081418
center_z = 11.29426931106472
size_x = 22
size_y = 22
size_z = 22
energy_range = 9
exhaustiveness = 32
num_modes = 10