center_x = 19.990073529411767
center_y = 1.6962867647058824
center_z = -0.2856249999999996
size_x = 22
size_y = 22
size_z = 22
energy_range = 9
exhaustiveness = 32
num_modes = 10