center_x = 34.62897777777778
center_y = 9.569388888888888
center_z = 0.0475555555555553
size_x = 22
size_y = 22
size_z = 22
energy_range = 9
exhaustiveness = 32
num_modes = 10