center_x = 60.55726267281109
center_y = -15.537940092165902
center_z = 1.3594838709677413
size_x = 22
size_y = 22
size_z = 22
energy_range = 9
exhaustiveness = 32
num_modes = 10