center_x = 45.94125217391305
center_y = -2.7179913043478248
center_z = 25.65729565217392
size_x = 22
size_y = 22
size_z = 22
energy_range = 9
exhaustiveness = 32
num_modes = 10