center_x = 40.41889393939395
center_y = 8.058212121212122
center_z = 7.9108712121212115
size_x = 22
size_y = 22
size_z = 22
energy_range = 9
exhaustiveness = 32
num_modes = 10