center_x = 70.01446218487395
center_y = -23.0291848739496
center_z = 14.71400840336135
size_x = 22
size_y = 22
size_z = 22
energy_range = 9
exhaustiveness = 32
num_modes = 10