center_x = 66.25177777777782
center_y = -32.0830404040404
center_z = 10.9689090909091
size_x = 22
size_y = 22
size_z = 22
energy_range = 9
exhaustiveness = 32
num_modes = 10