center_x = 20.64658823529412
center_y = 4.789197361128128e-17
center_z = 3.6764705882508894e-05
size_x = 22
size_y = 22
size_z = 22
energy_range = 9
exhaustiveness = 32
num_modes = 10