center_x = 19.754894736842097
center_y = 7.011934892369408e-17
center_z = 2.687908375408273e-16
size_x = 22
size_y = 22
size_z = 22
energy_range = 9
exhaustiveness = 32
num_modes = 10