center_x = 38.79839639639639
center_y = 4.5045045045100096e-05
center_z = -0.000153153153153
size_x = 22
size_y = 22
size_z = 22
energy_range = 9
exhaustiveness = 32
num_modes = 10