center_x = 25.386596330275214
center_y = -3.422338864899565e-16
center_z = 6.111319401606367e-17
size_x = 22
size_y = 22
size_z = 22
energy_range = 9
exhaustiveness = 32
num_modes = 10