center_x = 33.5740740740741
center_y = -8.77213254024815e-17
center_z = -1.6447748512965278e-17
size_x = 22
size_y = 22
size_z = 22
energy_range = 9
exhaustiveness = 32
num_modes = 10