center_x = 22.009
center_y = 3.4160708450004823e-16
center_z = 1.298106921100183e-16
size_x = 22
size_y = 22
size_z = 22
energy_range = 9
exhaustiveness = 32
num_modes = 10