center_x = 29.18871940298513
center_y = 1.3432835821023291e-05
center_z = 1.3432835820814588e-05
size_x = 22
size_y = 22
size_z = 22
energy_range = 9
exhaustiveness = 32
num_modes = 10