center_x = 27.59916666666666
center_y = -3.000000000029276e-05
center_z = -3.3333333332545106e-05
size_x = 22
size_y = 22
size_z = 22
energy_range = 9
exhaustiveness = 32
num_modes = 10