center_x = 29.23466304347825
center_y = -3.623188406110461e-06
center_z = 5.148860404058697e-16
size_x = 22
size_y = 22
size_z = 22
energy_range = 9
exhaustiveness = 32
num_modes = 10