center_x = 34.941218750000004
center_y = -0.0001119791666661
center_z = 0.0002421874999998
size_x = 22
size_y = 22
size_z = 22
energy_range = 9
exhaustiveness = 32
num_modes = 10