center_x = 34.94121874999998
center_y = -0.0001119791666658
center_z = 0.0002421875
size_x = 22
size_y = 22
size_z = 22
energy_range = 9
exhaustiveness = 32
num_modes = 10