center_x = 20.646588235294114
center_y = 3.0476710479906263e-16
center_z = 3.676470588270917e-05
size_x = 22
size_y = 22
size_z = 22
energy_range = 9
exhaustiveness = 32
num_modes = 10