center_x = 22.008999999999997
center_y = 3.1427851774004433e-16
center_z = 8.198570028001155e-17
size_x = 22
size_y = 22
size_z = 22
energy_range = 9
exhaustiveness = 32
num_modes = 10