center_x = 25.38659633027522
center_y = -1.385232397697443e-15
center_z = 6.111319401606367e-17
size_x = 22
size_y = 22
size_z = 22
energy_range = 9
exhaustiveness = 32
num_modes = 10