center_x = 39.01591111111112
center_y = 5.23038402712296e-16
center_z = -1.973729821555834e-17
size_x = 22
size_y = 22
size_z = 22
energy_range = 9
exhaustiveness = 32
num_modes = 10