center_x = 28.35594718309859
center_y = -0.0001161971830995
center_z = 0.000288732394366
size_x = 22
size_y = 22
size_z = 22
energy_range = 9
exhaustiveness = 32
num_modes = 10