center_x = 29.960174311926604
center_y = 0.0003256880733941
center_z = 0.0002614678899081
size_x = 22
size_y = 22
size_z = 22
energy_range = 9
exhaustiveness = 32
num_modes = 10