center_x = 4.544508000000004
center_y = -0.0061800000000007
center_z = -0.002708
size_x = 22
size_y = 22
size_z = 22
energy_range = 9
exhaustiveness = 32
num_modes = 10