center_x = 11.0962752293578
center_y = 1.40152924943506e-15
center_z = 3.211009174301591e-05
size_x = 22
size_y = 22
size_z = 22
energy_range = 9
exhaustiveness = 32
num_modes = 10