center_x = 24.370600877193
center_y = 1.3244765907808884e-16
center_z = 8.881784197001252e-16
size_x = 22
size_y = 22
size_z = 22
energy_range = 9
exhaustiveness = 32
num_modes = 10