center_x = 40.35044155844158
center_y = -6.493506493848938e-06
center_z = 2.1916090875717376e-16
size_x = 22
size_y = 22
size_z = 22
energy_range = 9
exhaustiveness = 32
num_modes = 10