center_x = 33.57407407407407
center_y = -2.412336448568241e-16
center_z = 1.0965165675310187e-16
size_x = 22
size_y = 22
size_z = 22
energy_range = 9
exhaustiveness = 32
num_modes = 10