center_x = 30.162976635514013
center_y = -2.8222491840938557e-16
center_z = 4.672897196200988e-06
size_x = 22
size_y = 22
size_z = 22
energy_range = 9
exhaustiveness = 32
num_modes = 10