center_x = 27.599166666666648
center_y = -3.0000000000198017e-05
center_z = -3.3333333332734584e-05
size_x = 22
size_y = 22
size_z = 22
energy_range = 9
exhaustiveness = 32
num_modes = 10