center_x = -4.182126436781611
center_y = 10.570637931034478
center_z = 39.92533908045975
size_x = 22
size_y = 22
size_z = 22
energy_range = 9
exhaustiveness = 32
num_modes = 10