center_x = -7.874772117962463
center_y = 0.8032520107238608
center_z = 38.09490348525469
size_x = 22
size_y = 22
size_z = 22
energy_range = 9
exhaustiveness = 32
num_modes = 10