center_x = -6.698666666666665
center_y = 3.22776131687243
center_z = 37.8219423868312
size_x = 22
size_y = 22
size_z = 22
energy_range = 9
exhaustiveness = 32
num_modes = 10