center_x = -8.589921052631574
center_y = -2.919920175438597
center_z = 35.87354035087714
size_x = 22
size_y = 22
size_z = 22
energy_range = 9
exhaustiveness = 32
num_modes = 10