center_x = -8.57245224719101
center_y = -2.6211198501872683
center_z = 36.000381086142305
size_x = 22
size_y = 22
size_z = 22
energy_range = 9
exhaustiveness = 32
num_modes = 10