center_x = -16.43489007092199
center_y = -24.77208510638297
center_z = 29.576797872340435
size_x = 22
size_y = 22
size_z = 22
energy_range = 9
exhaustiveness = 32
num_modes = 10