center_x = -4.908223918575064
center_y = 8.093893129770986
center_z = 39.16974300254452
size_x = 22
size_y = 22
size_z = 22
energy_range = 9
exhaustiveness = 32
num_modes = 10