center_x = -3.54899118942731
center_y = 16.34256387665199
center_z = 41.046363436123336
size_x = 22
size_y = 22
size_z = 22
energy_range = 9
exhaustiveness = 32
num_modes = 10