center_x = -7.468067641681898
center_y = 1.8241645338208392
center_z = 37.65107861060336
size_x = 22
size_y = 22
size_z = 22
energy_range = 9
exhaustiveness = 32
num_modes = 10