center_x = -10.540885350318469
center_y = -7.503570063694265
center_z = 35.17732961783439
size_x = 22
size_y = 22
size_z = 22
energy_range = 9
exhaustiveness = 32
num_modes = 10