center_x = -3.548991189427314
center_y = 16.34256387665198
center_z = 41.04636343612336
size_x = 22
size_y = 22
size_z = 22
energy_range = 9
exhaustiveness = 32
num_modes = 10