center_x = -6.771239631336404
center_y = 2.810655913978498
center_z = 37.664777265745016
size_x = 22
size_y = 22
size_z = 22
energy_range = 9
exhaustiveness = 32
num_modes = 10