center_x = -14.071854291417171
center_y = -18.308483033932124
center_z = 31.54452095808385
size_x = 22
size_y = 22
size_z = 22
energy_range = 9
exhaustiveness = 32
num_modes = 10