center_x = -6.181281415929201
center_y = 5.183513274336285
center_z = 39.06484601769915
size_x = 22
size_y = 22
size_z = 22
energy_range = 9
exhaustiveness = 32
num_modes = 10