center_x = -14.580563157894735
center_y = -19.61889649122808
center_z = 31.09173859649121
size_x = 22
size_y = 22
size_z = 22
energy_range = 9
exhaustiveness = 32
num_modes = 10