center_x = -16.93109219858156
center_y = -25.974929078014192
center_z = 29.18404255319149
size_x = 22
size_y = 22
size_z = 22
energy_range = 9
exhaustiveness = 32
num_modes = 10