center_x = -16.7287301980198
center_y = -27.350282178217807
center_z = 28.68773514851487
size_x = 22
size_y = 22
size_z = 22
energy_range = 9
exhaustiveness = 32
num_modes = 10