center_x = -3.446342639593908
center_y = 17.138022842639593
center_z = 41.18434771573603
size_x = 22
size_y = 22
size_z = 22
energy_range = 9
exhaustiveness = 32
num_modes = 10