center_x = -18.30303231292516
center_y = -30.30802721088435
center_z = 28.172993197278934
size_x = 22
size_y = 22
size_z = 22
energy_range = 9
exhaustiveness = 32
num_modes = 10