center_x = -4.717381750465547
center_y = 8.78979329608938
center_z = 39.41792364990688
size_x = 22
size_y = 22
size_z = 22
energy_range = 9
exhaustiveness = 32
num_modes = 10