center_x = -4.849864864864861
center_y = 8.094933933933923
center_z = 39.18357057057059
size_x = 22
size_y = 22
size_z = 22
energy_range = 9
exhaustiveness = 32
num_modes = 10