center_x = -4.661640883977907
center_y = 8.637349907918964
center_z = 39.352860036832425
size_x = 22
size_y = 22
size_z = 22
energy_range = 9
exhaustiveness = 32
num_modes = 10