center_x = -1.999230215827338
center_y = 16.846637889688267
center_z = 41.88699040767387
size_x = 22
size_y = 22
size_z = 22
energy_range = 9
exhaustiveness = 32
num_modes = 10