center_x = -10.19507407407407
center_y = -7.701935802469132
center_z = 34.37448395061728
size_x = 22
size_y = 22
size_z = 22
energy_range = 9
exhaustiveness = 32
num_modes = 10