center_x = -15.03733978494624
center_y = -20.92785591397847
center_z = 30.71120430107527
size_x = 22
size_y = 22
size_z = 22
energy_range = 9
exhaustiveness = 32
num_modes = 10