center_x = -13.69690269151138
center_y = -16.8837536231884
center_z = 31.935436853002063
size_x = 22
size_y = 22
size_z = 22
energy_range = 9
exhaustiveness = 32
num_modes = 10