center_x = -7.717860730593609
center_y = -0.9707397260273976
center_z = 36.527600456621016
size_x = 22
size_y = 22
size_z = 22
energy_range = 9
exhaustiveness = 32
num_modes = 10