center_x = -2.465968824940048
center_y = 15.373124700239805
center_z = 41.443645083932864
size_x = 22
size_y = 22
size_z = 22
energy_range = 9
exhaustiveness = 32
num_modes = 10