center_x = -16.277289156626505
center_y = -25.69713769363167
center_z = 29.272149741824425
size_x = 22
size_y = 22
size_z = 22
energy_range = 9
exhaustiveness = 32
num_modes = 10