center_x = -11.26761552028218
center_y = -10.48828747795416
center_z = 33.73309700176367
size_x = 22
size_y = 22
size_z = 22
energy_range = 9
exhaustiveness = 32
num_modes = 10