center_x = -8.54106329113924
center_y = -2.040243670886075
center_z = 37.26292088607594
size_x = 22
size_y = 22
size_z = 22
energy_range = 9
exhaustiveness = 32
num_modes = 10