center_x = -8.823993031358885
center_y = -3.329566782810685
center_z = 35.77626132404183
size_x = 22
size_y = 22
size_z = 22
energy_range = 9
exhaustiveness = 32
num_modes = 10