center_x = -8.514613382899633
center_y = -1.4662639405204458
center_z = 37.161076208178464
size_x = 22
size_y = 22
size_z = 22
energy_range = 9
exhaustiveness = 32
num_modes = 10