center_x = -23.48447368421052
center_y = -49.16208133971293
center_z = -25.17459808612441
size_x = 22
size_y = 22
size_z = 22
energy_range = 9
exhaustiveness = 32
num_modes = 10