center_x = -8.458999999999996
center_y = -67.16048511904765
center_z = -13.57074107142856
size_x = 22
size_y = 22
size_z = 22
energy_range = 9
exhaustiveness = 32
num_modes = 10