center_x = -17.30606040268457
center_y = -32.49757046979866
center_z = -17.01700671140939
size_x = 22
size_y = 22
size_z = 22
energy_range = 9
exhaustiveness = 32
num_modes = 10