center_x = -10.363767441860462
center_y = -116.15967441860458
center_z = -15.570689922480623
size_x = 22
size_y = 22
size_z = 22
energy_range = 9
exhaustiveness = 32
num_modes = 10