center_x = -17.57141176470589
center_y = -65.46961497326205
center_z = -16.453925133689843
size_x = 22
size_y = 22
size_z = 22
energy_range = 9
exhaustiveness = 32
num_modes = 10