center_x = -24.983574585635356
center_y = -68.33906077348067
center_z = -29.114392265193366
size_x = 22
size_y = 22
size_z = 22
energy_range = 9
exhaustiveness = 32
num_modes = 10