center_x = -10.925331877729258
center_y = -67.67084716157207
center_z = -33.69689082969431
size_x = 22
size_y = 22
size_z = 22
energy_range = 9
exhaustiveness = 32
num_modes = 10