center_x = -19.77806060606061
center_y = -59.09339393939395
center_z = -11.18476767676768
size_x = 22
size_y = 22
size_z = 22
energy_range = 9
exhaustiveness = 32
num_modes = 10