center_x = -14.697531428571432
center_y = -57.24642285714288
center_z = -36.145491428571454
size_x = 22
size_y = 22
size_z = 22
energy_range = 9
exhaustiveness = 32
num_modes = 10