center_x = -32.320195121951215
center_y = -106.66389024390244
center_z = 4.053439024390244
size_x = 22
size_y = 22
size_z = 22
energy_range = 9
exhaustiveness = 32
num_modes = 10