center_x = -24.15712666666665
center_y = -60.26132666666667
center_z = -40.90454
size_x = 22
size_y = 22
size_z = 22
energy_range = 9
exhaustiveness = 32
num_modes = 10