center_x = -12.858802325581395
center_y = -56.65543023255812
center_z = -9.255093023255816
size_x = 22
size_y = 22
size_z = 22
energy_range = 9
exhaustiveness = 32
num_modes = 10