center_x = -7.775246913580248
center_y = -44.09546913580245
center_z = -29.849913580246923
size_x = 22
size_y = 22
size_z = 22
energy_range = 9
exhaustiveness = 32
num_modes = 10