center_x = 1.5534733333333337
center_y = -85.40882666666667
center_z = -24.07211333333335
size_x = 22
size_y = 22
size_z = 22
energy_range = 9
exhaustiveness = 32
num_modes = 10