center_x = -30.107903846153857
center_y = -90.8428557692308
center_z = -9.492249999999997
size_x = 22
size_y = 22
size_z = 22
energy_range = 9
exhaustiveness = 32
num_modes = 10