center_x = -40.27291891891892
center_y = -49.87493918918919
center_z = -24.269905405405403
size_x = 22
size_y = 22
size_z = 22
energy_range = 9
exhaustiveness = 32
num_modes = 10