center_x = -25.77288764044944
center_y = -112.90717977528094
center_z = 3.168078651685394
size_x = 22
size_y = 22
size_z = 22
energy_range = 9
exhaustiveness = 32
num_modes = 10