center_x = -45.51028915662649
center_y = -53.500819277108434
center_z = -36.90973493975903
size_x = 22
size_y = 22
size_z = 22
energy_range = 9
exhaustiveness = 32
num_modes = 10