center_x = -18.869875816993464
center_y = -100.40961437908496
center_z = -22.69187581699346
size_x = 22
size_y = 22
size_z = 22
energy_range = 9
exhaustiveness = 32
num_modes = 10