center_x = -9.787853658536584
center_y = -56.87096951219517
center_z = -27.788774390243905
size_x = 22
size_y = 22
size_z = 22
energy_range = 9
exhaustiveness = 32
num_modes = 10