center_x = -9.322176470588238
center_y = -47.26816666666666
center_z = -15.586088235294111
size_x = 22
size_y = 22
size_z = 22
energy_range = 9
exhaustiveness = 32
num_modes = 10