center_x = -22.62846363636364
center_y = -68.42089090909093
center_z = -21.0718
size_x = 22
size_y = 22
size_z = 22
energy_range = 9
exhaustiveness = 32
num_modes = 10