center_x = -16.313580645161284
center_y = -53.19503870967739
center_z = -10.497058064516132
size_x = 22
size_y = 22
size_z = 22
energy_range = 9
exhaustiveness = 32
num_modes = 10