center_x = -19.555827868852464
center_y = -75.52378688524588
center_z = -13.532090163934436
size_x = 22
size_y = 22
size_z = 22
energy_range = 9
exhaustiveness = 32
num_modes = 10