center_x = -29.334121739130435
center_y = -56.70657391304346
center_z = -15.85265217391305
size_x = 22
size_y = 22
size_z = 22
energy_range = 9
exhaustiveness = 32
num_modes = 10