center_x = -27.83716666666665
center_y = -88.11934615384612
center_z = -21.364435897435904
size_x = 22
size_y = 22
size_z = 22
energy_range = 9
exhaustiveness = 32
num_modes = 10