center_x = -9.967218390804598
center_y = -31.724034482758626
center_z = -22.132264367816106
size_x = 22
size_y = 22
size_z = 22
energy_range = 9
exhaustiveness = 32
num_modes = 10