center_x = -34.82679130434784
center_y = -48.70519130434781
center_z = -26.138034782608692
size_x = 22
size_y = 22
size_z = 22
energy_range = 9
exhaustiveness = 32
num_modes = 10