center_x = -6.84164705882353
center_y = -52.40234117647057
center_z = -19.41796470588236
size_x = 22
size_y = 22
size_z = 22
energy_range = 9
exhaustiveness = 32
num_modes = 10