center_x = -24.140097345132745
center_y = -97.64657522123892
center_z = 1.048955752212389
size_x = 22
size_y = 22
size_z = 22
energy_range = 9
exhaustiveness = 32
num_modes = 10