center_x = -28.97111740890692
center_y = -74.24472064777326
center_z = -21.14411740890688
size_x = 22
size_y = 22
size_z = 22
energy_range = 9
exhaustiveness = 32
num_modes = 10