center_x = -20.10532743362832
center_y = -121.8165663716814
center_z = -15.131805309734515
size_x = 22
size_y = 22
size_z = 22
energy_range = 9
exhaustiveness = 32
num_modes = 10