center_x = -18.140389189189197
center_y = -57.20052972972972
center_z = -45.21368108108108
size_x = 22
size_y = 22
size_z = 22
energy_range = 9
exhaustiveness = 32
num_modes = 10