center_x = -44.67678125
center_y = -62.69122916666665
center_z = -32.77177083333333
size_x = 22
size_y = 22
size_z = 22
energy_range = 9
exhaustiveness = 32
num_modes = 10