center_x = -0.977712418300654
center_y = -75.64262745098041
center_z = -21.197784313725485
size_x = 22
size_y = 22
size_z = 22
energy_range = 9
exhaustiveness = 32
num_modes = 10