center_x = -33.24583999999999
center_y = -63.40081600000002
center_z = -39.034008000000014
size_x = 22
size_y = 22
size_z = 22
energy_range = 9
exhaustiveness = 32
num_modes = 10