center_x = -35.54519512195121
center_y = -77.95717073170732
center_z = -25.23119512195121
size_x = 22
size_y = 22
size_z = 22
energy_range = 9
exhaustiveness = 32
num_modes = 10