center_x = -7.284973684210524
center_y = -67.89952631578949
center_z = -24.37693859649121
size_x = 22
size_y = 22
size_z = 22
energy_range = 9
exhaustiveness = 32
num_modes = 10