center_x = -10.887657303370784
center_y = -115.06014606741576
center_z = -3.0272640449438186
size_x = 22
size_y = 22
size_z = 22
energy_range = 9
exhaustiveness = 32
num_modes = 10