center_x = -20.15517247097841
center_y = -95.50251243781096
center_z = -7.595862354892211
size_x = 22
size_y = 22
size_z = 22
energy_range = 9
exhaustiveness = 32
num_modes = 10