center_x = -19.92984924623115
center_y = 14.483341708542705
center_z = -21.29168341708541
size_x = 22
size_y = 22
size_z = 22
energy_range = 9
exhaustiveness = 32
num_modes = 10