center_x = -17.22689743589742
center_y = 14.248166666666677
center_z = -18.80763313609465
size_x = 22
size_y = 22
size_z = 22
energy_range = 9
exhaustiveness = 32
num_modes = 10