center_x = -11.30954666666667
center_y = 11.698123333333337
center_z = -13.555386666666658
size_x = 22
size_y = 22
size_z = 22
energy_range = 9
exhaustiveness = 32
num_modes = 10