center_x = -25.38128229665069
center_y = 15.508358851674632
center_z = -25.470822966507185
size_x = 22
size_y = 22
size_z = 22
energy_range = 9
exhaustiveness = 32
num_modes = 10