center_x = -16.873491649269322
center_y = 14.096684759916496
center_z = -18.476216075156568
size_x = 22
size_y = 22
size_z = 22
energy_range = 9
exhaustiveness = 32
num_modes = 10