center_x = -12.134650259067364
center_y = 12.18537823834196
center_z = -14.005012953367888
size_x = 22
size_y = 22
size_z = 22
energy_range = 9
exhaustiveness = 32
num_modes = 10