center_x = -13.475177018633527
center_y = 12.584509316770184
center_z = -15.52031055900621
size_x = 22
size_y = 22
size_z = 22
energy_range = 9
exhaustiveness = 32
num_modes = 10