center_x = -23.43465495207669
center_y = 15.088297124600643
center_z = -24.929468051118207
size_x = 22
size_y = 22
size_z = 22
energy_range = 9
exhaustiveness = 32
num_modes = 10