center_x = -24.871541666666648
center_y = 15.643162037037028
center_z = -25.18411574074073
size_x = 22
size_y = 22
size_z = 22
energy_range = 9
exhaustiveness = 32
num_modes = 10