center_x = -14.44540821256038
center_y = 13.05551449275361
center_z = -16.477217391304336
size_x = 22
size_y = 22
size_z = 22
energy_range = 9
exhaustiveness = 32
num_modes = 10