center_x = -14.90626744186046
center_y = 13.269470930232556
center_z = -16.877505813953494
size_x = 22
size_y = 22
size_z = 22
energy_range = 9
exhaustiveness = 32
num_modes = 10