center_x = -13.078307999999996
center_y = 12.440036000000005
center_z = -15.195036000000002
size_x = 22
size_y = 22
size_z = 22
energy_range = 9
exhaustiveness = 32
num_modes = 10