center_x = -26.340157342657346
center_y = 18.2111888111888
center_z = -27.39739160839161
size_x = 22
size_y = 22
size_z = 22
energy_range = 9
exhaustiveness = 32
num_modes = 10