center_x = -20.461884259259257
center_y = 15.594842592592592
center_z = -21.856152777777773
size_x = 22
size_y = 22
size_z = 22
energy_range = 9
exhaustiveness = 32
num_modes = 10