center_x = -11.541583793738493
center_y = 11.699716390423577
center_z = -13.670988950276232
size_x = 22
size_y = 22
size_z = 22
energy_range = 9
exhaustiveness = 32
num_modes = 10