center_x = 8.481208333333335
center_y = 190.48359374999995
center_z = 77.03962499999999
size_x = 22
size_y = 22
size_z = 22
energy_range = 9
exhaustiveness = 32
num_modes = 10