center_x = 6.241387596899225
center_y = 212.69026356589157
center_z = 103.50572868217054
size_x = 22
size_y = 22
size_z = 22
energy_range = 9
exhaustiveness = 32
num_modes = 10