center_x = 13.840628742514973
center_y = 228.55217365269468
center_z = 85.58434730538919
size_x = 22
size_y = 22
size_z = 22
energy_range = 9
exhaustiveness = 32
num_modes = 10