center_x = 16.844479553903337
center_y = 222.71331970260204
center_z = 95.6393977695167
size_x = 22
size_y = 22
size_z = 22
energy_range = 9
exhaustiveness = 32
num_modes = 10