center_x = 6.624186746987955
center_y = 192.455
center_z = 94.76464457831322
size_x = 22
size_y = 22
size_z = 22
energy_range = 9
exhaustiveness = 32
num_modes = 10