center_x = -10.282103174603176
center_y = 222.3965714285714
center_z = 68.34705555555554
size_x = 22
size_y = 22
size_z = 22
energy_range = 9
exhaustiveness = 32
num_modes = 10