center_x = -10.254619999999996
center_y = 220.27649000000008
center_z = 89.86412999999999
size_x = 22
size_y = 22
size_z = 22
energy_range = 9
exhaustiveness = 32
num_modes = 10