center_x = 6.872724137931036
center_y = 218.55919310344828
center_z = 65.39020000000001
size_x = 22
size_y = 22
size_z = 22
energy_range = 9
exhaustiveness = 32
num_modes = 10