center_x = 20.318389380530977
center_y = 217.30188495575223
center_z = 65.86289380530972
size_x = 22
size_y = 22
size_z = 22
energy_range = 9
exhaustiveness = 32
num_modes = 10