center_x = -13.325628205128206
center_y = 201.09748717948727
center_z = 71.10117307692308
size_x = 22
size_y = 22
size_z = 22
energy_range = 9
exhaustiveness = 32
num_modes = 10