center_x = 1.3353506493506484
center_y = 225.95287662337677
center_z = 94.50724025974026
size_x = 22
size_y = 22
size_z = 22
energy_range = 9
exhaustiveness = 32
num_modes = 10