center_x = 13.176689075630252
center_y = 226.59183193277315
center_z = 102.67994957983196
size_x = 22
size_y = 22
size_z = 22
energy_range = 9
exhaustiveness = 32
num_modes = 10