center_x = 12.657054794520551
center_y = 212.7946986301371
center_z = 61.81732420091328
size_x = 22
size_y = 22
size_z = 22
energy_range = 9
exhaustiveness = 32
num_modes = 10