center_x = -3.426875000000001
center_y = 197.77074375000004
center_z = 84.36041249999997
size_x = 22
size_y = 22
size_z = 22
energy_range = 9
exhaustiveness = 32
num_modes = 10