center_x = -3.482203488372096
center_y = 202.50041279069765
center_z = 67.61443604651163
size_x = 22
size_y = 22
size_z = 22
energy_range = 9
exhaustiveness = 32
num_modes = 10