center_x = 19.07765068493151
center_y = 217.35791095890403
center_z = 108.58774657534248
size_x = 22
size_y = 22
size_z = 22
energy_range = 9
exhaustiveness = 32
num_modes = 10