center_x = 2.854161616161615
center_y = 193.32786868686875
center_z = 73.10774747474746
size_x = 22
size_y = 22
size_z = 22
energy_range = 9
exhaustiveness = 32
num_modes = 10