center_x = 2.817471264367815
center_y = 238.56289655172404
center_z = 92.9397471264368
size_x = 22
size_y = 22
size_z = 22
energy_range = 9
exhaustiveness = 32
num_modes = 10