center_x = -8.481543859649118
center_y = 225.68328947368417
center_z = 75.70810526315786
size_x = 22
size_y = 22
size_z = 22
energy_range = 9
exhaustiveness = 32
num_modes = 10