center_x = -4.583057301293899
center_y = 212.74416635859492
center_z = 80.94085767097961
size_x = 22
size_y = 22
size_z = 22
energy_range = 9
exhaustiveness = 32
num_modes = 10