center_x = 11.851957446808507
center_y = 190.17067021276588
center_z = 72.7575744680851
size_x = 22
size_y = 22
size_z = 22
energy_range = 9
exhaustiveness = 32
num_modes = 10