center_x = -2.029856557377049
center_y = 224.7905122950821
center_z = 73.60251229508195
size_x = 22
size_y = 22
size_z = 22
energy_range = 9
exhaustiveness = 32
num_modes = 10