center_x = 30.29179156908664
center_y = 83.88374238875885
center_z = 261.1215597189695
size_x = 22
size_y = 22
size_z = 22
energy_range = 9
exhaustiveness = 32
num_modes = 10