center_x = 30.894794117647063
center_y = 79.15391176470588
center_z = 252.18527941176464
size_x = 22
size_y = 22
size_z = 22
energy_range = 9
exhaustiveness = 32
num_modes = 10