center_x = 21.057768000000003
center_y = 102.627296
center_z = 260.24087999999995
size_x = 22
size_y = 22
size_z = 22
energy_range = 9
exhaustiveness = 32
num_modes = 10