center_x = 17.825896825396836
center_y = 102.44846825396824
center_z = 245.17885714285708
size_x = 22
size_y = 22
size_z = 22
energy_range = 9
exhaustiveness = 32
num_modes = 10