center_x = 29.24015942028985
center_y = 87.6300507246377
center_z = 246.27697101449283
size_x = 22
size_y = 22
size_z = 22
energy_range = 9
exhaustiveness = 32
num_modes = 10