center_x = 55.7404608695652
center_y = 105.3031739130435
center_z = 289.39768695652174
size_x = 22
size_y = 22
size_z = 22
energy_range = 9
exhaustiveness = 32
num_modes = 10