center_x = 22.57493706293707
center_y = 106.29216783216786
center_z = 245.67153846153852
size_x = 22
size_y = 22
size_z = 22
energy_range = 9
exhaustiveness = 32
num_modes = 10