center_x = 53.31715238095239
center_y = 117.01857142857148
center_z = 297.79047619047617
size_x = 22
size_y = 22
size_z = 22
energy_range = 9
exhaustiveness = 32
num_modes = 10