center_x = 28.177154362416104
center_y = 94.65354362416106
center_z = 234.9094295302013
size_x = 22
size_y = 22
size_z = 22
energy_range = 9
exhaustiveness = 32
num_modes = 10