center_x = 46.320890710382535
center_y = 84.61548633879782
center_z = 265.88751912568307
size_x = 22
size_y = 22
size_z = 22
energy_range = 9
exhaustiveness = 32
num_modes = 10