center_x = 41.7487175572519
center_y = 91.53435877862596
center_z = 280.82984732824434
size_x = 22
size_y = 22
size_z = 22
energy_range = 9
exhaustiveness = 32
num_modes = 10