center_x = 19.34333333333334
center_y = 100.16052000000002
center_z = 234.5143333333333
size_x = 22
size_y = 22
size_z = 22
energy_range = 9
exhaustiveness = 32
num_modes = 10