center_x = 43.52339419087141
center_y = 83.29521161825731
center_z = 273.5417302904564
size_x = 22
size_y = 22
size_z = 22
energy_range = 9
exhaustiveness = 32
num_modes = 10