center_x = 52.057527624309415
center_y = 80.81948618784537
center_z = 265.69472375690594
size_x = 22
size_y = 22
size_z = 22
energy_range = 9
exhaustiveness = 32
num_modes = 10