center_x = 48.75433333333331
center_y = 93.1870787878788
center_z = 249.44924848484845
size_x = 22
size_y = 22
size_z = 22
energy_range = 9
exhaustiveness = 32
num_modes = 10