center_x = 47.8733734939759
center_y = 87.99263855421685
center_z = 281.9914578313254
size_x = 22
size_y = 22
size_z = 22
energy_range = 9
exhaustiveness = 32
num_modes = 10