center_x = 71.93918461538459
center_y = 119.0980692307692
center_z = 283.50213076923086
size_x = 22
size_y = 22
size_z = 22
energy_range = 9
exhaustiveness = 32
num_modes = 10