center_x = 35.13803418803418
center_y = 89.39511111111112
center_z = 272.2037863247862
size_x = 22
size_y = 22
size_z = 22
energy_range = 9
exhaustiveness = 32
num_modes = 10