center_x = 55.16382178217822
center_y = 119.35846534653466
center_z = 262.4208613861386
size_x = 22
size_y = 22
size_z = 22
energy_range = 9
exhaustiveness = 32
num_modes = 10