center_x = 35.6533108108108
center_y = 102.4641486486487
center_z = 244.0892432432432
size_x = 22
size_y = 22
size_z = 22
energy_range = 9
exhaustiveness = 32
num_modes = 10