center_x = 32.272060344827594
center_y = 108.41858620689656
center_z = 273.9949137931034
size_x = 22
size_y = 22
size_z = 22
energy_range = 9
exhaustiveness = 32
num_modes = 10