center_x = 29.441981651376143
center_y = 98.37583486238536
center_z = 266.27722935779826
size_x = 22
size_y = 22
size_z = 22
energy_range = 9
exhaustiveness = 32
num_modes = 10