center_x = 64.70476515151518
center_y = 91.4512424242424
center_z = 274.11979545454534
size_x = 22
size_y = 22
size_z = 22
energy_range = 9
exhaustiveness = 32
num_modes = 10