center_x = 34.75557894736844
center_y = 107.06744044321336
center_z = 262.18972299168973
size_x = 22
size_y = 22
size_z = 22
energy_range = 9
exhaustiveness = 32
num_modes = 10