center_x = 62.60463135593224
center_y = 110.31227118644068
center_z = 277.22895762711863
size_x = 22
size_y = 22
size_z = 22
energy_range = 9
exhaustiveness = 32
num_modes = 10