center_x = 42.38182786885245
center_y = 112.15161475409832
center_z = 292.54057377049185
size_x = 22
size_y = 22
size_z = 22
energy_range = 9
exhaustiveness = 32
num_modes = 10