center_x = 35.95934285714284
center_y = 107.11426666666668
center_z = 250.40872380952385
size_x = 22
size_y = 22
size_z = 22
energy_range = 9
exhaustiveness = 32
num_modes = 10