center_x = 40.706060344827605
center_y = 77.27224137931034
center_z = 255.2782586206896
size_x = 22
size_y = 22
size_z = 22
energy_range = 9
exhaustiveness = 32
num_modes = 10