center_x = -3.5962608695652163
center_y = 23.17589130434783
center_z = 35.79879347826086
size_x = 22
size_y = 22
size_z = 22
energy_range = 9
exhaustiveness = 32
num_modes = 10