center_x = 9.386937499999997
center_y = 28.980395833333336
center_z = 46.72443749999997
size_x = 22
size_y = 22
size_z = 22
energy_range = 9
exhaustiveness = 32
num_modes = 10