center_x = -6.797198910081741
center_y = 21.541896457765663
center_z = 26.74594005449593
size_x = 22
size_y = 22
size_z = 22
energy_range = 9
exhaustiveness = 32
num_modes = 10