center_x = -6.391965986394561
center_y = 33.345340136054425
center_z = 35.94569387755102
size_x = 22
size_y = 22
size_z = 22
energy_range = 9
exhaustiveness = 32
num_modes = 10