center_x = -20.379298387096775
center_y = 24.749298387096776
center_z = -7.624983870967742
size_x = 22
size_y = 22
size_z = 22
energy_range = 9
exhaustiveness = 32
num_modes = 10