center_x = 6.560965909090911
center_y = 45.9235340909091
center_z = 14.717704545454543
size_x = 22
size_y = 22
size_z = 22
energy_range = 9
exhaustiveness = 32
num_modes = 10