center_x = 11.094359154929576
center_y = 36.87866901408451
center_z = 10.927732394366195
size_x = 22
size_y = 22
size_z = 22
energy_range = 9
exhaustiveness = 32
num_modes = 10