center_x = 6.342692913385829
center_y = 11.607834645669294
center_z = 34.65136220472441
size_x = 22
size_y = 22
size_z = 22
energy_range = 9
exhaustiveness = 32
num_modes = 10