center_x = -20.672947368421045
center_y = 32.314673684210526
center_z = -7.76676842105263
size_x = 22
size_y = 22
size_z = 22
energy_range = 9
exhaustiveness = 32
num_modes = 10