center_x = -23.517148936170205
center_y = 32.919101063829785
center_z = 5.97845744680851
size_x = 22
size_y = 22
size_z = 22
energy_range = 9
exhaustiveness = 32
num_modes = 10