center_x = -15.83023762376237
center_y = 39.186148514851496
center_z = 3.888534653465346
size_x = 22
size_y = 22
size_z = 22
energy_range = 9
exhaustiveness = 32
num_modes = 10