center_x = -5.210470149253736
center_y = 39.81193532338308
center_z = 19.54108706467662
size_x = 22
size_y = 22
size_z = 22
energy_range = 9
exhaustiveness = 32
num_modes = 10