center_x = -23.778007575757574
center_y = 25.84822727272727
center_z = 6.110954545454545
size_x = 22
size_y = 22
size_z = 22
energy_range = 9
exhaustiveness = 32
num_modes = 10