center_x = -20.45022222222222
center_y = 21.80486666666667
center_z = 11.405007407407409
size_x = 22
size_y = 22
size_z = 22
energy_range = 9
exhaustiveness = 32
num_modes = 10