center_x = 25.731285714285715
center_y = 53.06985714285717
center_z = 34.91028571428572
size_x = 22
size_y = 22
size_z = 22
energy_range = 9
exhaustiveness = 32
num_modes = 10