center_x = 6.576212765957446
center_y = 15.79753723404255
center_z = 24.06442553191489
size_x = 22
size_y = 22
size_z = 22
energy_range = 9
exhaustiveness = 32
num_modes = 10