center_x = -20.13301980198019
center_y = 35.608089108910896
center_z = 16.687603960396046
size_x = 22
size_y = 22
size_z = 22
energy_range = 9
exhaustiveness = 32
num_modes = 10