center_x = 6.508068181818181
center_y = 6.0678863636363625
center_z = 20.741397727272727
size_x = 22
size_y = 22
size_z = 22
energy_range = 9
exhaustiveness = 32
num_modes = 10