center_x = -11.28591712707182
center_y = 27.27595027624309
center_z = -8.867022099447512
size_x = 22
size_y = 22
size_z = 22
energy_range = 9
exhaustiveness = 32
num_modes = 10