center_x = -1.924182692307693
center_y = 33.565163461538454
center_z = 2.5593701923076915
size_x = 22
size_y = 22
size_z = 22
energy_range = 9
exhaustiveness = 32
num_modes = 10