center_x = 23.562288732394364
center_y = 39.55074999999998
center_z = 34.6709436619718
size_x = 22
size_y = 22
size_z = 22
energy_range = 9
exhaustiveness = 32
num_modes = 10