center_x = 29.062449664429533
center_y = 46.82695302013423
center_z = 44.048812080536905
size_x = 22
size_y = 22
size_z = 22
energy_range = 9
exhaustiveness = 32
num_modes = 10