center_x = 20.77364077669903
center_y = 44.74261165048544
center_z = 15.922883495145628
size_x = 22
size_y = 22
size_z = 22
energy_range = 9
exhaustiveness = 32
num_modes = 10