center_x = 13.612377952755905
center_y = 12.9833937007874
center_z = 26.649944881889773
size_x = 22
size_y = 22
size_z = 22
energy_range = 9
exhaustiveness = 32
num_modes = 10