center_x = -8.68201379310345
center_y = 39.51195862068965
center_z = 31.38508965517241
size_x = 22
size_y = 22
size_z = 22
energy_range = 9
exhaustiveness = 32
num_modes = 10