center_x = 2.8492831325301204
center_y = 7.733457831325303
center_z = 27.713963855421685
size_x = 22
size_y = 22
size_z = 22
energy_range = 9
exhaustiveness = 32
num_modes = 10