center_x = 19.53522535211267
center_y = 57.002359154929536
center_z = 37.43895774647889
size_x = 22
size_y = 22
size_z = 22
energy_range = 9
exhaustiveness = 32
num_modes = 10