center_x = -7.401630434782609
center_y = 10.922847826086954
center_z = 7.323989130434781
size_x = 22
size_y = 22
size_z = 22
energy_range = 9
exhaustiveness = 32
num_modes = 10