center_x = 1.6072615384615383
center_y = 3.2573384615384606
center_z = 25.075123076923077
size_x = 22
size_y = 22
size_z = 22
energy_range = 9
exhaustiveness = 32
num_modes = 10