center_x = 14.274815999999996
center_y = 35.753008
center_z = 46.65477599999999
size_x = 22
size_y = 22
size_z = 22
energy_range = 9
exhaustiveness = 32
num_modes = 10