center_x = 7.48106829268293
center_y = 22.73865853658537
center_z = 4.957926829268295
size_x = 22
size_y = 22
size_z = 22
energy_range = 9
exhaustiveness = 32
num_modes = 10