center_x = 12.944175438596496
center_y = 47.776631578947374
center_z = 55.48276315789473
size_x = 22
size_y = 22
size_z = 22
energy_range = 9
exhaustiveness = 32
num_modes = 10