center_x = -10.96154761904762
center_y = 13.942885714285712
center_z = 16.862776190476193
size_x = 22
size_y = 22
size_z = 22
energy_range = 9
exhaustiveness = 32
num_modes = 10