center_x = -1.9931600000000005
center_y = 23.32062400000001
center_z = -3.6188880000000014
size_x = 22
size_y = 22
size_z = 22
energy_range = 9
exhaustiveness = 32
num_modes = 10