center_x = 15.84256589147287
center_y = 12.239131782945746
center_z = 16.185441860465115
size_x = 22
size_y = 22
size_z = 22
energy_range = 9
exhaustiveness = 32
num_modes = 10