center_x = 12.131009999999998
center_y = 15.23852
center_z = -17.040369999999996
size_x = 22
size_y = 22
size_z = 22
energy_range = 9
exhaustiveness = 32
num_modes = 10