center_x = 8.437482758620689
center_y = 19.118620689655177
center_z = -18.5775632183908
size_x = 22
size_y = 22
size_z = 22
energy_range = 9
exhaustiveness = 32
num_modes = 10