center_x = -24.223607692307684
center_y = -3.718276923076925
center_z = -19.29506153846154
size_x = 22
size_y = 22
size_z = 22
energy_range = 9
exhaustiveness = 32
num_modes = 10