center_x = 10.834075342465749
center_y = 6.448815068493146
center_z = 9.47480136986301
size_x = 22
size_y = 22
size_z = 22
energy_range = 9
exhaustiveness = 32
num_modes = 10