center_x = 16.408890109890113
center_y = -6.598076923076919
center_z = 3.3504615384615386
size_x = 22
size_y = 22
size_z = 22
energy_range = 9
exhaustiveness = 32
num_modes = 10