center_x = 10.099476190476189
center_y = 7.422178571428573
center_z = -15.26775793650794
size_x = 22
size_y = 22
size_z = 22
energy_range = 9
exhaustiveness = 32
num_modes = 10