center_x = 5.47077142857143
center_y = 3.298028571428573
center_z = 6.533971428571427
size_x = 22
size_y = 22
size_z = 22
energy_range = 9
exhaustiveness = 32
num_modes = 10