center_x = -6.63741379310345
center_y = -16.132241379310344
center_z = -5.823034482758622
size_x = 22
size_y = 22
size_z = 22
energy_range = 9
exhaustiveness = 32
num_modes = 10