center_x = 14.226269662921345
center_y = -7.2887528089887645
center_z = -14.73859550561798
size_x = 22
size_y = 22
size_z = 22
energy_range = 9
exhaustiveness = 32
num_modes = 10