center_x = 15.595103773584896
center_y = 11.37212264150943
center_z = 5.129877358490567
size_x = 22
size_y = 22
size_z = 22
energy_range = 9
exhaustiveness = 32
num_modes = 10