center_x = -12.155422794117642
center_y = 6.803500000000002
center_z = -10.851757352941174
size_x = 22
size_y = 22
size_z = 22
energy_range = 9
exhaustiveness = 32
num_modes = 10