center_x = 6.202098214285717
center_y = -8.869812499999998
center_z = 7.420044642857143
size_x = 22
size_y = 22
size_z = 22
energy_range = 9
exhaustiveness = 32
num_modes = 10