center_x = -0.3293229461756364
center_y = -8.842495750708212
center_z = -2.80388101983003
size_x = 22
size_y = 22
size_z = 22
energy_range = 9
exhaustiveness = 32
num_modes = 10