center_x = 4.827892857142856
center_y = 21.647312500000005
center_z = -11.556660714285712
size_x = 22
size_y = 22
size_z = 22
energy_range = 9
exhaustiveness = 32
num_modes = 10