center_x = -17.597161290322585
center_y = -13.59981720430108
center_z = -11.472397849462366
size_x = 22
size_y = 22
size_z = 22
energy_range = 9
exhaustiveness = 32
num_modes = 10