center_x = -13.523525993883778
center_y = -6.334363914373089
center_z = -12.099379204892966
size_x = 22
size_y = 22
size_z = 22
energy_range = 9
exhaustiveness = 32
num_modes = 10