center_x = -4.133877192982457
center_y = 13.661969298245614
center_z = -20.48284649122808
size_x = 22
size_y = 22
size_z = 22
energy_range = 9
exhaustiveness = 32
num_modes = 10