center_x = -16.31675438596492
center_y = 10.854938596491232
center_z = -14.03121052631579
size_x = 22
size_y = 22
size_z = 22
energy_range = 9
exhaustiveness = 32
num_modes = 10