center_x = 0.488078125
center_y = 21.32653125
center_z = 7.138109375
size_x = 22
size_y = 22
size_z = 22
energy_range = 9
exhaustiveness = 32
num_modes = 10