center_x = 0.0834795918367346
center_y = 15.381908163265305
center_z = 7.588714285714284
size_x = 22
size_y = 22
size_z = 22
energy_range = 9
exhaustiveness = 32
num_modes = 10