center_x = -23.27074285714288
center_y = 7.224697142857147
center_z = -20.079274285714288
size_x = 22
size_y = 22
size_z = 22
energy_range = 9
exhaustiveness = 32
num_modes = 10