center_x = 5.121064935064935
center_y = -16.793350649350657
center_z = -8.986714285714282
size_x = 22
size_y = 22
size_z = 22
energy_range = 9
exhaustiveness = 32
num_modes = 10