center_x = 14.443701107011067
center_y = 9.566298892988929
center_z = -0.8271217712177125
size_x = 22
size_y = 22
size_z = 22
energy_range = 9
exhaustiveness = 32
num_modes = 10