center_x = -3.347909677419356
center_y = -0.2694838709677415
center_z = -0.8870064516129029
size_x = 22
size_y = 22
size_z = 22
energy_range = 9
exhaustiveness = 32
num_modes = 10