center_x = 11.699213333333333
center_y = 3.328093333333333
center_z = -20.4268
size_x = 22
size_y = 22
size_z = 22
energy_range = 9
exhaustiveness = 32
num_modes = 10