center_x = 0.7920786026200867
center_y = 18.1429344978166
center_z = -1.600637554585152
size_x = 22
size_y = 22
size_z = 22
energy_range = 9
exhaustiveness = 32
num_modes = 10