center_x = 17.177083333333332
center_y = 4.072066666666669
center_z = 8.438791666666669
size_x = 22
size_y = 22
size_z = 22
energy_range = 9
exhaustiveness = 32
num_modes = 10