center_x = 17.083757812499993
center_y = 2.14271875
center_z = 5.562367187499998
size_x = 22
size_y = 22
size_z = 22
energy_range = 9
exhaustiveness = 32
num_modes = 10