center_x = 40.31040000000001
center_y = -43.64483673469384
center_z = -14.618746938775516
size_x = 22
size_y = 22
size_z = 22
energy_range = 9
exhaustiveness = 32
num_modes = 10