center_x = 47.551679687500005
center_y = -33.000007812499994
center_z = -3.0106171875000003
size_x = 22
size_y = 22
size_z = 22
energy_range = 9
exhaustiveness = 32
num_modes = 10