center_x = 23.587330827067674
center_y = -47.77209022556392
center_z = -16.928563909774443
size_x = 22
size_y = 22
size_z = 22
energy_range = 9
exhaustiveness = 32
num_modes = 10