center_x = 35.50542372881357
center_y = -52.67925423728815
center_z = -11.259796610169484
size_x = 22
size_y = 22
size_z = 22
energy_range = 9
exhaustiveness = 32
num_modes = 10