center_x = 33.02468707482991
center_y = -27.79242176870748
center_z = 11.410448979591836
size_x = 22
size_y = 22
size_z = 22
energy_range = 9
exhaustiveness = 32
num_modes = 10