center_x = 35.90824161073825
center_y = -39.97491946308723
center_z = 27.967489932885904
size_x = 22
size_y = 22
size_z = 22
energy_range = 9
exhaustiveness = 32
num_modes = 10