center_x = 26.210044444444453
center_y = -21.924066666666658
center_z = -0.0268296296296299
size_x = 22
size_y = 22
size_z = 22
energy_range = 9
exhaustiveness = 32
num_modes = 10