center_x = 59.13997619047621
center_y = -52.10019047619047
center_z = 15.059654761904758
size_x = 22
size_y = 22
size_z = 22
energy_range = 9
exhaustiveness = 32
num_modes = 10