center_x = 55.52048958333334
center_y = -61.35589583333334
center_z = 14.19807291666666
size_x = 22
size_y = 22
size_z = 22
energy_range = 9
exhaustiveness = 32
num_modes = 10