center_x = 44.60000000000001
center_y = -51.36866292134831
center_z = 0.5872022471910112
size_x = 22
size_y = 22
size_z = 22
energy_range = 9
exhaustiveness = 32
num_modes = 10