center_x = 27.129930000000023
center_y = -29.954959999999986
center_z = 21.169059999999995
size_x = 22
size_y = 22
size_z = 22
energy_range = 9
exhaustiveness = 32
num_modes = 10