center_x = 24.082188775510208
center_y = -48.4276632653061
center_z = 3.1855204081632644
size_x = 22
size_y = 22
size_z = 22
energy_range = 9
exhaustiveness = 32
num_modes = 10