center_x = 38.49369724770643
center_y = -51.99171559633026
center_z = 7.323431192660552
size_x = 22
size_y = 22
size_z = 22
energy_range = 9
exhaustiveness = 32
num_modes = 10