center_x = 22.493712280701747
center_y = -48.65265964912282
center_z = -8.287452631578944
size_x = 22
size_y = 22
size_z = 22
energy_range = 9
exhaustiveness = 32
num_modes = 10