center_x = 40.95882208588959
center_y = -21.01607361963191
center_z = 4.46247852760736
size_x = 22
size_y = 22
size_z = 22
energy_range = 9
exhaustiveness = 32
num_modes = 10