center_x = 56.9959920634921
center_y = -47.34010317460319
center_z = 5.0006507936507925
size_x = 22
size_y = 22
size_z = 22
energy_range = 9
exhaustiveness = 32
num_modes = 10