center_x = 29.716942675159228
center_y = -46.17143312101912
center_z = -20.633668789808915
size_x = 22
size_y = 22
size_z = 22
energy_range = 9
exhaustiveness = 32
num_modes = 10