center_x = 43.579213235294105
center_y = -39.077375
center_z = -5.181985294117647
size_x = 22
size_y = 22
size_z = 22
energy_range = 9
exhaustiveness = 32
num_modes = 10