center_x = 19.70498255813953
center_y = -41.72876162790698
center_z = -17.16847093023256
size_x = 22
size_y = 22
size_z = 22
energy_range = 9
exhaustiveness = 32
num_modes = 10