center_x = 44.69166523605146
center_y = -36.02963090128759
center_z = 9.92887982832619
size_x = 22
size_y = 22
size_z = 22
energy_range = 9
exhaustiveness = 32
num_modes = 10