center_x = 67.58854666666662
center_y = 72.05092000000002
center_z = 254.8729511111112
size_x = 22
size_y = 22
size_z = 22
energy_range = 9
exhaustiveness = 32
num_modes = 10