center_x = 64.16285185185185
center_y = 72.51613888888892
center_z = 273.33800925925937
size_x = 22
size_y = 22
size_z = 22
energy_range = 9
exhaustiveness = 32
num_modes = 10