center_x = 102.8009155844156
center_y = 65.43734415584416
center_z = 246.5837662337661
size_x = 22
size_y = 22
size_z = 22
energy_range = 9
exhaustiveness = 32
num_modes = 10