center_x = 57.3344921875
center_y = 56.50463281249999
center_z = 283.09982031250007
size_x = 22
size_y = 22
size_z = 22
energy_range = 9
exhaustiveness = 32
num_modes = 10