center_x = 68.36023300970874
center_y = 49.23111650485437
center_z = 282.6946601941746
size_x = 22
size_y = 22
size_z = 22
energy_range = 9
exhaustiveness = 32
num_modes = 10