center_x = 59.14328571428573
center_y = 59.56357142857141
center_z = 264.5448193277312
size_x = 22
size_y = 22
size_z = 22
energy_range = 9
exhaustiveness = 32
num_modes = 10