center_x = 61.45487999999998
center_y = 74.34283999999998
center_z = 259.284824
size_x = 22
size_y = 22
size_z = 22
energy_range = 9
exhaustiveness = 32
num_modes = 10