center_x = 105.77040756302524
center_y = 68.57035294117648
center_z = 259.53682352941183
size_x = 22
size_y = 22
size_z = 22
energy_range = 9
exhaustiveness = 32
num_modes = 10