center_x = 89.64257303370789
center_y = 68.26444943820226
center_z = 271.28804494382035
size_x = 22
size_y = 22
size_z = 22
energy_range = 9
exhaustiveness = 32
num_modes = 10