center_x = 92.77519130434784
center_y = 45.27693043478261
center_z = 251.9712956521737
size_x = 22
size_y = 22
size_z = 22
energy_range = 9
exhaustiveness = 32
num_modes = 10