center_x = 88.9847652173913
center_y = 69.17477391304347
center_z = 265.6754521739132
size_x = 22
size_y = 22
size_z = 22
energy_range = 9
exhaustiveness = 32
num_modes = 10