center_x = 90.30363043478256
center_y = 52.59343478260871
center_z = 253.24411594202903
size_x = 22
size_y = 22
size_z = 22
energy_range = 9
exhaustiveness = 32
num_modes = 10