center_x = 99.01329394812686
center_y = 49.18258213256482
center_z = 252.1302449567724
size_x = 22
size_y = 22
size_z = 22
energy_range = 9
exhaustiveness = 32
num_modes = 10