center_x = 69.56274436090227
center_y = 74.10214285714284
center_z = 273.6182932330827
size_x = 22
size_y = 22
size_z = 22
energy_range = 9
exhaustiveness = 32
num_modes = 10