center_x = 102.0829425287356
center_y = 73.02893103448277
center_z = 255.665091954023
size_x = 22
size_y = 22
size_z = 22
energy_range = 9
exhaustiveness = 32
num_modes = 10