center_x = 92.63082727272727
center_y = 43.03229090909092
center_z = 243.5117090909092
size_x = 22
size_y = 22
size_z = 22
energy_range = 9
exhaustiveness = 32
num_modes = 10