center_x = 83.52696261682246
center_y = 69.44939252336448
center_z = 267.1822616822431
size_x = 22
size_y = 22
size_z = 22
energy_range = 9
exhaustiveness = 32
num_modes = 10