center_x = 77.58271875000001
center_y = 66.56424107142854
center_z = 259.93888392857144
size_x = 22
size_y = 22
size_z = 22
energy_range = 9
exhaustiveness = 32
num_modes = 10