center_x = 85.22970731707318
center_y = 57.40452845528456
center_z = 258.49584552845533
size_x = 22
size_y = 22
size_z = 22
energy_range = 9
exhaustiveness = 32
num_modes = 10