center_x = 75.34905882352939
center_y = 59.5356470588235
center_z = 280.891080882353
size_x = 22
size_y = 22
size_z = 22
energy_range = 9
exhaustiveness = 32
num_modes = 10