center_x = 106.3527659574468
center_y = 50.20494893617023
center_z = 250.63204255319135
size_x = 22
size_y = 22
size_z = 22
energy_range = 9
exhaustiveness = 32
num_modes = 10