center_x = 91.3827630597015
center_y = 49.62612126865669
center_z = 265.603460820896
size_x = 22
size_y = 22
size_z = 22
energy_range = 9
exhaustiveness = 32
num_modes = 10