center_x = 87.01800000000004
center_y = 54.32416129032259
center_z = 274.976620967742
size_x = 22
size_y = 22
size_z = 22
energy_range = 9
exhaustiveness = 32
num_modes = 10