center_x = 99.7165737704918
center_y = 53.54881147540984
center_z = 240.94753278688532
size_x = 22
size_y = 22
size_z = 22
energy_range = 9
exhaustiveness = 32
num_modes = 10