center_x = 84.95307092198583
center_y = 52.94631205673756
center_z = 261.9577234042554
size_x = 22
size_y = 22
size_z = 22
energy_range = 9
exhaustiveness = 32
num_modes = 10