center_x = 79.84583333333337
center_y = 55.07074561403508
center_z = 261.5965438596492
size_x = 22
size_y = 22
size_z = 22
energy_range = 9
exhaustiveness = 32
num_modes = 10