center_x = 102.7159912280702
center_y = 47.31013157894736
center_z = 263.6976403508771
size_x = 22
size_y = 22
size_z = 22
energy_range = 9
exhaustiveness = 32
num_modes = 10