center_x = 59.891686770428
center_y = 68.9622178988327
center_z = 267.41451556420213
size_x = 22
size_y = 22
size_z = 22
energy_range = 9
exhaustiveness = 32
num_modes = 10