center_x = 79.74476315789475
center_y = 51.340157894736834
center_z = 280.41719298245613
size_x = 22
size_y = 22
size_z = 22
energy_range = 9
exhaustiveness = 32
num_modes = 10