center_x = 98.83265053763442
center_y = 44.11393010752687
center_z = 241.57400000000004
size_x = 22
size_y = 22
size_z = 22
energy_range = 9
exhaustiveness = 32
num_modes = 10