center_x = -31.81719117647059
center_y = 0.94268137254902
center_z = -18.09115196078432
size_x = 22
size_y = 22
size_z = 22
energy_range = 9
exhaustiveness = 32
num_modes = 10