center_x = -4.823598484848484
center_y = 24.51476515151516
center_z = -18.549598484848485
size_x = 22
size_y = 22
size_z = 22
energy_range = 9
exhaustiveness = 32
num_modes = 10