center_x = 2.8195864197530875
center_y = 17.241364197530864
center_z = -25.91362962962962
size_x = 22
size_y = 22
size_z = 22
energy_range = 9
exhaustiveness = 32
num_modes = 10