center_x = -30.498368055555552
center_y = -4.440055555555556
center_z = -13.85410416666667
size_x = 22
size_y = 22
size_z = 22
energy_range = 9
exhaustiveness = 32
num_modes = 10