center_x = -1.057467032967033
center_y = -6.847280219780219
center_z = -26.62375824175825
size_x = 22
size_y = 22
size_z = 22
energy_range = 9
exhaustiveness = 32
num_modes = 10