center_x = 12.522847619047615
center_y = 4.136180952380952
center_z = -30.342866666666666
size_x = 22
size_y = 22
size_z = 22
energy_range = 9
exhaustiveness = 32
num_modes = 10