center_x = -19.42296326530611
center_y = 0.2145061224489783
center_z = -22.120481632653064
size_x = 22
size_y = 22
size_z = 22
energy_range = 9
exhaustiveness = 32
num_modes = 10