center_x = -18.482210227272727
center_y = 8.12734659090909
center_z = -21.892823863636373
size_x = 22
size_y = 22
size_z = 22
energy_range = 9
exhaustiveness = 32
num_modes = 10