center_x = -37.47144354838712
center_y = 4.5592096774193545
center_z = -17.528620967741936
size_x = 22
size_y = 22
size_z = 22
energy_range = 9
exhaustiveness = 32
num_modes = 10