center_x = -2.9125539033457253
center_y = 2.719405204460965
center_z = -31.965710037174716
size_x = 22
size_y = 22
size_z = 22
energy_range = 9
exhaustiveness = 32
num_modes = 10