center_x = -7.447626760563379
center_y = 4.317204225352111
center_z = -2.2836478873239434
size_x = 22
size_y = 22
size_z = 22
energy_range = 9
exhaustiveness = 32
num_modes = 10