center_x = -29.90782258064518
center_y = 10.782717741935487
center_z = -22.80585483870969
size_x = 22
size_y = 22
size_z = 22
energy_range = 9
exhaustiveness = 32
num_modes = 10