center_x = 8.016981132075466
center_y = 2.230150943396226
center_z = -21.133213836477992
size_x = 22
size_y = 22
size_z = 22
energy_range = 9
exhaustiveness = 32
num_modes = 10