center_x = 9.694027777777771
center_y = 22.377898148148148
center_z = -12.525148148148151
size_x = 22
size_y = 22
size_z = 22
energy_range = 9
exhaustiveness = 32
num_modes = 10