center_x = 0.6811984126984126
center_y = 9.16474603174603
center_z = -35.656857142857135
size_x = 22
size_y = 22
size_z = 22
energy_range = 9
exhaustiveness = 32
num_modes = 10