center_x = -5.968892857142861
center_y = 16.999017857142853
center_z = 0.8694523809523806
size_x = 22
size_y = 22
size_z = 22
energy_range = 9
exhaustiveness = 32
num_modes = 10