center_x = 11.45695862068965
center_y = 12.958820689655171
center_z = -19.303034482758623
size_x = 22
size_y = 22
size_z = 22
energy_range = 9
exhaustiveness = 32
num_modes = 10