center_x = -24.648725490196096
center_y = 5.16412418300654
center_z = -19.50693464052288
size_x = 22
size_y = 22
size_z = 22
energy_range = 9
exhaustiveness = 32
num_modes = 10