center_x = -9.87086524822695
center_y = 16.483815602836874
center_z = -20.65824113475176
size_x = 22
size_y = 22
size_z = 22
energy_range = 9
exhaustiveness = 32
num_modes = 10