center_x = -34.42189285714287
center_y = 13.463258928571424
center_z = -19.019026785714285
size_x = 22
size_y = 22
size_z = 22
energy_range = 9
exhaustiveness = 32
num_modes = 10