center_x = 4.4844729729729735
center_y = 22.60835135135136
center_z = -20.449378378378366
size_x = 22
size_y = 22
size_z = 22
energy_range = 9
exhaustiveness = 32
num_modes = 10