center_x = 5.863917293233083
center_y = -2.8370676691729324
center_z = -31.364639097744355
size_x = 22
size_y = 22
size_z = 22
energy_range = 9
exhaustiveness = 32
num_modes = 10