center_x = -22.623615384615384
center_y = 15.123797202797194
center_z = -14.578300699300694
size_x = 22
size_y = 22
size_z = 22
energy_range = 9
exhaustiveness = 32
num_modes = 10