center_x = -24.497240875912404
center_y = 21.38604379562044
center_z = -11.172299270072992
size_x = 22
size_y = 22
size_z = 22
energy_range = 9
exhaustiveness = 32
num_modes = 10