center_x = 13.70715853658536
center_y = 8.11569512195122
center_z = -31.32947560975608
size_x = 22
size_y = 22
size_z = 22
energy_range = 9
exhaustiveness = 32
num_modes = 10