center_x = -9.05715060240964
center_y = -18.168222891566277
center_z = 17.358759036144576
size_x = 22
size_y = 22
size_z = 22
energy_range = 9
exhaustiveness = 32
num_modes = 10