center_x = -4.592837037037037
center_y = -2.3592074074074065
center_z = 22.089940740740737
size_x = 22
size_y = 22
size_z = 22
energy_range = 9
exhaustiveness = 32
num_modes = 10