center_x = -24.90294505494505
center_y = -3.219494505494505
center_z = 40.04429670329671
size_x = 22
size_y = 22
size_z = 22
energy_range = 9
exhaustiveness = 32
num_modes = 10