center_x = -14.581936170212764
center_y = -17.699138297872338
center_z = 14.007861702127656
size_x = 22
size_y = 22
size_z = 22
energy_range = 9
exhaustiveness = 32
num_modes = 10