center_x = -11.96771641791045
center_y = -7.39822388059702
center_z = 34.61535074626867
size_x = 22
size_y = 22
size_z = 22
energy_range = 9
exhaustiveness = 32
num_modes = 10