center_x = -20.03276223776224
center_y = 3.6413426573426566
center_z = 41.4427972027972
size_x = 22
size_y = 22
size_z = 22
energy_range = 9
exhaustiveness = 32
num_modes = 10