center_x = -5.609261904761904
center_y = 1.9445416666666653
center_z = 29.306994047619064
size_x = 22
size_y = 22
size_z = 22
energy_range = 9
exhaustiveness = 32
num_modes = 10