center_x = -31.08560000000002
center_y = -14.851073333333336
center_z = 18.27760666666667
size_x = 22
size_y = 22
size_z = 22
energy_range = 9
exhaustiveness = 32
num_modes = 10