center_x = -18.66075229357798
center_y = -16.855110091743125
center_z = 32.80938532110091
size_x = 22
size_y = 22
size_z = 22
energy_range = 9
exhaustiveness = 32
num_modes = 10