center_x = -22.683955056179776
center_y = 8.015393258426968
center_z = 25.44793258426965
size_x = 22
size_y = 22
size_z = 22
energy_range = 9
exhaustiveness = 32
num_modes = 10