center_x = -5.769813084112148
center_y = -9.098308411214957
center_z = 17.58742990654206
size_x = 22
size_y = 22
size_z = 22
energy_range = 9
exhaustiveness = 32
num_modes = 10