center_x = 57.610599999999984
center_y = 14.609957894736834
center_z = 156.22132631578947
size_x = 22
size_y = 22
size_z = 22
energy_range = 9
exhaustiveness = 32
num_modes = 10