center_x = 71.02161363636361
center_y = -7.568015151515154
center_z = 136.51437878787877
size_x = 22
size_y = 22
size_z = 22
energy_range = 9
exhaustiveness = 32
num_modes = 10