center_x = 70.08510000000001
center_y = 24.248914285714285
center_z = 149.4293571428572
size_x = 22
size_y = 22
size_z = 22
energy_range = 9
exhaustiveness = 32
num_modes = 10