center_x = 67.54093205944804
center_y = -2.299535031847134
center_z = 148.83539278131633
size_x = 22
size_y = 22
size_z = 22
energy_range = 9
exhaustiveness = 32
num_modes = 10