center_x = 75.79601960784312
center_y = 13.192637254901966
center_z = 154.5319901960785
size_x = 22
size_y = 22
size_z = 22
energy_range = 9
exhaustiveness = 32
num_modes = 10