center_x = 77.29745604395606
center_y = -8.215181318681324
center_z = 142.1496428571428
size_x = 22
size_y = 22
size_z = 22
energy_range = 9
exhaustiveness = 32
num_modes = 10