center_x = 73.10153333333331
center_y = -0.7993749999999997
center_z = 159.06448333333336
size_x = 22
size_y = 22
size_z = 22
energy_range = 9
exhaustiveness = 32
num_modes = 10