center_x = 64.91134074074073
center_y = 13.55102962962963
center_z = 144.56624444444452
size_x = 22
size_y = 22
size_z = 22
energy_range = 9
exhaustiveness = 32
num_modes = 10