center_x = 66.39352459016395
center_y = -6.45660655737705
center_z = 160.83321311475413
size_x = 22
size_y = 22
size_z = 22
energy_range = 9
exhaustiveness = 32
num_modes = 10