center_x = 58.34801104972377
center_y = -4.696961325966849
center_z = 144.43680662983425
size_x = 22
size_y = 22
size_z = 22
energy_range = 9
exhaustiveness = 32
num_modes = 10