center_x = 61.66936585365856
center_y = -0.4306260162601629
center_z = 155.03490243902442
size_x = 22
size_y = 22
size_z = 22
energy_range = 9
exhaustiveness = 32
num_modes = 10