center_x = 65.84977884615381
center_y = 17.41334615384616
center_z = 166.19973076923085
size_x = 22
size_y = 22
size_z = 22
energy_range = 9
exhaustiveness = 32
num_modes = 10