center_x = 72.70982154882158
center_y = 8.964060606060613
center_z = 147.671430976431
size_x = 22
size_y = 22
size_z = 22
energy_range = 9
exhaustiveness = 32
num_modes = 10