center_x = 58.47276344086021
center_y = 28.05481720430108
center_z = 145.40611827956985
size_x = 22
size_y = 22
size_z = 22
energy_range = 9
exhaustiveness = 32
num_modes = 10