center_x = 64.8161214285714
center_y = 11.621785714285709
center_z = 166.06059999999994
size_x = 22
size_y = 22
size_z = 22
energy_range = 9
exhaustiveness = 32
num_modes = 10