center_x = 66.01633707865169
center_y = 25.825089887640445
center_z = 154.05083146067412
size_x = 22
size_y = 22
size_z = 22
energy_range = 9
exhaustiveness = 32
num_modes = 10