center_x = -19.89809420289855
center_y = -7.126840579710145
center_z = -38.96974637681159
size_x = 22
size_y = 22
size_z = 22
energy_range = 9
exhaustiveness = 32
num_modes = 10