center_x = 0.9214891304347824
center_y = -11.17279347826087
center_z = -39.1745
size_x = 22
size_y = 22
size_z = 22
energy_range = 9
exhaustiveness = 32
num_modes = 10