center_x = -8.1290269058296
center_y = 1.9696457399103144
center_z = -24.89628699551569
size_x = 22
size_y = 22
size_z = 22
energy_range = 9
exhaustiveness = 32
num_modes = 10