center_x = -24.963608108108115
center_y = 4.313891891891893
center_z = -28.84902027027027
size_x = 22
size_y = 22
size_z = 22
energy_range = 9
exhaustiveness = 32
num_modes = 10