center_x = -13.527866071428576
center_y = 7.475294642857146
center_z = -24.854187499999988
size_x = 22
size_y = 22
size_z = 22
energy_range = 9
exhaustiveness = 32
num_modes = 10