center_x = -29.227278911564632
center_y = -4.603632653061223
center_z = -24.40306802721089
size_x = 22
size_y = 22
size_z = 22
energy_range = 9
exhaustiveness = 32
num_modes = 10