center_x = 8.36691240875912
center_y = -19.701313868613152
center_z = -35.252656934306565
size_x = 22
size_y = 22
size_z = 22
energy_range = 9
exhaustiveness = 32
num_modes = 10