center_x = -12.37887610619469
center_y = -10.342150442477884
center_z = -40.625610619469015
size_x = 22
size_y = 22
size_z = 22
energy_range = 9
exhaustiveness = 32
num_modes = 10