center_x = -15.994834645669297
center_y = -4.164
center_z = -27.1869842519685
size_x = 22
size_y = 22
size_z = 22
energy_range = 9
exhaustiveness = 32
num_modes = 10