center_x = -1.3845887850467298
center_y = 5.238205607476637
center_z = -19.715074766355144
size_x = 22
size_y = 22
size_z = 22
energy_range = 9
exhaustiveness = 32
num_modes = 10