center_x = 5.776350364963508
center_y = -0.3577007299270076
center_z = -19.89053284671533
size_x = 22
size_y = 22
size_z = 22
energy_range = 9
exhaustiveness = 32
num_modes = 10