center_x = -11.428017045454544
center_y = -14.364130681818176
center_z = -23.474806818181825
size_x = 22
size_y = 22
size_z = 22
energy_range = 9
exhaustiveness = 32
num_modes = 10