center_x = -28.50851063829787
center_y = -5.027539007092198
center_z = -31.75492907801417
size_x = 22
size_y = 22
size_z = 22
energy_range = 9
exhaustiveness = 32
num_modes = 10