center_x = 3.769761904761908
center_y = -4.973614285714284
center_z = -27.577500000000008
size_x = 22
size_y = 22
size_z = 22
energy_range = 9
exhaustiveness = 32
num_modes = 10