center_x = 6.938504587155961
center_y = -7.935981651376148
center_z = -14.966045871559633
size_x = 22
size_y = 22
size_z = 22
energy_range = 9
exhaustiveness = 32
num_modes = 10