center_x = 86.17361658031083
center_y = -16.83550259067359
center_z = 135.39203626943
size_x = 22
size_y = 22
size_z = 22
energy_range = 9
exhaustiveness = 32
num_modes = 10