center_x = 97.62630939226524
center_y = -31.539900552486177
center_z = 110.79937569060768
size_x = 22
size_y = 22
size_z = 22
energy_range = 9
exhaustiveness = 32
num_modes = 10