center_x = 78.300335
center_y = -34.763644999999975
center_z = 118.82222500000005
size_x = 22
size_y = 22
size_z = 22
energy_range = 9
exhaustiveness = 32
num_modes = 10