center_x = 100.3027834101382
center_y = -39.34927649769586
center_z = 123.12281566820272
size_x = 22
size_y = 22
size_z = 22
energy_range = 9
exhaustiveness = 32
num_modes = 10