center_x = 73.25227272727274
center_y = -24.4249909090909
center_z = 119.96819090909092
size_x = 22
size_y = 22
size_z = 22
energy_range = 9
exhaustiveness = 32
num_modes = 10