center_x = 71.63835882352942
center_y = -50.98658235294119
center_z = 140.8140588235294
size_x = 22
size_y = 22
size_z = 22
energy_range = 9
exhaustiveness = 32
num_modes = 10