center_x = 83.96917241379313
center_y = -59.20797701149425
center_z = 125.43579885057471
size_x = 22
size_y = 22
size_z = 22
energy_range = 9
exhaustiveness = 32
num_modes = 10