center_x = 99.50747368421054
center_y = -35.03696172248805
center_z = 147.17369377990417
size_x = 22
size_y = 22
size_z = 22
energy_range = 9
exhaustiveness = 32
num_modes = 10