center_x = 124.05409821428567
center_y = -27.94933928571428
center_z = 102.33363392857149
size_x = 22
size_y = 22
size_z = 22
energy_range = 9
exhaustiveness = 32
num_modes = 10