center_x = 84.28763522012575
center_y = -41.55145283018868
center_z = 131.95796226415095
size_x = 22
size_y = 22
size_z = 22
energy_range = 9
exhaustiveness = 32
num_modes = 10