center_x = 115.3129307692308
center_y = -55.34572307692305
center_z = 134.67077692307694
size_x = 22
size_y = 22
size_z = 22
energy_range = 9
exhaustiveness = 32
num_modes = 10