center_x = 112.9368897637795
center_y = -23.43905511811024
center_z = 123.6859448818898
size_x = 22
size_y = 22
size_z = 22
energy_range = 9
exhaustiveness = 32
num_modes = 10