center_x = 116.47604347826086
center_y = -38.77193913043478
center_z = 87.27405217391302
size_x = 22
size_y = 22
size_z = 22
energy_range = 9
exhaustiveness = 32
num_modes = 10