center_x = 92.99414201183431
center_y = -59.29207100591713
center_z = 114.05962721893492
size_x = 22
size_y = 22
size_z = 22
energy_range = 9
exhaustiveness = 32
num_modes = 10