center_x = 97.59534482758622
center_y = -32.7469172413793
center_z = 118.61306206896542
size_x = 22
size_y = 22
size_z = 22
energy_range = 9
exhaustiveness = 32
num_modes = 10