center_x = 97.47725694444448
center_y = -65.98764583333336
center_z = 136.02461805555558
size_x = 22
size_y = 22
size_z = 22
energy_range = 9
exhaustiveness = 32
num_modes = 10