center_x = 91.2338642857143
center_y = -25.181857142857133
center_z = 150.02579285714287
size_x = 22
size_y = 22
size_z = 22
energy_range = 9
exhaustiveness = 32
num_modes = 10