center_x = 109.74653107344632
center_y = -66.5681186440678
center_z = 115.21572316384176
size_x = 22
size_y = 22
size_z = 22
energy_range = 9
exhaustiveness = 32
num_modes = 10