center_x = 120.73474766355146
center_y = -45.58049532710281
center_z = 92.28229906542056
size_x = 22
size_y = 22
size_z = 22
energy_range = 9
exhaustiveness = 32
num_modes = 10