center_x = 107.24219130434788
center_y = -59.68799130434783
center_z = 105.33580869565218
size_x = 22
size_y = 22
size_z = 22
energy_range = 9
exhaustiveness = 32
num_modes = 10