center_x = 83.85879912663758
center_y = -58.64489519650655
center_z = 144.33999999999995
size_x = 22
size_y = 22
size_z = 22
energy_range = 9
exhaustiveness = 32
num_modes = 10