center_x = 78.2294382022472
center_y = -19.63771910112359
center_z = 133.42197752808983
size_x = 22
size_y = 22
size_z = 22
energy_range = 9
exhaustiveness = 32
num_modes = 10