center_x = 74.98531067961166
center_y = -55.36440776699027
center_z = 128.64603883495144
size_x = 22
size_y = 22
size_z = 22
energy_range = 9
exhaustiveness = 32
num_modes = 10