center_x = 112.35592307692308
center_y = -43.60816083916087
center_z = 141.86088111888105
size_x = 22
size_y = 22
size_z = 22
energy_range = 9
exhaustiveness = 32
num_modes = 10