center_x = 118.5504761904762
center_y = -53.965571428571465
center_z = 126.75556190476192
size_x = 22
size_y = 22
size_z = 22
energy_range = 9
exhaustiveness = 32
num_modes = 10