center_x = 123.76336046511634
center_y = -32.27970930232556
center_z = 108.85734883720929
size_x = 22
size_y = 22
size_z = 22
energy_range = 9
exhaustiveness = 32
num_modes = 10