center_x = 111.37638144329898
center_y = -34.33288144329897
center_z = 98.96479896907204
size_x = 22
size_y = 22
size_z = 22
energy_range = 9
exhaustiveness = 32
num_modes = 10