center_x = 89.60632512315274
center_y = -30.59200000000001
center_z = 122.93386206896542
size_x = 22
size_y = 22
size_z = 22
energy_range = 9
exhaustiveness = 32
num_modes = 10