center_x = 123.52442021276592
center_y = -34.150712765957444
center_z = 93.01934574468082
size_x = 22
size_y = 22
size_z = 22
energy_range = 9
exhaustiveness = 32
num_modes = 10