center_x = 72.81315789473685
center_y = -52.97003157894736
center_z = 148.8327789473685
size_x = 22
size_y = 22
size_z = 22
energy_range = 9
exhaustiveness = 32
num_modes = 10