center_x = 93.67157246376811
center_y = -17.566934782608694
center_z = 129.26831159420288
size_x = 22
size_y = 22
size_z = 22
energy_range = 9
exhaustiveness = 32
num_modes = 10