center_x = 77.79720999999998
center_y = -26.49403
center_z = 136.87267999999997
size_x = 22
size_y = 22
size_z = 22
energy_range = 9
exhaustiveness = 32
num_modes = 10