center_x = 83.27416019417474
center_y = -44.81565048543688
center_z = 117.43135436893208
size_x = 22
size_y = 22
size_z = 22
energy_range = 9
exhaustiveness = 32
num_modes = 10