center_x = 114.05497297297303
center_y = -63.87393918918921
center_z = 125.0401283783784
size_x = 22
size_y = 22
size_z = 22
energy_range = 9
exhaustiveness = 32
num_modes = 10