center_x = 94.00348421052632
center_y = -64.12708421052636
center_z = 123.1076210526316
size_x = 22
size_y = 22
size_z = 22
energy_range = 9
exhaustiveness = 32
num_modes = 10