center_x = 82.6611384615385
center_y = -25.314646153846148
center_z = 143.66279230769229
size_x = 22
size_y = 22
size_z = 22
energy_range = 9
exhaustiveness = 32
num_modes = 10