center_x = 106.50305454545448
center_y = -30.763709090909085
center_z = 132.79837575757583
size_x = 22
size_y = 22
size_z = 22
energy_range = 9
exhaustiveness = 32
num_modes = 10