center_x = 105.91068656716412
center_y = -49.448562189054726
center_z = 142.86189054726376
size_x = 22
size_y = 22
size_z = 22
energy_range = 9
exhaustiveness = 32
num_modes = 10