center_x = 107.50876777251186
center_y = -46.75968483412319
center_z = 101.36487914691948
size_x = 22
size_y = 22
size_z = 22
energy_range = 9
exhaustiveness = 32
num_modes = 10