center_x = -3.255499999999999
center_y = -2.7917272727272717
center_z = 8.057397727272727
size_x = 22
size_y = 22
size_z = 22
energy_range = 9
exhaustiveness = 32
num_modes = 10