center_x = 12.662047244094488
center_y = -6.450590551181104
center_z = 9.93926771653543
size_x = 22
size_y = 22
size_z = 22
energy_range = 9
exhaustiveness = 32
num_modes = 10