center_x = -3.405185714285711
center_y = -1.031528571428572
center_z = 0.5574
size_x = 22
size_y = 22
size_z = 22
energy_range = 9
exhaustiveness = 32
num_modes = 10