center_x = 7.026984924623113
center_y = 8.391216080402012
center_z = -0.3885678391959799
size_x = 22
size_y = 22
size_z = 22
energy_range = 9
exhaustiveness = 32
num_modes = 10