center_x = 3.4528481675392646
center_y = 4.006146596858639
center_z = 12.317413612565456
size_x = 22
size_y = 22
size_z = 22
energy_range = 9
exhaustiveness = 32
num_modes = 10