center_x = 13.385582524271848
center_y = -1.0421941747572814
center_z = 4.610728155339803
size_x = 22
size_y = 22
size_z = 22
energy_range = 9
exhaustiveness = 32
num_modes = 10