center_x = 15.83157281553398
center_y = 5.898592233009709
center_z = 9.067776699029125
size_x = 22
size_y = 22
size_z = 22
energy_range = 9
exhaustiveness = 32
num_modes = 10