center_x = 9.505625000000002
center_y = 15.193583333333336
center_z = 8.120583333333332
size_x = 22
size_y = 22
size_z = 22
energy_range = 9
exhaustiveness = 32
num_modes = 10