center_x = 6.271623287671232
center_y = 8.959397260273976
center_z = 1.062130136986301
size_x = 22
size_y = 22
size_z = 22
energy_range = 9
exhaustiveness = 32
num_modes = 10