center_x = -10.46868292682927
center_y = 8.08426219512195
center_z = 9.29685975609756
size_x = 22
size_y = 22
size_z = 22
energy_range = 9
exhaustiveness = 32
num_modes = 10