center_x = -12.19644144144144
center_y = 20.870882882882885
center_z = 11.101405405405403
size_x = 22
size_y = 22
size_z = 22
energy_range = 9
exhaustiveness = 32
num_modes = 10