center_x = -0.2975271317829455
center_y = 11.558310077519382
center_z = 2.991992248062016
size_x = 22
size_y = 22
size_z = 22
energy_range = 9
exhaustiveness = 32
num_modes = 10