center_x = 10.214548387096777
center_y = 13.285946236559145
center_z = 4.448763440860215
size_x = 22
size_y = 22
size_z = 22
energy_range = 9
exhaustiveness = 32
num_modes = 10