center_x = -0.44009009009009
center_y = 29.278
center_z = -4.911387387387384
size_x = 22
size_y = 22
size_z = 22
energy_range = 9
exhaustiveness = 32
num_modes = 10