center_x = 0.4782640449438203
center_y = 10.26823595505618
center_z = 9.378994382022473
size_x = 22
size_y = 22
size_z = 22
energy_range = 9
exhaustiveness = 32
num_modes = 10