center_x = 5.866499999999998
center_y = 16.60179
center_z = -5.5242200000000015
size_x = 22
size_y = 22
size_z = 22
energy_range = 9
exhaustiveness = 32
num_modes = 10