center_x = -6.188464285714283
center_y = 17.326624999999996
center_z = 19.569196428571438
size_x = 22
size_y = 22
size_z = 22
energy_range = 9
exhaustiveness = 32
num_modes = 10