center_x = 45.3461226993865
center_y = -9.8280981595092
center_z = 22.596368098159505
size_x = 22
size_y = 22
size_z = 22
energy_range = 9
exhaustiveness = 32
num_modes = 10