center_x = 40.90727272727273
center_y = 8.16952272727272
center_z = 8.002734848484849
size_x = 22
size_y = 22
size_z = 22
energy_range = 9
exhaustiveness = 32
num_modes = 10