center_x = 34.76523622047244
center_y = -16.39096062992126
center_z = 12.6477874015748
size_x = 22
size_y = 22
size_z = 22
energy_range = 9
exhaustiveness = 32
num_modes = 10