center_x = 44.71330833333334
center_y = -5.033016666666667
center_z = -2.5049999999999994
size_x = 22
size_y = 22
size_z = 22
energy_range = 9
exhaustiveness = 32
num_modes = 10