center_x = 49.723712500000005
center_y = -16.108681250000014
center_z = 22.033862500000005
size_x = 22
size_y = 22
size_z = 22
energy_range = 9
exhaustiveness = 32
num_modes = 10