center_x = 22.36990000000001
center_y = 1.0859124999999996
center_z = 7.870925
size_x = 22
size_y = 22
size_z = 22
energy_range = 9
exhaustiveness = 32
num_modes = 10