center_x = 66.83732835820895
center_y = -30.71277611940298
center_z = 12.664044776119406
size_x = 22
size_y = 22
size_z = 22
energy_range = 9
exhaustiveness = 32
num_modes = 10