center_x = 60.93744239631336
center_y = -15.614603686635949
center_z = 1.243617511520737
size_x = 22
size_y = 22
size_z = 22
energy_range = 9
exhaustiveness = 32
num_modes = 10