center_x = 37.74225862068965
center_y = -17.399827586206893
center_z = 0.9073362068965524
size_x = 22
size_y = 22
size_z = 22
energy_range = 9
exhaustiveness = 32
num_modes = 10