center_x = 49.83520792079208
center_y = -17.73432343234323
center_z = 11.898848184818489
size_x = 22
size_y = 22
size_z = 22
energy_range = 9
exhaustiveness = 32
num_modes = 10