center_x = 44.39499173553719
center_y = -11.590925619834714
center_z = 2.5313305785123967
size_x = 22
size_y = 22
size_z = 22
energy_range = 9
exhaustiveness = 32
num_modes = 10