center_x = 20.729144104803485
center_y = 7.687401746724893
center_z = 6.033515283842792
size_x = 22
size_y = 22
size_z = 22
energy_range = 9
exhaustiveness = 32
num_modes = 10