center_x = 63.908431999999976
center_y = -12.196784
center_z = 12.619416
size_x = 22
size_y = 22
size_z = 22
energy_range = 9
exhaustiveness = 32
num_modes = 10