center_x = 19.576748387096767
center_y = 2.5297999999999985
center_z = -0.1707612903225808
size_x = 22
size_y = 22
size_z = 22
energy_range = 9
exhaustiveness = 32
num_modes = 10