center_x = 59.48278767123287
center_y = -25.048458904109577
center_z = 22.784465753424666
size_x = 22
size_y = 22
size_z = 22
energy_range = 9
exhaustiveness = 32
num_modes = 10