center_x = 25.54934722222224
center_y = 8.232375
center_z = -3.9010416666666665
size_x = 22
size_y = 22
size_z = 22
energy_range = 9
exhaustiveness = 32
num_modes = 10