center_x = 69.15369620253166
center_y = -14.779670886075952
center_z = 0.4981898734177218
size_x = 22
size_y = 22
size_z = 22
energy_range = 9
exhaustiveness = 32
num_modes = 10