center_x = 46.01709876543209
center_y = -1.817703703703704
center_z = 24.491592592592596
size_x = 22
size_y = 22
size_z = 22
energy_range = 9
exhaustiveness = 32
num_modes = 10