center_x = 38.62062237762239
center_y = 8.691419580419579
center_z = -0.2012027972027971
size_x = 22
size_y = 22
size_z = 22
energy_range = 9
exhaustiveness = 32
num_modes = 10