center_x = 33.52204419889501
center_y = 2.173364640883978
center_z = 17.550049723756914
size_x = 22
size_y = 22
size_z = 22
energy_range = 9
exhaustiveness = 32
num_modes = 10