center_x = 69.31826315789475
center_y = -23.04424210526315
center_z = 16.135105263157897
size_x = 22
size_y = 22
size_z = 22
energy_range = 9
exhaustiveness = 32
num_modes = 10