center_x = 61.26102985074625
center_y = -28.986902985074614
center_z = 3.764470149253731
size_x = 22
size_y = 22
size_z = 22
energy_range = 9
exhaustiveness = 32
num_modes = 10