center_x = 30.60553781512605
center_y = -11.325411764705882
center_z = -0.0948067226890756
size_x = 22
size_y = 22
size_z = 22
energy_range = 9
exhaustiveness = 32
num_modes = 10