center_x = 70.64245744680849
center_y = -15.237510638297872
center_z = 6.780670212765959
size_x = 22
size_y = 22
size_z = 22
energy_range = 9
exhaustiveness = 32
num_modes = 10