center_x = 56.30015384615384
center_y = -24.27402564102564
center_z = 4.978371794871793
size_x = 22
size_y = 22
size_z = 22
energy_range = 9
exhaustiveness = 32
num_modes = 10