center_x = 71.65458415841583
center_y = -26.599405940594064
center_z = 5.473059405940595
size_x = 22
size_y = 22
size_z = 22
energy_range = 9
exhaustiveness = 32
num_modes = 10