center_x = 70.62679591836734
center_y = -28.087918367346948
center_z = 16.033836734693875
size_x = 22
size_y = 22
size_z = 22
energy_range = 9
exhaustiveness = 32
num_modes = 10