center_x = -16.488387931034485
center_y = 4.761672413793102
center_z = 24.84773275862069
size_x = 22
size_y = 22
size_z = 22
energy_range = 9
exhaustiveness = 32
num_modes = 10