center_x = -23.247350694444425
center_y = 15.639177083333326
center_z = 24.584135416666683
size_x = 22
size_y = 22
size_z = 22
energy_range = 9
exhaustiveness = 32
num_modes = 10