center_x = -3.065677083333334
center_y = 23.622552083333336
center_z = 18.851031250000005
size_x = 22
size_y = 22
size_z = 22
energy_range = 9
exhaustiveness = 32
num_modes = 10