receptor = data/5zjy/5zjy_ligand.pdbqt
ligand = data/5zjy/5zjy_protein.pdbqt
center_x = -21.551350000000003
center_y = 5.257638461538459
center_z = 12.747407692307696
size_x = 22.4253
size_y = 16.34672307692308
size_z = 16.36118461538461
energy_range = 9
exhaustiveness = 32
num_modes = 10