center_x = -10.436158620689657
center_y = 24.89026896551724
center_z = 7.891820689655176
size_x = 22
size_y = 22
size_z = 22
energy_range = 9
exhaustiveness = 32
num_modes = 10