center_x = -30.29569105691056
center_y = 6.487479674796746
center_z = 27.248845528455288
size_x = 22
size_y = 22
size_z = 22
energy_range = 9
exhaustiveness = 32
num_modes = 10