center_x = -26.788443708609275
center_y = 17.45209271523179
center_z = 7.278615894039733
size_x = 22
size_y = 22
size_z = 22
energy_range = 9
exhaustiveness = 32
num_modes = 10