center_x = -26.56190225563909
center_y = 3.4132857142857147
center_z = 15.349511278195491
size_x = 22
size_y = 22
size_z = 22
energy_range = 9
exhaustiveness = 32
num_modes = 10