center_x = -17.544181818181823
center_y = 19.86025252525252
center_z = 30.53416161616161
size_x = 22
size_y = 22
size_z = 22
energy_range = 9
exhaustiveness = 32
num_modes = 10