center_x = 8.240122340425536
center_y = 38.81297340425532
center_z = -5.356824468085106
size_x = 22
size_y = 22
size_z = 22
energy_range = 9
exhaustiveness = 32
num_modes = 10