center_x = 16.139894117647067
center_y = 41.83129411764708
center_z = -7.651070588235294
size_x = 22
size_y = 22
size_z = 22
energy_range = 9
exhaustiveness = 32
num_modes = 10