center_x = 8.822511904761905
center_y = 17.356720238095246
center_z = 1.81589880952381
size_x = 22
size_y = 22
size_z = 22
energy_range = 9
exhaustiveness = 32
num_modes = 10