center_x = 3.366775862068965
center_y = 32.0516724137931
center_z = -13.288448275862065
size_x = 22
size_y = 22
size_z = 22
energy_range = 9
exhaustiveness = 32
num_modes = 10