center_x = 1.601887323943662
center_y = 20.83316197183098
center_z = -11.342345070422535
size_x = 22
size_y = 22
size_z = 22
energy_range = 9
exhaustiveness = 32
num_modes = 10