center_x = 3.04134831460674
center_y = 31.410101123595503
center_z = -1.2550898876404497
size_x = 22
size_y = 22
size_z = 22
energy_range = 9
exhaustiveness = 32
num_modes = 10