center_x = 15.4394765625
center_y = 8.0843515625
center_z = -12.730624999999998
size_x = 22
size_y = 22
size_z = 22
energy_range = 9
exhaustiveness = 32
num_modes = 10