center_x = 22.52377692307692
center_y = 18.47588461538462
center_z = -4.844776923076924
size_x = 22
size_y = 22
size_z = 22
energy_range = 9
exhaustiveness = 32
num_modes = 10