center_x = -10.715561983471067
center_y = -4.218256198347106
center_z = 0.1816694214876035
size_x = 22
size_y = 22
size_z = 22
energy_range = 9
exhaustiveness = 32
num_modes = 10