center_x = 8.519341463414634
center_y = 1.7513414634146345
center_z = 15.042219512195116
size_x = 22
size_y = 22
size_z = 22
energy_range = 9
exhaustiveness = 32
num_modes = 10