center_x = 12.084927536231888
center_y = -0.092463768115942
center_z = 7.600710144927535
size_x = 22
size_y = 22
size_z = 22
energy_range = 9
exhaustiveness = 32
num_modes = 10