center_x = -3.877433070866143
center_y = -0.7307795275590555
center_z = 12.830488188976382
size_x = 22
size_y = 22
size_z = 22
energy_range = 9
exhaustiveness = 32
num_modes = 10