center_x = -2.965972677595628
center_y = 4.654005464480876
center_z = 9.880770491803274
size_x = 22
size_y = 22
size_z = 22
energy_range = 9
exhaustiveness = 32
num_modes = 10