center_x = -12.700353535353544
center_y = 2.213000000000001
center_z = 8.563545454545455
size_x = 22
size_y = 22
size_z = 22
energy_range = 9
exhaustiveness = 32
num_modes = 10