center_x = 79.31225174825173
center_y = 37.34365734265735
center_z = 25.35087412587413
size_x = 22
size_y = 22
size_z = 22
energy_range = 9
exhaustiveness = 32
num_modes = 10