center_x = 64.66538524590162
center_y = 37.658360655737695
center_z = 37.9864344262295
size_x = 22
size_y = 22
size_z = 22
energy_range = 9
exhaustiveness = 32
num_modes = 10