center_x = 65.73568695652175
center_y = 34.82749275362319
center_z = 25.41833333333336
size_x = 22
size_y = 22
size_z = 22
energy_range = 9
exhaustiveness = 32
num_modes = 10