center_x = 54.39277142857144
center_y = 29.901457142857144
center_z = 45.97026666666665
size_x = 22
size_y = 22
size_z = 22
energy_range = 9
exhaustiveness = 32
num_modes = 10