center_x = 77.39193859649126
center_y = 33.00736842105264
center_z = 42.54178070175436
size_x = 22
size_y = 22
size_z = 22
energy_range = 9
exhaustiveness = 32
num_modes = 10