center_x = 77.66169298245616
center_y = 29.31915789473684
center_z = 20.075043859649124
size_x = 22
size_y = 22
size_z = 22
energy_range = 9
exhaustiveness = 32
num_modes = 10