center_x = 59.328243243243264
center_y = 20.99416891891893
center_z = 28.92313513513514
size_x = 22
size_y = 22
size_z = 22
energy_range = 9
exhaustiveness = 32
num_modes = 10