center_x = 79.50059999999999
center_y = 24.350210526315795
center_z = 33.26622105263158
size_x = 22
size_y = 22
size_z = 22
energy_range = 9
exhaustiveness = 32
num_modes = 10