center_x = 60.21333663366335
center_y = 43.046287128712855
center_z = 21.177752475247523
size_x = 22
size_y = 22
size_z = 22
energy_range = 9
exhaustiveness = 32
num_modes = 10