center_x = 52.93553886010364
center_y = 18.1608134715026
center_z = 35.42369430051813
size_x = 22
size_y = 22
size_z = 22
energy_range = 9
exhaustiveness = 32
num_modes = 10