center_x = 56.17
center_y = 25.47460317460317
center_z = 46.70036507936507
size_x = 22
size_y = 22
size_z = 22
energy_range = 9
exhaustiveness = 32
num_modes = 10