center_x = 73.73920689655172
center_y = 21.21581034482759
center_z = 22.545646551724147
size_x = 22
size_y = 22
size_z = 22
energy_range = 9
exhaustiveness = 32
num_modes = 10