center_x = -13.652710843373493
center_y = 0.2483855421686746
center_z = -7.127228915662651
size_x = 22
size_y = 22
size_z = 22
energy_range = 9
exhaustiveness = 32
num_modes = 10