center_x = -2.6878554216867463
center_y = 8.557638554216865
center_z = 0.1896385542168675
size_x = 22
size_y = 22
size_z = 22
energy_range = 9
exhaustiveness = 32
num_modes = 10