center_x = -11.720307291666671
center_y = 10.17372916666666
center_z = -5.70166145833333
size_x = 22
size_y = 22
size_z = 22
energy_range = 9
exhaustiveness = 32
num_modes = 10