center_x = -4.4018000000000015
center_y = 9.269775000000005
center_z = -18.327444999999983
size_x = 22
size_y = 22
size_z = 22
energy_range = 9
exhaustiveness = 32
num_modes = 10