center_x = -15.990794392523371
center_y = 15.26398130841122
center_z = -26.02066355140188
size_x = 22
size_y = 22
size_z = 22
energy_range = 9
exhaustiveness = 32
num_modes = 10