center_x = 3.7823016241299303
center_y = 3.4778886310904857
center_z = -8.874064965197212
size_x = 22
size_y = 22
size_z = 22
energy_range = 9
exhaustiveness = 32
num_modes = 10