center_x = -14.008182795698929
center_y = 24.64839784946237
center_z = -8.043688172043012
size_x = 22
size_y = 22
size_z = 22
energy_range = 9
exhaustiveness = 32
num_modes = 10