center_x = -19.06365432098765
center_y = 7.783475308641978
center_z = 17.598858024691364
size_x = 22
size_y = 22
size_z = 22
energy_range = 9
exhaustiveness = 32
num_modes = 10