center_x = -33.95206521739129
center_y = 21.765130434782616
center_z = 18.984934782608697
size_x = 22
size_y = 22
size_z = 22
energy_range = 9
exhaustiveness = 32
num_modes = 10