center_x = -29.0127380952381
center_y = 2.515059523809524
center_z = 19.06254761904762
size_x = 22
size_y = 22
size_z = 22
energy_range = 9
exhaustiveness = 32
num_modes = 10