center_x = -29.521548076923064
center_y = 8.637548076923073
center_z = -0.6414711538461542
size_x = 22
size_y = 22
size_z = 22
energy_range = 9
exhaustiveness = 32
num_modes = 10