center_x = -6.244071038251365
center_y = 19.47418579234973
center_z = 5.478732240437158
size_x = 22
size_y = 22
size_z = 22
energy_range = 9
exhaustiveness = 32
num_modes = 10