center_x = -13.577128712871284
center_y = 10.683663366336631
center_z = 17.65539603960395
size_x = 22
size_y = 22
size_z = 22
energy_range = 9
exhaustiveness = 32
num_modes = 10