center_x = -33.39564814814813
center_y = 17.377703703703705
center_z = 22.68878703703703
size_x = 22
size_y = 22
size_z = 22
energy_range = 9
exhaustiveness = 32
num_modes = 10