center_x = -11.798815602836882
center_y = 22.925638297872336
center_z = 1.035744680851064
size_x = 22
size_y = 22
size_z = 22
energy_range = 9
exhaustiveness = 32
num_modes = 10