center_x = -7.528041666666666
center_y = 8.163733333333333
center_z = 8.365025000000003
size_x = 22
size_y = 22
size_z = 22
energy_range = 9
exhaustiveness = 32
num_modes = 10