center_x = -26.025064393939395
center_y = 17.079643939393947
center_z = 12.271318181818188
size_x = 22
size_y = 22
size_z = 22
energy_range = 9
exhaustiveness = 32
num_modes = 10