center_x = -24.54044545454544
center_y = 13.289200000000005
center_z = 15.176445454545451
size_x = 22
size_y = 22
size_z = 22
energy_range = 9
exhaustiveness = 32
num_modes = 10