center_x = -11.978753086419754
center_y = 27.12798765432099
center_z = 18.23307407407408
size_x = 22
size_y = 22
size_z = 22
energy_range = 9
exhaustiveness = 32
num_modes = 10