center_x = -17.455357723577233
center_y = 36.33928455284553
center_z = -17.9309593495935
size_x = 22
size_y = 22
size_z = 22
energy_range = 9
exhaustiveness = 32
num_modes = 10