center_x = -20.59014285714285
center_y = 22.55714285714286
center_z = 18.021403726708076
size_x = 22
size_y = 22
size_z = 22
energy_range = 9
exhaustiveness = 32
num_modes = 10