center_x = -30.27080597014925
center_y = 13.379492537313432
center_z = -2.145246268656717
size_x = 22
size_y = 22
size_z = 22
energy_range = 9
exhaustiveness = 32
num_modes = 10