center_x = -32.310745222929945
center_y = 23.53221019108281
center_z = -0.8027452229299361
size_x = 22
size_y = 22
size_z = 22
energy_range = 9
exhaustiveness = 32
num_modes = 10