center_x = -19.7773873873874
center_y = 32.19545045045045
center_z = 3.478945945945945
size_x = 22
size_y = 22
size_z = 22
energy_range = 9
exhaustiveness = 32
num_modes = 10