center_x = -9.036554655870445
center_y = 16.081963562753035
center_z = 0.856740890688259
size_x = 22
size_y = 22
size_z = 22
energy_range = 9
exhaustiveness = 32
num_modes = 10