center_x = -5.752110000000003
center_y = 12.73615
center_z = -7.865340000000002
size_x = 22
size_y = 22
size_z = 22
energy_range = 9
exhaustiveness = 32
num_modes = 10