center_x = 96.54055172413791
center_y = 80.51064655172412
center_z = -15.91546551724138
size_x = 22
size_y = 22
size_z = 22
energy_range = 9
exhaustiveness = 32
num_modes = 10