center_x = 99.29857851239667
center_y = 75.47347107438013
center_z = -31.38560330578511
size_x = 22
size_y = 22
size_z = 22
energy_range = 9
exhaustiveness = 32
num_modes = 10