center_x = 89.09638121546962
center_y = 85.19435911602206
center_z = -37.16052486187845
size_x = 22
size_y = 22
size_z = 22
energy_range = 9
exhaustiveness = 32
num_modes = 10