center_x = 93.22575409836077
center_y = 93.20362704918028
center_z = -43.504942622950814
size_x = 22
size_y = 22
size_z = 22
energy_range = 9
exhaustiveness = 32
num_modes = 10