center_x = 86.02024074074073
center_y = 82.91862962962959
center_z = -30.73116666666667
size_x = 22
size_y = 22
size_z = 22
energy_range = 9
exhaustiveness = 32
num_modes = 10