center_x = 92.90104651162794
center_y = 91.17459689922482
center_z = -24.463790697674444
size_x = 22
size_y = 22
size_z = 22
energy_range = 9
exhaustiveness = 32
num_modes = 10