center_x = 98.0979139784946
center_y = 67.44497849462367
center_z = -19.277182795698923
size_x = 22
size_y = 22
size_z = 22
energy_range = 9
exhaustiveness = 32
num_modes = 10