center_x = 97.99458823529412
center_y = 93.36974264705884
center_z = -27.730669117647054
size_x = 22
size_y = 22
size_z = 22
energy_range = 9
exhaustiveness = 32
num_modes = 10