center_x = 39.34231249999999
center_y = 28.40065625
center_z = 93.95388281250004
size_x = 22
size_y = 22
size_z = 22
energy_range = 9
exhaustiveness = 32
num_modes = 10