center_x = 54.78033802816906
center_y = 17.85798591549295
center_z = 102.40038967136152
size_x = 22
size_y = 22
size_z = 22
energy_range = 9
exhaustiveness = 32
num_modes = 10