center_x = 49.90298578199051
center_y = 8.333777251184834
center_z = 107.06802369668246
size_x = 22
size_y = 22
size_z = 22
energy_range = 9
exhaustiveness = 32
num_modes = 10