center_x = 43.39812987012986
center_y = 12.630857142857138
center_z = 105.3980974025974
size_x = 22
size_y = 22
size_z = 22
energy_range = 9
exhaustiveness = 32
num_modes = 10