center_x = 68.44978888888893
center_y = 13.124111111111112
center_z = 92.0073777777778
size_x = 22
size_y = 22
size_z = 22
energy_range = 9
exhaustiveness = 32
num_modes = 10