center_x = 47.92966315789473
center_y = 20.59846315789473
center_z = 78.56359999999998
size_x = 22
size_y = 22
size_z = 22
energy_range = 9
exhaustiveness = 32
num_modes = 10