center_x = 57.59138805970153
center_y = 25.1539552238806
center_z = 95.7385373134328
size_x = 22
size_y = 22
size_z = 22
energy_range = 9
exhaustiveness = 32
num_modes = 10