center_x = 52.01866666666668
center_y = 4.635051282051282
center_z = 79.24257692307691
size_x = 22
size_y = 22
size_z = 22
energy_range = 9
exhaustiveness = 32
num_modes = 10