center_x = 39.68320634920636
center_y = 28.48846825396826
center_z = 98.11358730158732
size_x = 22
size_y = 22
size_z = 22
energy_range = 9
exhaustiveness = 32
num_modes = 10