center_x = 56.81270967741935
center_y = 0.2836322580645161
center_z = 100.57137419354834
size_x = 22
size_y = 22
size_z = 22
energy_range = 9
exhaustiveness = 32
num_modes = 10