center_x = -12.563729559748426
center_y = -25.24210062893081
center_z = -19.254440251572326
size_x = 22
size_y = 22
size_z = 22
energy_range = 9
exhaustiveness = 32
num_modes = 10