center_x = -15.265005347593576
center_y = -35.9531550802139
center_z = -3.100951871657754
size_x = 22
size_y = 22
size_z = 22
energy_range = 9
exhaustiveness = 32
num_modes = 10