center_x = -11.185311688311687
center_y = -52.18031168831169
center_z = -8.406935064935068
size_x = 22
size_y = 22
size_z = 22
energy_range = 9
exhaustiveness = 32
num_modes = 10