center_x = -0.3462298850574702
center_y = -48.41425862068965
center_z = -7.099367816091952
size_x = 22
size_y = 22
size_z = 22
energy_range = 9
exhaustiveness = 32
num_modes = 10