center_x = 0.8135520000000003
center_y = -31.847896
center_z = -19.591672
size_x = 22
size_y = 22
size_z = 22
energy_range = 9
exhaustiveness = 32
num_modes = 10