center_x = -22.844200000000008
center_y = -50.64571249999999
center_z = -32.09471250000001
size_x = 22
size_y = 22
size_z = 22
energy_range = 9
exhaustiveness = 32
num_modes = 10