center_x = 10.477119047619045
center_y = -36.91179365079368
center_z = 4.820634920634922
size_x = 22
size_y = 22
size_z = 22
energy_range = 9
exhaustiveness = 32
num_modes = 10