center_x = -14.861938931297717
center_y = -20.4559465648855
center_z = -7.650732824427481
size_x = 22
size_y = 22
size_z = 22
energy_range = 9
exhaustiveness = 32
num_modes = 10