center_x = -6.40157701711491
center_y = -34.60370904645476
center_z = -15.80295354523227
size_x = 22
size_y = 22
size_z = 22
energy_range = 9
exhaustiveness = 32
num_modes = 10