center_x = -19.0310582010582
center_y = -11.021052910052909
center_z = -11.23478306878307
size_x = 22
size_y = 22
size_z = 22
energy_range = 9
exhaustiveness = 32
num_modes = 10