center_x = -15.98958888888889
center_y = -31.571233333333332
center_z = -33.34562222222222
size_x = 22
size_y = 22
size_z = 22
energy_range = 9
exhaustiveness = 32
num_modes = 10