center_x = 0.8275620437956208
center_y = -29.72411678832115
center_z = 4.235649635036496
size_x = 22
size_y = 22
size_z = 22
energy_range = 9
exhaustiveness = 32
num_modes = 10