center_x = -17.544219047619052
center_y = -53.05124761904764
center_z = -29.49899047619048
size_x = 22
size_y = 22
size_z = 22
energy_range = 9
exhaustiveness = 32
num_modes = 10