center_x = -19.683140921409205
center_y = -26.87000542005416
center_z = -11.722287262872626
size_x = 22
size_y = 22
size_z = 22
energy_range = 9
exhaustiveness = 32
num_modes = 10