center_x = 9.838528735632185
center_y = -19.152172413793103
center_z = -13.78142528735632
size_x = 22
size_y = 22
size_z = 22
energy_range = 9
exhaustiveness = 32
num_modes = 10