center_x = -25.287080000000003
center_y = -25.48564
center_z = -18.835216
size_x = 22
size_y = 22
size_z = 22
energy_range = 9
exhaustiveness = 32
num_modes = 10