center_x = 9.924585714285712
center_y = -30.8492857142857
center_z = 7.199585714285714
size_x = 22
size_y = 22
size_z = 22
energy_range = 9
exhaustiveness = 32
num_modes = 10