center_x = -9.108590551181102
center_y = -26.47725984251968
center_z = 1.3338582677165347
size_x = 22
size_y = 22
size_z = 22
energy_range = 9
exhaustiveness = 32
num_modes = 10