center_x = 10.014347826086956
center_y = -19.23031055900621
center_z = -2.9272422360248465
size_x = 22
size_y = 22
size_z = 22
energy_range = 9
exhaustiveness = 32
num_modes = 10