center_x = -26.76743795620437
center_y = -36.95954744525544
center_z = -7.251430656934306
size_x = 22
size_y = 22
size_z = 22
energy_range = 9
exhaustiveness = 32
num_modes = 10