center_x = 15.127563380281687
center_y = -32.84019014084505
center_z = -13.45688028169014
size_x = 22
size_y = 22
size_z = 22
energy_range = 9
exhaustiveness = 32
num_modes = 10