center_x = -23.509951807228912
center_y = -44.776253012048194
center_z = -10.836807228915664
size_x = 22
size_y = 22
size_z = 22
energy_range = 9
exhaustiveness = 32
num_modes = 10