center_x = -5.372669421487607
center_y = -47.88190082644629
center_z = -18.09120661157025
size_x = 22
size_y = 22
size_z = 22
energy_range = 9
exhaustiveness = 32
num_modes = 10