center_x = -12.945328244274812
center_y = -50.56785496183207
center_z = -15.936885496183216
size_x = 22
size_y = 22
size_z = 22
energy_range = 9
exhaustiveness = 32
num_modes = 10