center_x = 1.6309051094890508
center_y = -41.21821167883213
center_z = -0.1642627737226279
size_x = 22
size_y = 22
size_z = 22
energy_range = 9
exhaustiveness = 32
num_modes = 10