center_x = -17.615974999999995
center_y = -16.385135000000012
center_z = 61.27668499999997
size_x = 22
size_y = 22
size_z = 22
energy_range = 9
exhaustiveness = 32
num_modes = 10