center_x = -22.87291538461538
center_y = -23.499092307692305
center_z = 59.225338461538485
size_x = 22
size_y = 22
size_z = 22
energy_range = 9
exhaustiveness = 32
num_modes = 10