center_x = 5.813020408163263
center_y = -29.882479591836745
center_z = 53.10342857142857
size_x = 22
size_y = 22
size_z = 22
energy_range = 9
exhaustiveness = 32
num_modes = 10