center_x = -1.9380185185185188
center_y = -14.47796913580247
center_z = 64.12141358024695
size_x = 22
size_y = 22
size_z = 22
energy_range = 9
exhaustiveness = 32
num_modes = 10