center_x = 11.630318181818174
center_y = -18.69978181818182
center_z = 56.08601818181818
size_x = 22
size_y = 22
size_z = 22
energy_range = 9
exhaustiveness = 32
num_modes = 10