center_x = -18.84533644859813
center_y = -15.729121495327105
center_z = 53.7328598130841
size_x = 22
size_y = 22
size_z = 22
energy_range = 9
exhaustiveness = 32
num_modes = 10