center_x = -11.157732240437154
center_y = -28.05415846994537
center_z = 71.96449726775954
size_x = 22
size_y = 22
size_z = 22
energy_range = 9
exhaustiveness = 32
num_modes = 10