center_x = -22.130887931034483
center_y = -33.5285775862069
center_z = 62.54405172413794
size_x = 22
size_y = 22
size_z = 22
energy_range = 9
exhaustiveness = 32
num_modes = 10