center_x = -20.892
center_y = -23.16646774193548
center_z = 70.01891129032256
size_x = 22
size_y = 22
size_z = 22
energy_range = 9
exhaustiveness = 32
num_modes = 10