center_x = -13.55774336283186
center_y = -12.484513274336289
center_z = 52.42267256637168
size_x = 22
size_y = 22
size_z = 22
energy_range = 9
exhaustiveness = 32
num_modes = 10