center_x = 7.874538759689917
center_y = -11.632205426356592
center_z = 57.645158914728704
size_x = 22
size_y = 22
size_z = 22
energy_range = 9
exhaustiveness = 32
num_modes = 10