center_x = 4.775999999999998
center_y = -15.32479432624114
center_z = 51.36334042553192
size_x = 22
size_y = 22
size_z = 22
energy_range = 9
exhaustiveness = 32
num_modes = 10