center_x = -3.5793400000000006
center_y = -39.39032
center_z = 61.28544666666671
size_x = 22
size_y = 22
size_z = 22
energy_range = 9
exhaustiveness = 32
num_modes = 10