center_x = -1.3935841584158415
center_y = -22.71071287128713
center_z = 72.36248514851489
size_x = 22
size_y = 22
size_z = 22
energy_range = 9
exhaustiveness = 32
num_modes = 10