center_x = 18.434814479638025
center_y = -22.022128959276017
center_z = 44.49770588235292
size_x = 22
size_y = 22
size_z = 22
energy_range = 9
exhaustiveness = 32
num_modes = 10