center_x = 9.255933789954344
center_y = -47.79907990867581
center_z = 44.81394063926939
size_x = 22
size_y = 22
size_z = 22
energy_range = 9
exhaustiveness = 32
num_modes = 10