center_x = 16.69683644859813
center_y = -26.971088785046724
center_z = 44.62346261682242
size_x = 22
size_y = 22
size_z = 22
energy_range = 9
exhaustiveness = 32
num_modes = 10