center_x = 13.01670895522389
center_y = -37.10400746268658
center_z = 44.61085074626869
size_x = 22
size_y = 22
size_z = 22
energy_range = 9
exhaustiveness = 32
num_modes = 10