center_x = 13.13316279069767
center_y = -36.5689031007752
center_z = 44.74437209302326
size_x = 22
size_y = 22
size_z = 22
energy_range = 9
exhaustiveness = 32
num_modes = 10