center_x = 11.735361522198724
center_y = -40.697211416490426
center_z = 44.71993868921777
size_x = 22
size_y = 22
size_z = 22
energy_range = 9
exhaustiveness = 32
num_modes = 10