center_x = 12.026865921787708
center_y = -40.10551862197387
center_z = 44.74447672253257
size_x = 22
size_y = 22
size_z = 22
energy_range = 9
exhaustiveness = 32
num_modes = 10