center_x = 16.95756363636365
center_y = -26.115931818181817
center_z = 44.58522727272727
size_x = 22
size_y = 22
size_z = 22
energy_range = 9
exhaustiveness = 32
num_modes = 10