center_x = 14.892911564625846
center_y = -31.802017006802707
center_z = 44.68136054421769
size_x = 22
size_y = 22
size_z = 22
energy_range = 9
exhaustiveness = 32
num_modes = 10