center_x = 9.514680180180171
center_y = -46.95476576576579
center_z = 44.89548648648649
size_x = 22
size_y = 22
size_z = 22
energy_range = 9
exhaustiveness = 32
num_modes = 10