center_x = 8.7428810483871
center_y = -49.03684274193548
center_z = 44.8195423387097
size_x = 22
size_y = 22
size_z = 22
energy_range = 9
exhaustiveness = 32
num_modes = 10