center_x = 9.47770569620253
center_y = -47.13336392405063
center_z = 44.80221835443037
size_x = 22
size_y = 22
size_z = 22
energy_range = 9
exhaustiveness = 32
num_modes = 10