center_x = 16.164941441441442
center_y = -28.34992342342342
center_z = 44.701963963963934
size_x = 22
size_y = 22
size_z = 22
energy_range = 9
exhaustiveness = 32
num_modes = 10