center_x = 10.220076642335776
center_y = -44.894251824817545
center_z = 44.679605839416055
size_x = 22
size_y = 22
size_z = 22
energy_range = 9
exhaustiveness = 32
num_modes = 10