center_x = 14.484132183908049
center_y = -33.58021839080458
center_z = 44.79507471264368
size_x = 22
size_y = 22
size_z = 22
energy_range = 9
exhaustiveness = 32
num_modes = 10