center_x = 17.829871428571437
center_y = -23.79938571428572
center_z = 44.53763333333335
size_x = 22
size_y = 22
size_z = 22
energy_range = 9
exhaustiveness = 32
num_modes = 10