center_x = 7.369525974025975
center_y = -52.89703896103895
center_z = 44.7407012987013
size_x = 22
size_y = 22
size_z = 22
energy_range = 9
exhaustiveness = 32
num_modes = 10