center_x = 14.6729052631579
center_y = -32.64351052631577
center_z = 44.66775789473686
size_x = 22
size_y = 22
size_z = 22
energy_range = 9
exhaustiveness = 32
num_modes = 10