center_x = 12.731705645161291
center_y = -37.88937903225809
center_z = 44.63863709677417
size_x = 22
size_y = 22
size_z = 22
energy_range = 9
exhaustiveness = 32
num_modes = 10