center_x = 8.709870786516863
center_y = -49.14544943820225
center_z = 44.82079775280903
size_x = 22
size_y = 22
size_z = 22
energy_range = 9
exhaustiveness = 32
num_modes = 10