center_x = 10.519743589743593
center_y = -44.09040705128207
center_z = 44.66331730769231
size_x = 22
size_y = 22
size_z = 22
energy_range = 9
exhaustiveness = 32
num_modes = 10