center_x = 9.639614678899088
center_y = -46.848045871559655
center_z = 44.81282110091743
size_x = 22
size_y = 22
size_z = 22
energy_range = 9
exhaustiveness = 32
num_modes = 10