center_x = 8.932858870967742
center_y = -48.3457822580645
center_z = 44.76743951612901
size_x = 22
size_y = 22
size_z = 22
energy_range = 9
exhaustiveness = 32
num_modes = 10