center_x = 6.049004385964914
center_y = -56.44849122807015
center_z = 44.82202192982458
size_x = 22
size_y = 22
size_z = 22
energy_range = 9
exhaustiveness = 32
num_modes = 10