center_x = 14.78380882352942
center_y = -32.2987156862745
center_z = 44.66464215686274
size_x = 22
size_y = 22
size_z = 22
energy_range = 9
exhaustiveness = 32
num_modes = 10