center_x = 14.195966981132074
center_y = -34.34603301886792
center_z = 44.76749528301888
size_x = 22
size_y = 22
size_z = 22
energy_range = 9
exhaustiveness = 32
num_modes = 10