center_x = 17.311938356164383
center_y = -25.285547945205472
center_z = 44.52808219178082
size_x = 22
size_y = 22
size_z = 22
energy_range = 9
exhaustiveness = 32
num_modes = 10