center_x = 11.767873134328363
center_y = -40.53347761194031
center_z = 44.73971641791045
size_x = 22
size_y = 22
size_z = 22
energy_range = 9
exhaustiveness = 32
num_modes = 10