center_x = 12.294199619771856
center_y = -39.13035931558937
center_z = 44.70622053231937
size_x = 22
size_y = 22
size_z = 22
energy_range = 9
exhaustiveness = 32
num_modes = 10