center_x = 11.642664031620562
center_y = -41.04038932806325
center_z = 44.7525553359684
size_x = 22
size_y = 22
size_z = 22
energy_range = 9
exhaustiveness = 32
num_modes = 10