center_x = 15.466689189189175
center_y = -30.462740540540565
center_z = 44.64594594594598
size_x = 22
size_y = 22
size_z = 22
energy_range = 9
exhaustiveness = 32
num_modes = 10