center_x = 16.322952554744514
center_y = -27.93545985401459
center_z = 44.68272627737226
size_x = 22
size_y = 22
size_z = 22
energy_range = 9
exhaustiveness = 32
num_modes = 10