center_x = 14.30609356725146
center_y = -33.458383040935615
center_z = 44.66053801169591
size_x = 22
size_y = 22
size_z = 22
energy_range = 9
exhaustiveness = 32
num_modes = 10