center_x = 4.019919047619045
center_y = -62.19235714285716
center_z = 44.92581904761903
size_x = 22
size_y = 22
size_z = 22
energy_range = 9
exhaustiveness = 32
num_modes = 10