center_x = 6.020845
center_y = -56.53223999999998
center_z = 44.83410000000001
size_x = 22
size_y = 22
size_z = 22
energy_range = 9
exhaustiveness = 32
num_modes = 10