center_x = 8.905777343749998
center_y = -48.83583984375002
center_z = 44.81984375
size_x = 22
size_y = 22
size_z = 22
energy_range = 9
exhaustiveness = 32
num_modes = 10