center_x = 14.185121428571431
center_y = -33.69909999999999
center_z = 44.70515
size_x = 22
size_y = 22
size_z = 22
energy_range = 9
exhaustiveness = 32
num_modes = 10