center_x = -5.200661157024795
center_y = -47.92409917355373
center_z = -17.919413223140495
size_x = 22
size_y = 22
size_z = 22
energy_range = 9
exhaustiveness = 32
num_modes = 10