center_x = 10.701373015873015
center_y = -36.69950793650794
center_z = 4.884777777777778
size_x = 22
size_y = 22
size_z = 22
energy_range = 9
exhaustiveness = 32
num_modes = 10