center_x = -2.739059999999999
center_y = -6.940479999999999
center_z = -5.6083700000000025
size_x = 22
size_y = 22
size_z = 22
energy_range = 9
exhaustiveness = 32
num_modes = 10