center_x = -11.0277012987013
center_y = -51.98976623376624
center_z = -8.151649350649354
size_x = 22
size_y = 22
size_z = 22
energy_range = 9
exhaustiveness = 32
num_modes = 10