center_x = -3.8426629213483134
center_y = -45.255764044943845
center_z = -23.19583146067416
size_x = 22
size_y = 22
size_z = 22
energy_range = 9
exhaustiveness = 32
num_modes = 10