center_x = -12.369716981132076
center_y = -25.11547169811321
center_z = -19.215031446540877
size_x = 22
size_y = 22
size_z = 22
energy_range = 9
exhaustiveness = 32
num_modes = 10