center_x = -12.350076190476193
center_y = -47.231333333333325
center_z = -27.88258095238096
size_x = 22
size_y = 22
size_z = 22
energy_range = 9
exhaustiveness = 32
num_modes = 10