center_x = 10.141878571428576
center_y = -30.61432142857144
center_z = 7.257550000000004
size_x = 22
size_y = 22
size_z = 22
energy_range = 9
exhaustiveness = 32
num_modes = 10