center_x = -8.902425196850396
center_y = -26.279425196850383
center_z = 1.405929133858268
size_x = 22
size_y = 22
size_z = 22
energy_range = 9
exhaustiveness = 32
num_modes = 10