center_x = -7.359701923076923
center_y = -34.62923557692306
center_z = -14.974105769230782
size_x = 22
size_y = 22
size_z = 22
energy_range = 9
exhaustiveness = 32
num_modes = 10