center_x = -12.79770229007634
center_y = -50.47706106870229
center_z = -15.660885496183203
size_x = 22
size_y = 22
size_z = 22
energy_range = 9
exhaustiveness = 32
num_modes = 10