center_x = -15.841200000000004
center_y = -31.616188888888896
center_z = -33.26207777777776
size_x = 22
size_y = 22
size_z = 22
energy_range = 9
exhaustiveness = 32
num_modes = 10