center_x = 1.0210510948905105
center_y = -29.544532846715335
center_z = 4.310664233576643
size_x = 22
size_y = 22
size_z = 22
energy_range = 9
exhaustiveness = 32
num_modes = 10