center_x = -15.260940170940165
center_y = -19.63914529914529
center_z = -7.14616239316239
size_x = 22
size_y = 22
size_z = 22
energy_range = 9
exhaustiveness = 32
num_modes = 10