center_x = 0.0915062499999997
center_y = -48.34956875
center_z = -7.6600375
size_x = 22
size_y = 22
size_z = 22
energy_range = 9
exhaustiveness = 32
num_modes = 10