center_x = 15.230802816901408
center_y = -32.747887323943665
center_z = -13.427204225352114
size_x = 22
size_y = 22
size_z = 22
energy_range = 9
exhaustiveness = 32
num_modes = 10