center_x = -18.414467005076133
center_y = -11.6792538071066
center_z = -10.750664974619289
size_x = 22
size_y = 22
size_z = 22
energy_range = 9
exhaustiveness = 32
num_modes = 10