center_x = 0.9255679999999996
center_y = -31.775752000000004
center_z = -19.498912
size_x = 22
size_y = 22
size_z = 22
energy_range = 9
exhaustiveness = 32
num_modes = 10