center_x = 18.369256198347102
center_y = -24.88890082644628
center_z = -4.918892561983474
size_x = 22
size_y = 22
size_z = 22
energy_range = 9
exhaustiveness = 32
num_modes = 10