center_x = -18.15882474226804
center_y = -28.43115463917525
center_z = -6.850773195876287
size_x = 22
size_y = 22
size_z = 22
energy_range = 9
exhaustiveness = 32
num_modes = 10