center_x = -25.075712
center_y = -25.33614400000001
center_z = -18.747928
size_x = 22
size_y = 22
size_z = 22
energy_range = 9
exhaustiveness = 32
num_modes = 10