center_x = -20.750086419753075
center_y = -50.90279012345678
center_z = -17.438561728395065
size_x = 22
size_y = 22
size_z = 22
energy_range = 9
exhaustiveness = 32
num_modes = 10