center_x = -27.28937106918241
center_y = -36.67535849056604
center_z = -7.924603773584908
size_x = 22
size_y = 22
size_z = 22
energy_range = 9
exhaustiveness = 32
num_modes = 10