center_x = -19.838285714285707
center_y = -46.03607142857143
center_z = -5.191095238095238
size_x = 22
size_y = 22
size_z = 22
energy_range = 9
exhaustiveness = 32
num_modes = 10