center_x = -15.042812834224586
center_y = -35.73009090909094
center_z = -2.98687165775401
size_x = 22
size_y = 22
size_z = 22
energy_range = 9
exhaustiveness = 32
num_modes = 10