center_x = 2.6498020833333347
center_y = -25.13470833333335
center_z = 7.810593749999999
size_x = 22
size_y = 22
size_z = 22
energy_range = 9
exhaustiveness = 32
num_modes = 10