center_x = -21.823368181818196
center_y = -23.79131363636362
center_z = -13.675645454545457
size_x = 22
size_y = 22
size_z = 22
energy_range = 9
exhaustiveness = 32
num_modes = 10