center_x = -28.03355725190841
center_y = -6.616190839694655
center_z = -30.86051908396948
size_x = 22
size_y = 22
size_z = 22
energy_range = 9
exhaustiveness = 32
num_modes = 10