center_x = 5.030767567567568
center_y = -5.157664864864861
center_z = -28.085437837837823
size_x = 22
size_y = 22
size_z = 22
energy_range = 9
exhaustiveness = 32
num_modes = 10