center_x = -19.41651973684209
center_y = -7.297223684210529
center_z = -39.07799342105264
size_x = 22
size_y = 22
size_z = 22
energy_range = 9
exhaustiveness = 32
num_modes = 10