center_x = -13.22221428571428
center_y = -14.114714285714289
center_z = -25.511238095238102
size_x = 22
size_y = 22
size_z = 22
energy_range = 9
exhaustiveness = 32
num_modes = 10