center_x = -12.03957522123894
center_y = -10.726787610619471
center_z = -41.0013628318584
size_x = 22
size_y = 22
size_z = 22
energy_range = 9
exhaustiveness = 32
num_modes = 10