center_x = 5.91494160583942
center_y = -0.1987153284671531
center_z = -20.528525547445263
size_x = 22
size_y = 22
size_z = 22
energy_range = 9
exhaustiveness = 32
num_modes = 10