center_x = 7.874132231404959
center_y = -7.753190082644629
center_z = -15.480512396694206
size_x = 22
size_y = 22
size_z = 22
energy_range = 9
exhaustiveness = 32
num_modes = 10