center_x = -15.75509055118109
center_y = -4.444496062992121
center_z = -27.53584251968504
size_x = 22
size_y = 22
size_z = 22
energy_range = 9
exhaustiveness = 32
num_modes = 10