center_x = -28.9999387755102
center_y = -4.837979591836735
center_z = -24.825353741496592
size_x = 22
size_y = 22
size_z = 22
energy_range = 9
exhaustiveness = 32
num_modes = 10