center_x = -8.189107692307692
center_y = 2.2198307692307693
center_z = -25.34275897435897
size_x = 22
size_y = 22
size_z = 22
energy_range = 9
exhaustiveness = 32
num_modes = 10