center_x = 9.567621359223295
center_y = -21.022631067961168
center_z = -35.228446601941755
size_x = 22
size_y = 22
size_z = 22
energy_range = 9
exhaustiveness = 32
num_modes = 10