center_x = 1.3147282608695654
center_y = -11.490141304347825
center_z = -39.42405434782609
size_x = 22
size_y = 22
size_z = 22
energy_range = 9
exhaustiveness = 32
num_modes = 10