center_x = 8.96666336633663
center_y = -14.211613861386136
center_z = -38.33433663366336
size_x = 22
size_y = 22
size_z = 22
energy_range = 9
exhaustiveness = 32
num_modes = 10