center_x = -6.741561797752807
center_y = -13.7263595505618
center_z = -16.238022471910114
size_x = 22
size_y = 22
size_z = 22
energy_range = 9
exhaustiveness = 32
num_modes = 10