center_x = -6.126769230769234
center_y = 19.211851648351647
center_z = 124.54665384615384
size_x = 22
size_y = 22
size_z = 22
energy_range = 9
exhaustiveness = 32
num_modes = 10