center_x = -20.0328625
center_y = 24.95345
center_z = 130.95586249999997
size_x = 22
size_y = 22
size_z = 22
energy_range = 9
exhaustiveness = 32
num_modes = 10