center_x = -8.090057692307692
center_y = 23.120365384615397
center_z = 130.42806410256404
size_x = 22
size_y = 22
size_z = 22
energy_range = 9
exhaustiveness = 32
num_modes = 10