center_x = -13.705833333333336
center_y = 5.280359649122807
center_z = 117.68421929824568
size_x = 22
size_y = 22
size_z = 22
energy_range = 9
exhaustiveness = 32
num_modes = 10