center_x = -19.354164556962036
center_y = 4.553088607594938
center_z = 126.87398734177216
size_x = 22
size_y = 22
size_z = 22
energy_range = 9
exhaustiveness = 32
num_modes = 10