center_x = -20.47892134831461
center_y = 28.960797752809004
center_z = 129.91431460674158
size_x = 22
size_y = 22
size_z = 22
energy_range = 9
exhaustiveness = 32
num_modes = 10