center_x = -17.10730866807612
center_y = 13.31815221987316
center_z = 135.60264270613115
size_x = 22
size_y = 22
size_z = 22
energy_range = 9
exhaustiveness = 32
num_modes = 10