center_x = -27.81105128205129
center_y = 9.255769230769232
center_z = 147.0746282051282
size_x = 22
size_y = 22
size_z = 22
energy_range = 9
exhaustiveness = 32
num_modes = 10