center_x = -17.673410526315795
center_y = 13.274257894736843
center_z = 114.5992631578948
size_x = 22
size_y = 22
size_z = 22
energy_range = 9
exhaustiveness = 32
num_modes = 10