center_x = -29.71221491228071
center_y = 17.21523684210527
center_z = 136.45671929824562
size_x = 22
size_y = 22
size_z = 22
energy_range = 9
exhaustiveness = 32
num_modes = 10