center_x = -40.71565432098766
center_y = 19.14437037037038
center_z = 131.69772839506177
size_x = 22
size_y = 22
size_z = 22
energy_range = 9
exhaustiveness = 32
num_modes = 10