center_x = -12.381530201342278
center_y = 23.6218255033557
center_z = 120.950288590604
size_x = 22
size_y = 22
size_z = 22
energy_range = 9
exhaustiveness = 32
num_modes = 10