center_x = 49.98860784313725
center_y = 96.68031372549017
center_z = 9.297715686274511
size_x = 22
size_y = 22
size_z = 22
energy_range = 9
exhaustiveness = 32
num_modes = 10