center_x = 36.65477981651374
center_y = 104.02759633027516
center_z = 17.087912844036694
size_x = 22
size_y = 22
size_z = 22
energy_range = 9
exhaustiveness = 32
num_modes = 10