center_x = 45.99586764705881
center_y = 120.17009558823528
center_z = 7.048375
size_x = 22
size_y = 22
size_z = 22
energy_range = 9
exhaustiveness = 32
num_modes = 10