center_x = 40.44765882352943
center_y = 101.78638823529415
center_z = 21.594400000000004
size_x = 22
size_y = 22
size_z = 22
energy_range = 9
exhaustiveness = 32
num_modes = 10