center_x = 32.54804237288135
center_y = 112.79396610169492
center_z = 13.701720338983057
size_x = 22
size_y = 22
size_z = 22
energy_range = 9
exhaustiveness = 32
num_modes = 10