center_x = 54.45375330396474
center_y = 94.6263744493392
center_z = 20.381735682819397
size_x = 22
size_y = 22
size_z = 22
energy_range = 9
exhaustiveness = 32
num_modes = 10