center_x = 51.0020215827338
center_y = 114.58460431654672
center_z = 13.322705035971222
size_x = 22
size_y = 22
size_z = 22
energy_range = 9
exhaustiveness = 32
num_modes = 10