center_x = 53.23672043010755
center_y = 106.58683333333336
center_z = 2.185467741935484
size_x = 22
size_y = 22
size_z = 22
energy_range = 9
exhaustiveness = 32
num_modes = 10