center_x = 61.40687599999999
center_y = 74.174608
center_z = 259.8158320000001
size_x = 22
size_y = 22
size_z = 22
energy_range = 9
exhaustiveness = 32
num_modes = 10