center_x = 75.100625
center_y = 59.48740441176472
center_z = 281.4862426470587
size_x = 22
size_y = 22
size_z = 22
energy_range = 9
exhaustiveness = 32
num_modes = 10