center_x = 62.095330275229344
center_y = 72.78605504587155
center_z = 275.48891743119253
size_x = 22
size_y = 22
size_z = 22
energy_range = 9
exhaustiveness = 32
num_modes = 10