center_x = 84.75755
center_y = 62.25464166666665
center_z = 275.7866916666666
size_x = 22
size_y = 22
size_z = 22
energy_range = 9
exhaustiveness = 32
num_modes = 10