center_x = 104.50309259259262
center_y = 68.87584567901234
center_z = 259.2241851851853
size_x = 22
size_y = 22
size_z = 22
energy_range = 9
exhaustiveness = 32
num_modes = 10