center_x = 82.30447590361452
center_y = 55.65483734939755
center_z = 260.7679096385543
size_x = 22
size_y = 22
size_z = 22
energy_range = 9
exhaustiveness = 32
num_modes = 10