center_x = 88.76519130434782
center_y = 68.93409565217391
center_z = 266.25278260869567
size_x = 22
size_y = 22
size_z = 22
energy_range = 9
exhaustiveness = 32
num_modes = 10