center_x = 111.6376263736264
center_y = 57.75646153846152
center_z = 255.5597472527473
size_x = 22
size_y = 22
size_z = 22
energy_range = 9
exhaustiveness = 32
num_modes = 10