center_x = 98.61194623655912
center_y = 43.97515591397848
center_z = 242.222069892473
size_x = 22
size_y = 22
size_z = 22
energy_range = 9
exhaustiveness = 32
num_modes = 10