center_x = 59.02289495798326
center_y = 59.44131092436974
center_z = 265.02179411764695
size_x = 22
size_y = 22
size_z = 22
energy_range = 9
exhaustiveness = 32
num_modes = 10