center_x = 77.58735395189005
center_y = 66.92150171821307
center_z = 261.5034432989693
size_x = 22
size_y = 22
size_z = 22
energy_range = 9
exhaustiveness = 32
num_modes = 10