center_x = 93.05370149253734
center_y = 43.8244552238806
center_z = 244.3753955223881
size_x = 22
size_y = 22
size_z = 22
energy_range = 9
exhaustiveness = 32
num_modes = 10