center_x = 67.54099999999998
center_y = 85.82192307692311
center_z = 262.52203418803407
size_x = 22
size_y = 22
size_z = 22
energy_range = 9
exhaustiveness = 32
num_modes = 10