center_x = 92.268568627451
center_y = 53.56947058823529
center_z = 244.83827450980385
size_x = 22
size_y = 22
size_z = 22
energy_range = 9
exhaustiveness = 32
num_modes = 10