center_x = 91.31781506849312
center_y = 60.452089041095874
center_z = 249.1832534246576
size_x = 22
size_y = 22
size_z = 22
energy_range = 9
exhaustiveness = 32
num_modes = 10