center_x = 102.48597023809526
center_y = 65.7929285714286
center_z = 247.4935892857141
size_x = 22
size_y = 22
size_z = 22
energy_range = 9
exhaustiveness = 32
num_modes = 10