center_x = 107.40257812500006
center_y = 39.666578125
center_z = 245.431078125
size_x = 22
size_y = 22
size_z = 22
energy_range = 9
exhaustiveness = 32
num_modes = 10