center_x = 91.44402325581396
center_y = 49.56234883720932
center_z = 273.52117054263573
size_x = 22
size_y = 22
size_z = 22
energy_range = 9
exhaustiveness = 32
num_modes = 10