center_x = 69.8314732142857
center_y = 72.17442857142855
center_z = 274.847232142857
size_x = 22
size_y = 22
size_z = 22
energy_range = 9
exhaustiveness = 32
num_modes = 10