center_x = 67.51146666666668
center_y = 48.66809333333333
center_z = 277.1050733333334
size_x = 22
size_y = 22
size_z = 22
energy_range = 9
exhaustiveness = 32
num_modes = 10