center_x = 59.9237421383648
center_y = 69.05566247379458
center_z = 268.1024549266246
size_x = 22
size_y = 22
size_z = 22
energy_range = 9
exhaustiveness = 32
num_modes = 10