center_x = 56.394043010752696
center_y = 58.32484946236556
center_z = 282.42458064516126
size_x = 22
size_y = 22
size_z = 22
energy_range = 9
exhaustiveness = 32
num_modes = 10