center_x = 91.14646082089556
center_y = 49.37236940298509
center_z = 266.2245093283582
size_x = 22
size_y = 22
size_z = 22
energy_range = 9
exhaustiveness = 32
num_modes = 10