center_x = 67.12708878504668
center_y = 72.21582710280373
center_z = 255.44624299065427
size_x = 22
size_y = 22
size_z = 22
energy_range = 9
exhaustiveness = 32
num_modes = 10