center_x = 110.44371653543315
center_y = 60.722818897637815
center_z = 259.4880393700788
size_x = 22
size_y = 22
size_z = 22
energy_range = 9
exhaustiveness = 32
num_modes = 10