center_x = 100.91164102564105
center_y = 41.08588034188035
center_z = 262.5483760683762
size_x = 22
size_y = 22
size_z = 22
energy_range = 9
exhaustiveness = 32
num_modes = 10