center_x = 97.05385849056604
center_y = 32.89041509433963
center_z = 252.33825471698103
size_x = 22
size_y = 22
size_z = 22
energy_range = 9
exhaustiveness = 32
num_modes = 10