center_x = 60.73374285714286
center_y = 46.2064476190476
center_z = 274.5594095238096
size_x = 22
size_y = 22
size_z = 22
energy_range = 9
exhaustiveness = 32
num_modes = 10