center_x = 69.252375
center_y = 47.35852343749999
center_z = 282.17786718749994
size_x = 22
size_y = 22
size_z = 22
energy_range = 9
exhaustiveness = 32
num_modes = 10