center_x = 95.85325196850388
center_y = 49.4249724409449
center_z = 252.6483700787401
size_x = 22
size_y = 22
size_z = 22
energy_range = 9
exhaustiveness = 32
num_modes = 10