center_x = 83.88446666666665
center_y = 68.92785714285715
center_z = 268.88769523809515
size_x = 22
size_y = 22
size_z = 22
energy_range = 9
exhaustiveness = 32
num_modes = 10