center_x = -26.600881578947373
center_y = -17.14386842105263
center_z = -18.54338815789474
size_x = 22
size_y = 22
size_z = 22
energy_range = 9
exhaustiveness = 32
num_modes = 10