center_x = -9.748759259259256
center_y = -17.32696913580246
center_z = -15.308290123456786
size_x = 22
size_y = 22
size_z = 22
energy_range = 9
exhaustiveness = 32
num_modes = 10