center_x = -6.500677165354331
center_y = -12.402338582677167
center_z = -21.993047244094488
size_x = 22
size_y = 22
size_z = 22
energy_range = 9
exhaustiveness = 32
num_modes = 10