center_x = -8.06327607361963
center_y = 8.016312883435585
center_z = -16.771331288343568
size_x = 22
size_y = 22
size_z = 22
energy_range = 9
exhaustiveness = 32
num_modes = 10