center_x = -17.994434782608703
center_y = -16.539440993788826
center_z = -25.933273291925456
size_x = 22
size_y = 22
size_z = 22
energy_range = 9
exhaustiveness = 32
num_modes = 10