center_x = -18.558256880733957
center_y = -23.59945412844036
center_z = -11.940807339449533
size_x = 22
size_y = 22
size_z = 22
energy_range = 9
exhaustiveness = 32
num_modes = 10