center_x = -13.173999999999996
center_y = -3.1920459770114973
center_z = -29.935310344827577
size_x = 22
size_y = 22
size_z = 22
energy_range = 9
exhaustiveness = 32
num_modes = 10