center_x = -20.87796732026144
center_y = 2.425019607843138
center_z = -28.284163398692808
size_x = 22
size_y = 22
size_z = 22
energy_range = 9
exhaustiveness = 32
num_modes = 10