center_x = -11.275039682539685
center_y = 24.17661111111112
center_z = -26.043007936507927
size_x = 22
size_y = 22
size_z = 22
energy_range = 9
exhaustiveness = 32
num_modes = 10