center_x = -29.160576271186457
center_y = 15.70653389830509
center_z = -13.665728813559324
size_x = 22
size_y = 22
size_z = 22
energy_range = 9
exhaustiveness = 32
num_modes = 10