center_x = -21.85217700112741
center_y = 15.523397970687714
center_z = -22.12220180383315
size_x = 22
size_y = 22
size_z = 22
energy_range = 9
exhaustiveness = 32
num_modes = 10