center_x = -16.194855999999998
center_y = -29.640168
center_z = 0.1884560000000002
size_x = 22
size_y = 22
size_z = 22
energy_range = 9
exhaustiveness = 32
num_modes = 10