center_x = -14.085940476190473
center_y = -53.280714285714296
center_z = 6.210488095238095
size_x = 22
size_y = 22
size_z = 22
energy_range = 9
exhaustiveness = 32
num_modes = 10