center_x = -24.754343137254903
center_y = -27.131225490196066
center_z = -9.562343137254906
size_x = 22
size_y = 22
size_z = 22
energy_range = 9
exhaustiveness = 32
num_modes = 10