center_x = -20.94459230769231
center_y = -40.34063846153848
center_z = -1.5947346153846151
size_x = 22
size_y = 22
size_z = 22
energy_range = 9
exhaustiveness = 32
num_modes = 10