center_x = -11.346362962962964
center_y = -3.759718518518518
center_z = -11.436881481481487
size_x = 22
size_y = 22
size_z = 22
energy_range = 9
exhaustiveness = 32
num_modes = 10