center_x = -16.925044086021515
center_y = -35.3160107526882
center_z = -18.483933333333347
size_x = 22
size_y = 22
size_z = 22
energy_range = 9
exhaustiveness = 32
num_modes = 10