center_x = -12.24558284023669
center_y = -39.995426035502966
center_z = -18.483893491124253
size_x = 22
size_y = 22
size_z = 22
energy_range = 9
exhaustiveness = 32
num_modes = 10