center_x = -11.936633663366344
center_y = -40.30349504950495
center_z = -18.48419801980199
size_x = 22
size_y = 22
size_z = 22
energy_range = 9
exhaustiveness = 32
num_modes = 10