center_x = -10.296362162162168
center_y = -41.944170270270256
center_z = -18.48407837837837
size_x = 22
size_y = 22
size_z = 22
energy_range = 9
exhaustiveness = 32
num_modes = 10