center_x = -23.894030054644773
center_y = -28.34697814207649
center_z = -18.48388524590164
size_x = 22
size_y = 22
size_z = 22
energy_range = 9
exhaustiveness = 32
num_modes = 10