center_x = -29.103245033112564
center_y = -23.137354304635775
center_z = -18.483506622516558
size_x = 22
size_y = 22
size_z = 22
energy_range = 9
exhaustiveness = 32
num_modes = 10