center_x = -22.89199342105265
center_y = -29.349013157894724
center_z = -18.483850877192992
size_x = 22
size_y = 22
size_z = 22
energy_range = 9
exhaustiveness = 32
num_modes = 10