center_x = -21.86514726027396
center_y = -30.37572260273973
center_z = -18.48382876712329
size_x = 22
size_y = 22
size_z = 22
energy_range = 9
exhaustiveness = 32
num_modes = 10