center_x = -27.957495652173893
center_y = -24.2835043478261
center_z = -18.48388695652172
size_x = 22
size_y = 22
size_z = 22
energy_range = 9
exhaustiveness = 32
num_modes = 10