center_x = -28.54401428571428
center_y = -23.700046428571422
center_z = -18.483114285714294
size_x = 22
size_y = 22
size_z = 22
energy_range = 9
exhaustiveness = 32
num_modes = 10