center_x = -23.894030054644805
center_y = -28.34697814207651
center_z = -18.483885245901632
size_x = 22
size_y = 22
size_z = 22
energy_range = 9
exhaustiveness = 32
num_modes = 10