center_x = -11.936633663366331
center_y = -40.303495049504924
center_z = -18.484198019801983
size_x = 22
size_y = 22
size_z = 22
energy_range = 9
exhaustiveness = 32
num_modes = 10