center_x = -28.544014285714287
center_y = -23.70004642857142
center_z = -18.483114285714286
size_x = 22
size_y = 22
size_z = 22
energy_range = 9
exhaustiveness = 32
num_modes = 10