center_x = -12.245582840236688
center_y = -39.99542603550297
center_z = -18.48389349112426
size_x = 22
size_y = 22
size_z = 22
energy_range = 9
exhaustiveness = 32
num_modes = 10