center_x = 3.5504765100671114
center_y = 53.33369127516779
center_z = -10.942161073825506
size_x = 22
size_y = 22
size_z = 22
energy_range = 9
exhaustiveness = 32
num_modes = 10