center_x = -0.5694672897196261
center_y = 42.074672897196265
center_z = 12.604093457943929
size_x = 22
size_y = 22
size_z = 22
energy_range = 9
exhaustiveness = 32
num_modes = 10