center_x = -2.445406593406594
center_y = 52.328318681318684
center_z = -9.219318681318684
size_x = 22
size_y = 22
size_z = 22
energy_range = 9
exhaustiveness = 32
num_modes = 10