center_x = 10.800885869565214
center_y = 43.35596195652178
center_z = -8.332548913043476
size_x = 22
size_y = 22
size_z = 22
energy_range = 9
exhaustiveness = 32
num_modes = 10