center_x = 21.436075471698125
center_y = 40.41053369272238
center_z = -3.3144743935309955
size_x = 22
size_y = 22
size_z = 22
energy_range = 9
exhaustiveness = 32
num_modes = 10