center_x = -3.670055555555555
center_y = 42.70280555555556
center_z = -0.3698148148148148
size_x = 22
size_y = 22
size_z = 22
energy_range = 9
exhaustiveness = 32
num_modes = 10