center_x = 25.006686440677967
center_y = 31.19834745762712
center_z = 6.632652542372877
size_x = 22
size_y = 22
size_z = 22
energy_range = 9
exhaustiveness = 32
num_modes = 10