center_x = -1.3292313432835825
center_y = 41.85573134328359
center_z = -8.194865671641795
size_x = 22
size_y = 22
size_z = 22
energy_range = 9
exhaustiveness = 32
num_modes = 10