center_x = -8.297141843971634
center_y = 45.56127659574467
center_z = 4.8588865248226965
size_x = 22
size_y = 22
size_z = 22
energy_range = 9
exhaustiveness = 32
num_modes = 10