center_x = 11.658876923076916
center_y = 22.599423076923078
center_z = -15.179892307692311
size_x = 22
size_y = 22
size_z = 22
energy_range = 9
exhaustiveness = 32
num_modes = 10