center_x = 25.939480582524286
center_y = 48.34241747572815
center_z = -0.0275922330097086
size_x = 22
size_y = 22
size_z = 22
energy_range = 9
exhaustiveness = 32
num_modes = 10