center_x = 10.200688524590165
center_y = 54.90404918032783
center_z = -11.747065573770488
size_x = 22
size_y = 22
size_z = 22
energy_range = 9
exhaustiveness = 32
num_modes = 10