center_x = 28.83424444444445
center_y = 30.601266666666675
center_z = -14.512859259259258
size_x = 22
size_y = 22
size_z = 22
energy_range = 9
exhaustiveness = 32
num_modes = 10