center_x = 13.636193333333336
center_y = 63.80978666666666
center_z = -5.278213333333334
size_x = 22
size_y = 22
size_z = 22
energy_range = 9
exhaustiveness = 32
num_modes = 10