center_x = 22.00471111111111
center_y = 16.31375555555555
center_z = 0.0971777777777777
size_x = 22
size_y = 22
size_z = 22
energy_range = 9
exhaustiveness = 32
num_modes = 10