center_x = 15.548748091603054
center_y = 21.340015267175573
center_z = 2.5928015267175573
size_x = 22
size_y = 22
size_z = 22
energy_range = 9
exhaustiveness = 32
num_modes = 10