receptor = data/6jt3/6jt3_ligand.pdbqt
ligand = data/6jt3/6jt3_protein.pdbqt
center_x = 21.436075471698125
center_y = 40.41053369272238
center_z = -3.3144743935309955
size_x = 24.97584905660375
size_y = 27.218932614555243
size_z = 32.62305121293801
energy_range = 9
exhaustiveness = 32
num_modes = 10