center_x = 13.850791878172588
center_y = 33.79841624365483
center_z = -11.203096446700508
size_x = 22
size_y = 22
size_z = 22
energy_range = 9
exhaustiveness = 32
num_modes = 10