center_x = 18.704666666666668
center_y = 67.44590090090088
center_z = -0.878477477477477
size_x = 22
size_y = 22
size_z = 22
energy_range = 9
exhaustiveness = 32
num_modes = 10