center_x = 21.298362637362636
center_y = 60.63400000000001
center_z = 13.15976923076923
size_x = 22
size_y = 22
size_z = 22
energy_range = 9
exhaustiveness = 32
num_modes = 10