center_x = -5.311526315789473
center_y = 54.07989473684213
center_z = 7.75073684210526
size_x = 22
size_y = 22
size_z = 22
energy_range = 9
exhaustiveness = 32
num_modes = 10