center_x = -10.001029197080294
center_y = 19.48084671532846
center_z = 29.75732116788321
size_x = 22
size_y = 22
size_z = 22
energy_range = 9
exhaustiveness = 32
num_modes = 10