center_x = -12.991471074380168
center_y = 4.0112148760330575
center_z = 33.39173553719009
size_x = 22
size_y = 22
size_z = 22
energy_range = 9
exhaustiveness = 32
num_modes = 10