center_x = -20.63306382978724
center_y = 2.9381560283687933
center_z = 17.288226950354595
size_x = 22
size_y = 22
size_z = 22
energy_range = 9
exhaustiveness = 32
num_modes = 10