center_x = -15.759342307692307
center_y = 6.167988461538462
center_z = 23.724649999999983
size_x = 22
size_y = 22
size_z = 22
energy_range = 9
exhaustiveness = 32
num_modes = 10