center_x = -4.806630573248407
center_y = 4.881726114649682
center_z = 0.6702993630573256
size_x = 22
size_y = 22
size_z = 22
energy_range = 9
exhaustiveness = 32
num_modes = 10