center_x = -0.5038275862068965
center_y = 21.53571724137931
center_z = 35.92582758620691
size_x = 22
size_y = 22
size_z = 22
energy_range = 9
exhaustiveness = 32
num_modes = 10