center_x = -22.777330827067672
center_y = 13.682458646616542
center_z = 11.955150375939848
size_x = 22
size_y = 22
size_z = 22
energy_range = 9
exhaustiveness = 32
num_modes = 10