center_x = -2.259397540983605
center_y = 19.291344262295084
center_z = 22.217209016393436
size_x = 22
size_y = 22
size_z = 22
energy_range = 9
exhaustiveness = 32
num_modes = 10