center_x = 4.240547579298831
center_y = 8.957786310517527
center_z = 21.997439065108523
size_x = 22
size_y = 22
size_z = 22
energy_range = 9
exhaustiveness = 32
num_modes = 10