center_x = -6.869812500000001
center_y = 7.641322916666668
center_z = -8.0005625
size_x = 22
size_y = 22
size_z = 22
energy_range = 9
exhaustiveness = 32
num_modes = 10