center_x = -9.990494661921709
center_y = 13.56601779359432
center_z = -5.715590747330959
size_x = 22
size_y = 22
size_z = 22
energy_range = 9
exhaustiveness = 32
num_modes = 10