center_x = -19.615542168674693
center_y = 13.926036144578312
center_z = 17.406518072289153
size_x = 22
size_y = 22
size_z = 22
energy_range = 9
exhaustiveness = 32
num_modes = 10