center_x = -7.537104477611941
center_y = 19.198626865671645
center_z = 2.897313432835822
size_x = 22
size_y = 22
size_z = 22
energy_range = 9
exhaustiveness = 32
num_modes = 10