center_x = 2.4257007299270072
center_y = -5.81919708029197
center_z = 6.425970802919708
size_x = 22
size_y = 22
size_z = 22
energy_range = 9
exhaustiveness = 32
num_modes = 10