center_x = -5.625380530973453
center_y = -14.068176991150436
center_z = 5.273504424778761
size_x = 22
size_y = 22
size_z = 22
energy_range = 9
exhaustiveness = 32
num_modes = 10