center_x = -19.59265882352941
center_y = -14.014270588235291
center_z = 2.066952941176471
size_x = 22
size_y = 22
size_z = 22
energy_range = 9
exhaustiveness = 32
num_modes = 10