center_x = -14.59022950819672
center_y = -8.366483606557376
center_z = 14.030901639344265
size_x = 22
size_y = 22
size_z = 22
energy_range = 9
exhaustiveness = 32
num_modes = 10