center_x = -14.987560975609751
center_y = -14.904943089430892
center_z = -0.728626016260163
size_x = 22
size_y = 22
size_z = 22
energy_range = 9
exhaustiveness = 32
num_modes = 10