center_x = -22.115251748251747
center_y = -0.588090909090909
center_z = 9.329664335664331
size_x = 22
size_y = 22
size_z = 22
energy_range = 9
exhaustiveness = 32
num_modes = 10