center_x = -9.73918487394958
center_y = 6.33217647058824
center_z = 18.013260504201686
size_x = 22
size_y = 22
size_z = 22
energy_range = 9
exhaustiveness = 32
num_modes = 10