center_x = -13.354524590163932
center_y = -15.56013114754099
center_z = 10.235926229508197
size_x = 22
size_y = 22
size_z = 22
energy_range = 9
exhaustiveness = 32
num_modes = 10