center_x = -19.363559055118102
center_y = -9.21676377952756
center_z = -4.868999999999999
size_x = 22
size_y = 22
size_z = 22
energy_range = 9
exhaustiveness = 32
num_modes = 10