center_x = -1.2656355140186917
center_y = 6.6267476635514
center_z = 8.204859813084108
size_x = 22
size_y = 22
size_z = 22
energy_range = 9
exhaustiveness = 32
num_modes = 10