center_x = -15.591316981132078
center_y = 7.56230566037736
center_z = 3.414581132075474
size_x = 22
size_y = 22
size_z = 22
energy_range = 9
exhaustiveness = 32
num_modes = 10