center_x = 24.25320625
center_y = 59.01230625000003
center_z = 468.7520125000001
size_x = 22
size_y = 22
size_z = 22
energy_range = 9
exhaustiveness = 32
num_modes = 10