center_x = 36.05485576923076
center_y = 43.86969230769232
center_z = 457.5705865384616
size_x = 22
size_y = 22
size_z = 22
energy_range = 9
exhaustiveness = 32
num_modes = 10