center_x = 25.47513483146066
center_y = 69.15068539325844
center_z = 481.9270112359551
size_x = 22
size_y = 22
size_z = 22
energy_range = 9
exhaustiveness = 32
num_modes = 10