center_x = 30.17912765957447
center_y = 72.42780851063827
center_z = 464.1042872340423
size_x = 22
size_y = 22
size_z = 22
energy_range = 9
exhaustiveness = 32
num_modes = 10