center_x = 46.11409561752989
center_y = 54.09816334661352
center_z = 451.9712509960159
size_x = 22
size_y = 22
size_z = 22
energy_range = 9
exhaustiveness = 32
num_modes = 10