center_x = 31.223789062500003
center_y = 57.493140625
center_z = 452.32282812500006
size_x = 22
size_y = 22
size_z = 22
energy_range = 9
exhaustiveness = 32
num_modes = 10