center_x = 62.453129310344806
center_y = 48.533913793103466
center_z = 455.8010172413792
size_x = 22
size_y = 22
size_z = 22
energy_range = 9
exhaustiveness = 32
num_modes = 10