center_x = 44.353580645161294
center_y = 50.89258651026396
center_z = 462.3951085043987
size_x = 22
size_y = 22
size_z = 22
energy_range = 9
exhaustiveness = 32
num_modes = 10