center_x = 22.043373333333346
center_y = 67.07837333333336
center_z = 465.1084266666665
size_x = 22
size_y = 22
size_z = 22
energy_range = 9
exhaustiveness = 32
num_modes = 10