center_x = 33.04894230769232
center_y = 48.97377884615386
center_z = 451.0477403846157
size_x = 22
size_y = 22
size_z = 22
energy_range = 9
exhaustiveness = 32
num_modes = 10