center_x = 37.2404074074074
center_y = 55.93807407407407
center_z = 482.4689814814815
size_x = 22
size_y = 22
size_z = 22
energy_range = 9
exhaustiveness = 32
num_modes = 10