center_x = 47.80025641025644
center_y = 55.68042307692309
center_z = 480.1058589743592
size_x = 22
size_y = 22
size_z = 22
energy_range = 9
exhaustiveness = 32
num_modes = 10