center_x = 29.31114399999999
center_y = 56.37827999999998
center_z = 459.482864
size_x = 22
size_y = 22
size_z = 22
energy_range = 9
exhaustiveness = 32
num_modes = 10