center_x = 28.990779069767445
center_y = 73.58868604651163
center_z = 476.99061627906974
size_x = 22
size_y = 22
size_z = 22
energy_range = 9
exhaustiveness = 32
num_modes = 10