center_x = 45.53509923664125
center_y = 69.86484732824431
center_z = 457.4830152671756
size_x = 22
size_y = 22
size_z = 22
energy_range = 9
exhaustiveness = 32
num_modes = 10