center_x = 44.22468656716416
center_y = 57.874253731343295
center_z = 448.0653432835821
size_x = 22
size_y = 22
size_z = 22
energy_range = 9
exhaustiveness = 32
num_modes = 10