center_x = 35.1515641025641
center_y = 73.48106837606842
center_z = 474.17547008547
size_x = 22
size_y = 22
size_z = 22
energy_range = 9
exhaustiveness = 32
num_modes = 10