center_x = -43.57264912280702
center_y = 19.460859649122813
center_z = -35.98953508771929
size_x = 22
size_y = 22
size_z = 22
energy_range = 9
exhaustiveness = 32
num_modes = 10