center_x = -52.60206338028167
center_y = 34.64926056338029
center_z = -26.1168309859155
size_x = 22
size_y = 22
size_z = 22
energy_range = 9
exhaustiveness = 32
num_modes = 10