center_x = -64.82793636363635
center_y = 26.27859545454547
center_z = -26.800568181818186
size_x = 22
size_y = 22
size_z = 22
energy_range = 9
exhaustiveness = 32
num_modes = 10