center_x = -53.13553900709222
center_y = 7.844205673758864
center_z = -25.720312056737587
size_x = 22
size_y = 22
size_z = 22
energy_range = 9
exhaustiveness = 32
num_modes = 10