center_x = -42.78037037037036
center_y = 32.38954320987654
center_z = -36.6645061728395
size_x = 22
size_y = 22
size_z = 22
energy_range = 9
exhaustiveness = 32
num_modes = 10