center_x = -59.02419897959183
center_y = 15.361535714285711
center_z = -33.70742346938775
size_x = 22
size_y = 22
size_z = 22
energy_range = 9
exhaustiveness = 32
num_modes = 10