center_x = -82.87196688741719
center_y = 15.56207947019868
center_z = -20.93808609271524
size_x = 22
size_y = 22
size_z = 22
energy_range = 9
exhaustiveness = 32
num_modes = 10