center_x = -58.182112149532685
center_y = 24.007130841121494
center_z = -27.82327102803737
size_x = 22
size_y = 22
size_z = 22
energy_range = 9
exhaustiveness = 32
num_modes = 10