center_x = -65.62342857142853
center_y = 37.0783116883117
center_z = -28.999311688311717
size_x = 22
size_y = 22
size_z = 22
energy_range = 9
exhaustiveness = 32
num_modes = 10