center_x = -59.30144999999998
center_y = 9.297072222222225
center_z = -21.275338888888875
size_x = 22
size_y = 22
size_z = 22
energy_range = 9
exhaustiveness = 32
num_modes = 10