center_x = -51.34092000000002
center_y = 20.30816800000001
center_z = -29.08526400000001
size_x = 22
size_y = 22
size_z = 22
energy_range = 9
exhaustiveness = 32
num_modes = 10