center_x = -64.92482258064516
center_y = 10.89910483870968
center_z = -22.38250806451612
size_x = 22
size_y = 22
size_z = 22
energy_range = 9
exhaustiveness = 32
num_modes = 10