center_x = -44.24699090909091
center_y = 15.529290909090903
center_z = -13.521154545454552
size_x = 22
size_y = 22
size_z = 22
energy_range = 9
exhaustiveness = 32
num_modes = 10