center_x = -50.92512931034485
center_y = 10.931517241379312
center_z = -19.743344827586206
size_x = 22
size_y = 22
size_z = 22
energy_range = 9
exhaustiveness = 32
num_modes = 10