center_x = -73.62037280701756
center_y = 21.172017543859635
center_z = -38.444719298245616
size_x = 22
size_y = 22
size_z = 22
energy_range = 9
exhaustiveness = 32
num_modes = 10