center_x = -77.46677528089886
center_y = 32.26619662921348
center_z = -27.144174157303368
size_x = 22
size_y = 22
size_z = 22
energy_range = 9
exhaustiveness = 32
num_modes = 10