center_x = -68.35119834710741
center_y = 13.155008264462811
center_z = -35.16123140495868
size_x = 22
size_y = 22
size_z = 22
energy_range = 9
exhaustiveness = 32
num_modes = 10