center_x = -64.26061397058821
center_y = 30.500937500000024
center_z = -21.357099264705862
size_x = 22
size_y = 22
size_z = 22
energy_range = 9
exhaustiveness = 32
num_modes = 10