center_x = 11.876320512820511
center_y = -42.62100000000001
center_z = 0.714525641025642
size_x = 22
size_y = 22
size_z = 22
energy_range = 9
exhaustiveness = 32
num_modes = 10