center_x = -3.077059999999999
center_y = -7.21361
center_z = -5.677170000000002
size_x = 22
size_y = 22
size_z = 22
energy_range = 9
exhaustiveness = 32
num_modes = 10