center_x = 10.525319444444444
center_y = -36.69302083333335
center_z = 5.302076388888889
size_x = 22
size_y = 22
size_z = 22
energy_range = 9
exhaustiveness = 32
num_modes = 10