center_x = 0.7308079999999999
center_y = -31.881920000000008
center_z = -19.543112000000008
size_x = 22
size_y = 22
size_z = 22
energy_range = 9
exhaustiveness = 32
num_modes = 10