center_x = -8.063583892617451
center_y = -26.25991946308724
center_z = 1.9747651006711409
size_x = 22
size_y = 22
size_z = 22
energy_range = 9
exhaustiveness = 32
num_modes = 10