center_x = -25.40896800000001
center_y = -25.57834400000001
center_z = -18.84095200000001
size_x = 22
size_y = 22
size_z = 22
energy_range = 9
exhaustiveness = 32
num_modes = 10