center_x = -22.353651260504197
center_y = -23.67636554621847
center_z = -13.421508403361344
size_x = 22
size_y = 22
size_z = 22
energy_range = 9
exhaustiveness = 32
num_modes = 10