center_x = 15.090626760563378
center_y = -32.85577464788732
center_z = -13.445542253521117
size_x = 22
size_y = 22
size_z = 22
energy_range = 9
exhaustiveness = 32
num_modes = 10