center_x = -8.83816190476191
center_y = -49.87910476190476
center_z = 1.9166476190476192
size_x = 22
size_y = 22
size_z = 22
energy_range = 9
exhaustiveness = 32
num_modes = 10