center_x = -22.843662500000004
center_y = -50.66501249999998
center_z = -32.13144999999999
size_x = 22
size_y = 22
size_z = 22
energy_range = 9
exhaustiveness = 32
num_modes = 10