center_x = -27.6254213836478
center_y = -37.04133333333333
center_z = -8.147358490566038
size_x = 22
size_y = 22
size_z = 22
energy_range = 9
exhaustiveness = 32
num_modes = 10