center_x = 2.239496815286625
center_y = -41.39385987261146
center_z = -0.6581528662420382
size_x = 22
size_y = 22
size_z = 22
energy_range = 9
exhaustiveness = 32
num_modes = 10