center_x = 9.609790476190476
center_y = -18.435323809523805
center_z = -12.965380952380954
size_x = 22
size_y = 22
size_z = 22
energy_range = 9
exhaustiveness = 32
num_modes = 10