center_x = -13.585718309859152
center_y = -51.0229436619718
center_z = -12.416774647887324
size_x = 22
size_y = 22
size_z = 22
energy_range = 9
exhaustiveness = 32
num_modes = 10