center_x = -23.548198795180728
center_y = -44.864240963855416
center_z = -10.921957831325305
size_x = 22
size_y = 22
size_z = 22
energy_range = 9
exhaustiveness = 32
num_modes = 10