center_x = -12.504704761904764
center_y = -47.18429523809522
center_z = -28.110571428571426
size_x = 22
size_y = 22
size_z = 22
energy_range = 9
exhaustiveness = 32
num_modes = 10