center_x = -17.530199999999997
center_y = -53.07367619047616
center_z = -29.51628571428572
size_x = 22
size_y = 22
size_z = 22
energy_range = 9
exhaustiveness = 32
num_modes = 10