center_x = -14.979221374045803
center_y = -20.582145038167937
center_z = -7.645473282442748
size_x = 22
size_y = 22
size_z = 22
energy_range = 9
exhaustiveness = 32
num_modes = 10