center_x = -16.060711111111114
center_y = -31.60587777777778
center_z = -33.34152222222221
size_x = 22
size_y = 22
size_z = 22
energy_range = 9
exhaustiveness = 32
num_modes = 10