center_x = -20.06625
center_y = -46.3892380952381
center_z = -5.480749999999998
size_x = 22
size_y = 22
size_z = 22
energy_range = 9
exhaustiveness = 32
num_modes = 10