center_x = 9.925838509316772
center_y = -19.281285714285712
center_z = -2.943217391304348
size_x = 22
size_y = 22
size_z = 22
energy_range = 9
exhaustiveness = 32
num_modes = 10