center_x = 9.860450000000002
center_y = -30.85200714285713
center_z = 7.202900000000001
size_x = 22
size_y = 22
size_z = 22
energy_range = 9
exhaustiveness = 32
num_modes = 10