center_x = -20.901259259259263
center_y = -51.03508024691359
center_z = -17.80782098765432
size_x = 22
size_y = 22
size_z = 22
energy_range = 9
exhaustiveness = 32
num_modes = 10