center_x = -0.3615689655172406
center_y = -48.479614942528734
center_z = -7.14348275862069
size_x = 22
size_y = 22
size_z = 22
energy_range = 9
exhaustiveness = 32
num_modes = 10