center_x = 18.190239669421494
center_y = -25.057421487603296
center_z = -4.84289256198347
size_x = 22
size_y = 22
size_z = 22
energy_range = 9
exhaustiveness = 32
num_modes = 10