center_x = -4.960744827586206
center_y = -48.59906896551726
center_z = -16.052400000000002
size_x = 22
size_y = 22
size_z = 22
energy_range = 9
exhaustiveness = 32
num_modes = 10