center_x = -15.321737967914435
center_y = -36.08222994652407
center_z = -3.10042780748663
size_x = 22
size_y = 22
size_z = 22
energy_range = 9
exhaustiveness = 32
num_modes = 10