center_x = -7.365720657276991
center_y = -34.42493896713613
center_z = -15.93808920187794
size_x = 22
size_y = 22
size_z = 22
energy_range = 9
exhaustiveness = 32
num_modes = 10