center_x = -16.653731182795696
center_y = -28.47302150537633
center_z = -9.162408602150538
size_x = 22
size_y = 22
size_z = 22
energy_range = 9
exhaustiveness = 32
num_modes = 10