center_x = 2.336875
center_y = -30.417745535714285
center_z = 4.37461607142857
size_x = 22
size_y = 22
size_z = 22
energy_range = 9
exhaustiveness = 32
num_modes = 10