center_x = -19.51192760180996
center_y = -11.46149321266968
center_z = -11.248185520361996
size_x = 22
size_y = 22
size_z = 22
energy_range = 9
exhaustiveness = 32
num_modes = 10