center_x = -12.031285714285715
center_y = 22.436023809523807
center_z = 0.0120952380952383
size_x = 22
size_y = 22
size_z = 22
energy_range = 9
exhaustiveness = 32
num_modes = 10