center_x = -41.79308771929822
center_y = 17.697000000000003
center_z = 12.605210526315794
size_x = 22
size_y = 22
size_z = 22
energy_range = 9
exhaustiveness = 32
num_modes = 10