center_x = -20.3098929254302
center_y = 16.662606118546847
center_z = 15.16967304015296
size_x = 22
size_y = 22
size_z = 22
energy_range = 9
exhaustiveness = 32
num_modes = 10