center_x = -17.630704918032784
center_y = 10.996188524590163
center_z = -4.469016393442621
size_x = 22
size_y = 22
size_z = 22
energy_range = 9
exhaustiveness = 32
num_modes = 10