center_x = -17.010208754208758
center_y = 11.092070707070713
center_z = 19.147599326599337
size_x = 22
size_y = 22
size_z = 22
energy_range = 9
exhaustiveness = 32
num_modes = 10