center_x = -7.109333333333334
center_y = 19.620222222222203
center_z = 4.462254901960785
size_x = 22
size_y = 22
size_z = 22
energy_range = 9
exhaustiveness = 32
num_modes = 10