center_x = -22.64818749999999
center_y = 5.12923611111111
center_z = 8.28575
size_x = 22
size_y = 22
size_z = 22
energy_range = 9
exhaustiveness = 32
num_modes = 10