center_x = -27.93046728971963
center_y = 8.812598130841124
center_z = 26.813448598130844
size_x = 22
size_y = 22
size_z = 22
energy_range = 9
exhaustiveness = 32
num_modes = 10