center_x = -25.6073076923077
center_y = 4.299076923076922
center_z = 21.760440559440557
size_x = 22
size_y = 22
size_z = 22
energy_range = 9
exhaustiveness = 32
num_modes = 10