center_x = -30.23504237288135
center_y = 8.685491525423728
center_z = -0.1989067796610165
size_x = 22
size_y = 22
size_z = 22
energy_range = 9
exhaustiveness = 32
num_modes = 10