center_x = -31.76230434782609
center_y = 24.01071739130436
center_z = 7.403315217391304
size_x = 22
size_y = 22
size_z = 22
energy_range = 9
exhaustiveness = 32
num_modes = 10