center_x = -22.051442307692305
center_y = 25.23944230769231
center_z = 12.918076923076926
size_x = 22
size_y = 22
size_z = 22
energy_range = 9
exhaustiveness = 32
num_modes = 10