center_x = -8.83224691358025
center_y = 2.05962962962963
center_z = 24.38017283950618
size_x = 22
size_y = 22
size_z = 22
energy_range = 9
exhaustiveness = 32
num_modes = 10