center_x = -16.804565104166667
center_y = -1.8151171874999985
center_z = 6.074888020833334
size_x = 22
size_y = 22
size_z = 22
energy_range = 9
exhaustiveness = 32
num_modes = 10