center_x = -9.979553333333335
center_y = -19.215046666666662
center_z = 26.03487333333332
size_x = 22
size_y = 22
size_z = 22
energy_range = 9
exhaustiveness = 32
num_modes = 10