center_x = -24.262301886792446
center_y = 11.7798679245283
center_z = 8.98074842767295
size_x = 22
size_y = 22
size_z = 22
energy_range = 9
exhaustiveness = 32
num_modes = 10