center_x = -2.6202169811320752
center_y = -13.359174528301892
center_z = 12.59246698113208
size_x = 22
size_y = 22
size_z = 22
energy_range = 9
exhaustiveness = 32
num_modes = 10