center_x = -31.883507936507915
center_y = -11.44821428571429
center_z = 14.270888888888884
size_x = 22
size_y = 22
size_z = 22
energy_range = 9
exhaustiveness = 32
num_modes = 10