center_x = -29.839093167701865
center_y = 4.5422857142857085
center_z = 15.385664596273292
size_x = 22
size_y = 22
size_z = 22
energy_range = 9
exhaustiveness = 32
num_modes = 10