center_x = 2.752551724137932
center_y = 8.91471264367816
center_z = 2.720183908045977
size_x = 22
size_y = 22
size_z = 22
energy_range = 9
exhaustiveness = 32
num_modes = 10