center_x = -4.334983333333333
center_y = 6.337255555555556
center_z = -2.267011111111111
size_x = 22
size_y = 22
size_z = 22
energy_range = 9
exhaustiveness = 32
num_modes = 10