center_x = 3.870625000000002
center_y = 1.799434210526316
center_z = 9.417999999999996
size_x = 22
size_y = 22
size_z = 22
energy_range = 9
exhaustiveness = 32
num_modes = 10