center_x = -27.789862745098024
center_y = 4.054816993464047
center_z = 21.425437908496725
size_x = 22
size_y = 22
size_z = 22
energy_range = 9
exhaustiveness = 32
num_modes = 10