center_x = 0.3041574074074074
center_y = -4.230462962962962
center_z = 18.01331481481481
size_x = 22
size_y = 22
size_z = 22
energy_range = 9
exhaustiveness = 32
num_modes = 10