center_x = -4.817210000000001
center_y = -18.96550000000001
center_z = 1.7799600000000009
size_x = 22
size_y = 22
size_z = 22
energy_range = 9
exhaustiveness = 32
num_modes = 10