center_x = -5.058824742268041
center_y = -5.626525773195878
center_z = -3.1711855670103084
size_x = 22
size_y = 22
size_z = 22
energy_range = 9
exhaustiveness = 32
num_modes = 10