center_x = 5.746606837606836
center_y = -0.4569658119658122
center_z = 15.902794871794868
size_x = 22
size_y = 22
size_z = 22
energy_range = 9
exhaustiveness = 32
num_modes = 10