center_x = -9.676369127516775
center_y = -0.5422416107382554
center_z = 13.489706935123047
size_x = 22
size_y = 22
size_z = 22
energy_range = 9
exhaustiveness = 32
num_modes = 10