center_x = -28.945105263157892
center_y = -4.911473684210527
center_z = 26.191644736842097
size_x = 22
size_y = 22
size_z = 22
energy_range = 9
exhaustiveness = 32
num_modes = 10