center_x = -11.554617834394904
center_y = -10.577025477707004
center_z = -1.0462229299363064
size_x = 22
size_y = 22
size_z = 22
energy_range = 9
exhaustiveness = 32
num_modes = 10