center_x = -17.363741626794265
center_y = -45.79548803827753
center_z = -26.002526315789467
size_x = 22
size_y = 22
size_z = 22
energy_range = 9
exhaustiveness = 32
num_modes = 10