center_x = -20.4808622754491
center_y = -11.70463473053892
center_z = -22.30566467065869
size_x = 22
size_y = 22
size_z = 22
energy_range = 9
exhaustiveness = 32
num_modes = 10