center_x = -24.32058947368421
center_y = -13.3534
center_z = -34.12203157894737
size_x = 22
size_y = 22
size_z = 22
energy_range = 9
exhaustiveness = 32
num_modes = 10