center_x = -0.7119141104294473
center_y = -29.509165644171777
center_z = -22.67333128834356
size_x = 22
size_y = 22
size_z = 22
energy_range = 9
exhaustiveness = 32
num_modes = 10