center_x = 0.1853424657534245
center_y = -45.95661643835618
center_z = -31.09598630136987
size_x = 22
size_y = 22
size_z = 22
energy_range = 9
exhaustiveness = 32
num_modes = 10