center_x = -20.022183800623075
center_y = -21.33000934579439
center_z = -19.66154517133956
size_x = 22
size_y = 22
size_z = 22
energy_range = 9
exhaustiveness = 32
num_modes = 10