center_x = -15.068062499999998
center_y = -28.359835937499977
center_z = -38.48869531250001
size_x = 22
size_y = 22
size_z = 22
energy_range = 9
exhaustiveness = 32
num_modes = 10