center_x = -21.7902888888889
center_y = -12.958788888888892
center_z = -38.879644444444445
size_x = 22
size_y = 22
size_z = 22
energy_range = 9
exhaustiveness = 32
num_modes = 10