center_x = -20.32016037735849
center_y = -50.632264150943385
center_z = -31.652160377358484
size_x = 22
size_y = 22
size_z = 22
energy_range = 9
exhaustiveness = 32
num_modes = 10