center_x = -10.76611038961039
center_y = -16.678824675324677
center_z = -37.92849025974024
size_x = 22
size_y = 22
size_z = 22
energy_range = 9
exhaustiveness = 32
num_modes = 10