center_x = -12.44704255319149
center_y = -21.524914893617016
center_z = -10.511297872340426
size_x = 22
size_y = 22
size_z = 22
energy_range = 9
exhaustiveness = 32
num_modes = 10