center_x = -21.09153469387755
center_y = -22.7636775510204
center_z = -32.28701632653061
size_x = 22
size_y = 22
size_z = 22
energy_range = 9
exhaustiveness = 32
num_modes = 10