center_x = -5.861430894308945
center_y = -47.78257723577234
center_z = -36.1890406504065
size_x = 22
size_y = 22
size_z = 22
energy_range = 9
exhaustiveness = 32
num_modes = 10