center_x = -4.334077777777779
center_y = -34.452511111111136
center_z = -18.483688888888896
size_x = 22
size_y = 22
size_z = 22
energy_range = 9
exhaustiveness = 32
num_modes = 10