center_x = -25.60393902439025
center_y = -52.403097560975645
center_z = -32.22530487804877
size_x = 22
size_y = 22
size_z = 22
energy_range = 9
exhaustiveness = 32
num_modes = 10