center_x = -13.34297701149425
center_y = -7.999344827586211
center_z = -14.678091954022982
size_x = 22
size_y = 22
size_z = 22
energy_range = 9
exhaustiveness = 32
num_modes = 10