center_x = -11.250640625
center_y = -44.28503125000002
center_z = -44.07745312499999
size_x = 22
size_y = 22
size_z = 22
energy_range = 9
exhaustiveness = 32
num_modes = 10