center_x = -6.8258508771929804
center_y = -8.190578947368422
center_z = -24.39287719298246
size_x = 22
size_y = 22
size_z = 22
energy_range = 9
exhaustiveness = 32
num_modes = 10