center_x = -18.765393939393945
center_y = -36.89078787878788
center_z = -12.83880303030303
size_x = 22
size_y = 22
size_z = 22
energy_range = 9
exhaustiveness = 32
num_modes = 10