center_x = -13.7620306122449
center_y = 2.693928571428573
center_z = -30.309010204081623
size_x = 22
size_y = 22
size_z = 22
energy_range = 9
exhaustiveness = 32
num_modes = 10