center_x = -28.075429824561414
center_y = -36.79963157894738
center_z = -20.32335964912281
size_x = 22
size_y = 22
size_z = 22
energy_range = 9
exhaustiveness = 32
num_modes = 10