center_x = -4.666329113924051
center_y = -11.437107594936707
center_z = -41.65472784810128
size_x = 22
size_y = 22
size_z = 22
energy_range = 9
exhaustiveness = 32
num_modes = 10