center_x = -10.68923015873016
center_y = -35.431460317460335
center_z = -19.845238095238106
size_x = 22
size_y = 22
size_z = 22
energy_range = 9
exhaustiveness = 32
num_modes = 10