center_x = -11.267523076923082
center_y = -1.9578230769230769
center_z = -34.76766153846155
size_x = 22
size_y = 22
size_z = 22
energy_range = 9
exhaustiveness = 32
num_modes = 10