center_x = -6.018744897959185
center_y = 4.407122448979591
center_z = 20.69693877551021
size_x = 22
size_y = 22
size_z = 22
energy_range = 9
exhaustiveness = 32
num_modes = 10