center_x = -10.721696969696971
center_y = -18.82324242424242
center_z = 3.998636363636362
size_x = 22
size_y = 22
size_z = 22
energy_range = 9
exhaustiveness = 32
num_modes = 10