center_x = -6.4476423357664245
center_y = -13.249693430656936
center_z = 10.209850364963506
size_x = 22
size_y = 22
size_z = 22
energy_range = 9
exhaustiveness = 32
num_modes = 10