center_x = 0.979839285714286
center_y = -20.23622321428573
center_z = 27.498410714285715
size_x = 22
size_y = 22
size_z = 22
energy_range = 9
exhaustiveness = 32
num_modes = 10