center_x = -25.159513513513517
center_y = -8.01163963963964
center_z = 21.310405405405408
size_x = 22
size_y = 22
size_z = 22
energy_range = 9
exhaustiveness = 32
num_modes = 10