center_x = -5.201464646464647
center_y = 0.953535353535354
center_z = 14.902828282828288
size_x = 22
size_y = 22
size_z = 22
energy_range = 9
exhaustiveness = 32
num_modes = 10