center_x = -18.46190625000001
center_y = -21.16441406250001
center_z = 5.4070625
size_x = 22
size_y = 22
size_z = 22
energy_range = 9
exhaustiveness = 32
num_modes = 10