center_x = -1.9348984375
center_y = -23.540062500000005
center_z = 17.06297656250001
size_x = 22
size_y = 22
size_z = 22
energy_range = 9
exhaustiveness = 32
num_modes = 10