center_x = -17.844928270042203
center_y = -5.730738396624473
center_z = 14.984037974683543
size_x = 22
size_y = 22
size_z = 22
energy_range = 9
exhaustiveness = 32
num_modes = 10