center_x = -2.6344230769230776
center_y = -12.865057692307683
center_z = 25.2211076923077
size_x = 22
size_y = 22
size_z = 22
energy_range = 9
exhaustiveness = 32
num_modes = 10