center_x = 112.69163636363636
center_y = 130.34716083916086
center_z = 32.21383916083917
size_x = 22
size_y = 22
size_z = 22
energy_range = 9
exhaustiveness = 32
num_modes = 10