center_x = 118.92911920529808
center_y = 119.17304635761585
center_z = 33.6585629139073
size_x = 22
size_y = 22
size_z = 22
energy_range = 9
exhaustiveness = 32
num_modes = 10