center_x = 152.4964414414415
center_y = 136.41440540540546
center_z = 40.29706306306307
size_x = 22
size_y = 22
size_z = 22
energy_range = 9
exhaustiveness = 32
num_modes = 10