center_x = 136.2507684210526
center_y = 143.06234736842103
center_z = 32.55811578947369
size_x = 22
size_y = 22
size_z = 22
energy_range = 9
exhaustiveness = 32
num_modes = 10