center_x = 138.7757288135593
center_y = 129.7124011299435
center_z = 42.99494915254234
size_x = 22
size_y = 22
size_z = 22
energy_range = 9
exhaustiveness = 32
num_modes = 10