center_x = 140.05709090909096
center_y = 128.29299999999995
center_z = 31.86838383838385
size_x = 22
size_y = 22
size_z = 22
energy_range = 9
exhaustiveness = 32
num_modes = 10