center_x = 148.72805405405413
center_y = 129.27789189189198
center_z = 30.41032432432432
size_x = 22
size_y = 22
size_z = 22
energy_range = 9
exhaustiveness = 32
num_modes = 10