center_x = 124.3110384615384
center_y = 124.21776923076928
center_z = 39.44900427350424
size_x = 22
size_y = 22
size_z = 22
energy_range = 9
exhaustiveness = 32
num_modes = 10