center_x = 145.68591729323308
center_y = 125.64549624060156
center_z = 36.76307518796993
size_x = 22
size_y = 22
size_z = 22
energy_range = 9
exhaustiveness = 32
num_modes = 10