center_x = 149.9579142857143
center_y = 139.70698095238097
center_z = 33.33608571428571
size_x = 22
size_y = 22
size_z = 22
energy_range = 9
exhaustiveness = 32
num_modes = 10