center_x = 145.24540425531913
center_y = 143.50461702127654
center_z = 37.72915957446809
size_x = 22
size_y = 22
size_z = 22
energy_range = 9
exhaustiveness = 32
num_modes = 10