center_x = 139.74353278688528
center_y = 133.15950000000004
center_z = 49.11029508196722
size_x = 22
size_y = 22
size_z = 22
energy_range = 9
exhaustiveness = 32
num_modes = 10