center_x = 98.57447999999998
center_y = 203.300096
center_z = 163.60957599999995
size_x = 22
size_y = 22
size_z = 22
energy_range = 9
exhaustiveness = 32
num_modes = 10