center_x = 138.3330787878789
center_y = 155.37621818181813
center_z = 178.1319333333333
size_x = 22
size_y = 22
size_z = 22
energy_range = 9
exhaustiveness = 32
num_modes = 10