center_x = 80.31528000000002
center_y = 191.7029485714285
center_z = 171.5687485714286
size_x = 22
size_y = 22
size_z = 22
energy_range = 9
exhaustiveness = 32
num_modes = 10