center_x = 141.871068627451
center_y = 177.26723529411765
center_z = 190.3801568627451
size_x = 22
size_y = 22
size_z = 22
energy_range = 9
exhaustiveness = 32
num_modes = 10