center_x = 103.497875
center_y = 188.4717840909091
center_z = 185.84965909090909
size_x = 22
size_y = 22
size_z = 22
energy_range = 9
exhaustiveness = 32
num_modes = 10