center_x = 98.27838509316769
center_y = 172.60770186335404
center_z = 182.1116086956522
size_x = 22
size_y = 22
size_z = 22
energy_range = 9
exhaustiveness = 32
num_modes = 10