center_x = 124.46063043478264
center_y = 150.20113043478256
center_z = 190.23338405797085
size_x = 22
size_y = 22
size_z = 22
energy_range = 9
exhaustiveness = 32
num_modes = 10