center_x = 79.99555357142856
center_y = 167.96528571428578
center_z = 176.48060714285714
size_x = 22
size_y = 22
size_z = 22
energy_range = 9
exhaustiveness = 32
num_modes = 10