center_x = 91.92050232558144
center_y = 164.45434418604643
center_z = 172.83617674418613
size_x = 22
size_y = 22
size_z = 22
energy_range = 9
exhaustiveness = 32
num_modes = 10