center_x = 103.58495327102806
center_y = 146.41995327102805
center_z = 164.48064485981308
size_x = 22
size_y = 22
size_z = 22
energy_range = 9
exhaustiveness = 32
num_modes = 10