center_x = 156.235225
center_y = 150.50226666666666
center_z = 116.43946666666668
size_x = 22
size_y = 22
size_z = 22
energy_range = 9
exhaustiveness = 32
num_modes = 10