center_x = 105.7591287878788
center_y = 200.76845454545452
center_z = 161.7443787878788
size_x = 22
size_y = 22
size_z = 22
energy_range = 9
exhaustiveness = 32
num_modes = 10