center_x = 113.86063546798032
center_y = 185.3182167487686
center_z = 177.29864532019698
size_x = 22
size_y = 22
size_z = 22
energy_range = 9
exhaustiveness = 32
num_modes = 10