center_x = 165.42357589285717
center_y = 148.1787366071428
center_z = 128.77009821428572
size_x = 22
size_y = 22
size_z = 22
energy_range = 9
exhaustiveness = 32
num_modes = 10