center_x = 121.08099
center_y = 173.80382999999998
center_z = 177.81150000000002
size_x = 22
size_y = 22
size_z = 22
energy_range = 9
exhaustiveness = 32
num_modes = 10