center_x = 110.01538679245284
center_y = 201.29439622641505
center_z = 168.71997169811323
size_x = 22
size_y = 22
size_z = 22
energy_range = 9
exhaustiveness = 32
num_modes = 10