center_x = 130.66986138613862
center_y = 138.0818613861386
center_z = 119.43850495049512
size_x = 22
size_y = 22
size_z = 22
energy_range = 9
exhaustiveness = 32
num_modes = 10