center_x = 87.05015
center_y = 191.9919125
center_z = 166.06083750000002
size_x = 22
size_y = 22
size_z = 22
energy_range = 9
exhaustiveness = 32
num_modes = 10