center_x = 100.1977485380117
center_y = 175.2912046783626
center_z = 161.81398830409364
size_x = 22
size_y = 22
size_z = 22
energy_range = 9
exhaustiveness = 32
num_modes = 10