center_x = 127.95521026894866
center_y = 156.041523227384
center_z = 181.9875819070905
size_x = 22
size_y = 22
size_z = 22
energy_range = 9
exhaustiveness = 32
num_modes = 10