center_x = 155.18265986394553
center_y = 161.2037006802722
center_z = 117.60550340136054
size_x = 22
size_y = 22
size_z = 22
energy_range = 9
exhaustiveness = 32
num_modes = 10