center_x = 126.00582580645158
center_y = 132.78341935483874
center_z = 175.99959354838717
size_x = 22
size_y = 22
size_z = 22
energy_range = 9
exhaustiveness = 32
num_modes = 10