center_x = 109.4944430379746
center_y = 145.4720886075949
center_z = 166.34174050632916
size_x = 22
size_y = 22
size_z = 22
energy_range = 9
exhaustiveness = 32
num_modes = 10