center_x = 126.27592655367232
center_y = 144.69728248587566
center_z = 191.70806779661007
size_x = 22
size_y = 22
size_z = 22
energy_range = 9
exhaustiveness = 32
num_modes = 10