center_x = 123.71201276595735
center_y = 137.4757617021277
center_z = 172.0204510638298
size_x = 22
size_y = 22
size_z = 22
energy_range = 9
exhaustiveness = 32
num_modes = 10