center_x = 91.74342857142857
center_y = 153.3236015037594
center_z = 172.89028571428568
size_x = 22
size_y = 22
size_z = 22
energy_range = 9
exhaustiveness = 32
num_modes = 10