center_x = 106.69136363636365
center_y = 184.20844628099175
center_z = 168.9022396694215
size_x = 22
size_y = 22
size_z = 22
energy_range = 9
exhaustiveness = 32
num_modes = 10