center_x = 106.32953953488376
center_y = 160.3713627906977
center_z = 176.07879999999994
size_x = 22
size_y = 22
size_z = 22
energy_range = 9
exhaustiveness = 32
num_modes = 10