center_x = 88.83397457627115
center_y = 191.67835593220343
center_z = 179.48456779661035
size_x = 22
size_y = 22
size_z = 22
energy_range = 9
exhaustiveness = 32
num_modes = 10