center_x = 119.37131547619045
center_y = 131.00343452380952
center_z = 193.40508333333327
size_x = 22
size_y = 22
size_z = 22
energy_range = 9
exhaustiveness = 32
num_modes = 10