center_x = 124.77526213592232
center_y = 154.81845631067958
center_z = 203.2255825242717
size_x = 22
size_y = 22
size_z = 22
energy_range = 9
exhaustiveness = 32
num_modes = 10