center_x = 147.1601257861635
center_y = 150.66718553459123
center_z = 121.1818050314466
size_x = 22
size_y = 22
size_z = 22
energy_range = 9
exhaustiveness = 32
num_modes = 10