center_x = 103.39137804878048
center_y = 140.47768292682932
center_z = 191.8153597560976
size_x = 22
size_y = 22
size_z = 22
energy_range = 9
exhaustiveness = 32
num_modes = 10