center_x = 97.50833823529412
center_y = 188.82416911764707
center_z = 177.3119374999998
size_x = 22
size_y = 22
size_z = 22
energy_range = 9
exhaustiveness = 32
num_modes = 10