center_x = 133.26993636363633
center_y = 178.20808636363634
center_z = 185.8665227272728
size_x = 22
size_y = 22
size_z = 22
energy_range = 9
exhaustiveness = 32
num_modes = 10