center_x = 149.14194736842106
center_y = 154.90355789473685
center_z = 139.35300526315785
size_x = 22
size_y = 22
size_z = 22
energy_range = 9
exhaustiveness = 32
num_modes = 10