center_x = 111.09847457627112
center_y = 196.80737288135597
center_z = 179.40743220338993
size_x = 22
size_y = 22
size_z = 22
energy_range = 9
exhaustiveness = 32
num_modes = 10