center_x = 120.55800000000004
center_y = 163.16956074766352
center_z = 203.4763364485982
size_x = 22
size_y = 22
size_z = 22
energy_range = 9
exhaustiveness = 32
num_modes = 10