center_x = 109.9396641221374
center_y = 193.5843358778625
center_z = 161.2250916030534
size_x = 22
size_y = 22
size_z = 22
energy_range = 9
exhaustiveness = 32
num_modes = 10