center_x = 136.21733757961786
center_y = 167.29211464968154
center_z = 196.13590445859865
size_x = 22
size_y = 22
size_z = 22
energy_range = 9
exhaustiveness = 32
num_modes = 10