center_x = 87.54535051546394
center_y = 181.4728762886598
center_z = 161.98826804123706
size_x = 22
size_y = 22
size_z = 22
energy_range = 9
exhaustiveness = 32
num_modes = 10