center_x = 169.5659090909092
center_y = 153.26981818181815
center_z = 117.4601652892562
size_x = 22
size_y = 22
size_z = 22
energy_range = 9
exhaustiveness = 32
num_modes = 10