center_x = 117.28554629629627
center_y = 169.50919444444438
center_z = 191.6093148148148
size_x = 22
size_y = 22
size_z = 22
energy_range = 9
exhaustiveness = 32
num_modes = 10