center_x = 122.62004901960786
center_y = 132.04237254901963
center_z = 194.287137254902
size_x = 22
size_y = 22
size_z = 22
energy_range = 9
exhaustiveness = 32
num_modes = 10