center_x = 108.00595370370372
center_y = 127.71149074074074
center_z = 182.97438888888888
size_x = 22
size_y = 22
size_z = 22
energy_range = 9
exhaustiveness = 32
num_modes = 10