center_x = 95.54765486725664
center_y = 134.2632477876106
center_z = 169.51294690265487
size_x = 22
size_y = 22
size_z = 22
energy_range = 9
exhaustiveness = 32
num_modes = 10