center_x = 157.54150925925927
center_y = 167.58818518518515
center_z = 132.39953703703702
size_x = 22
size_y = 22
size_z = 22
energy_range = 9
exhaustiveness = 32
num_modes = 10