center_x = 139.72299137931037
center_y = 156.22261206896545
center_z = 141.29076724137937
size_x = 22
size_y = 22
size_z = 22
energy_range = 9
exhaustiveness = 32
num_modes = 10