center_x = 90.13911904761903
center_y = 166.4741428571429
center_z = 167.70797619047616
size_x = 22
size_y = 22
size_z = 22
energy_range = 9
exhaustiveness = 32
num_modes = 10