center_x = 90.83110526315788
center_y = 157.2768888888888
center_z = 178.74294736842103
size_x = 22
size_y = 22
size_z = 22
energy_range = 9
exhaustiveness = 32
num_modes = 10