center_x = 126.1404722222222
center_y = 136.1372944444444
center_z = 181.4673111111111
size_x = 22
size_y = 22
size_z = 22
energy_range = 9
exhaustiveness = 32
num_modes = 10