center_x = 135.25112149532714
center_y = 158.5417663551403
center_z = 183.13169158878492
size_x = 22
size_y = 22
size_z = 22
energy_range = 9
exhaustiveness = 32
num_modes = 10