center_x = 93.92291891891898
center_y = 189.2180432432433
center_z = 166.4568756756756
size_x = 22
size_y = 22
size_z = 22
energy_range = 9
exhaustiveness = 32
num_modes = 10