center_x = 111.10709523809524
center_y = 161.76569047619043
center_z = 168.95338095238088
size_x = 22
size_y = 22
size_z = 22
energy_range = 9
exhaustiveness = 32
num_modes = 10