center_x = 137.35295283018866
center_y = 151.59922641509428
center_z = 156.0120283018868
size_x = 22
size_y = 22
size_z = 22
energy_range = 9
exhaustiveness = 32
num_modes = 10