center_x = 161.38738582677166
center_y = 160.211346456693
center_z = 137.37460629921262
size_x = 22
size_y = 22
size_z = 22
energy_range = 9
exhaustiveness = 32
num_modes = 10