center_x = 137.8504137931034
center_y = 158.96222988505744
center_z = 133.13642528735627
size_x = 22
size_y = 22
size_z = 22
energy_range = 9
exhaustiveness = 32
num_modes = 10