center_x = 123.007365079365
center_y = 141.226619047619
center_z = 121.17272222222232
size_x = 22
size_y = 22
size_z = 22
energy_range = 9
exhaustiveness = 32
num_modes = 10