center_x = 121.64775428571424
center_y = 174.78224571428564
center_z = 191.55902857142863
size_x = 22
size_y = 22
size_z = 22
energy_range = 9
exhaustiveness = 32
num_modes = 10