center_x = 109.33798026315787
center_y = 129.9167302631579
center_z = 172.66561184210522
size_x = 22
size_y = 22
size_z = 22
energy_range = 9
exhaustiveness = 32
num_modes = 10