center_x = 118.61683333333332
center_y = 180.10874242424245
center_z = 180.9080151515151
size_x = 22
size_y = 22
size_z = 22
energy_range = 9
exhaustiveness = 32
num_modes = 10