center_x = 76.31255339805838
center_y = 166.98018042071195
center_z = 182.1460388349515
size_x = 22
size_y = 22
size_z = 22
energy_range = 9
exhaustiveness = 32
num_modes = 10