center_x = 84.69400775193797
center_y = 162.00713565891482
center_z = 177.13839147286814
size_x = 22
size_y = 22
size_z = 22
energy_range = 9
exhaustiveness = 32
num_modes = 10