center_x = 70.24415120967744
center_y = 168.78768749999998
center_z = 177.4482822580645
size_x = 22
size_y = 22
size_z = 22
energy_range = 9
exhaustiveness = 32
num_modes = 10