center_x = 79.92746242774565
center_y = 168.2817514450869
center_z = 175.13042919075164
size_x = 22
size_y = 22
size_z = 22
energy_range = 9
exhaustiveness = 32
num_modes = 10