center_x = 79.94791525423739
center_y = 165.7693644067797
center_z = 197.0657372881355
size_x = 22
size_y = 22
size_z = 22
energy_range = 9
exhaustiveness = 32
num_modes = 10