center_x = 85.8504922279793
center_y = 167.60761658031103
center_z = 182.8577823834196
size_x = 22
size_y = 22
size_z = 22
energy_range = 9
exhaustiveness = 32
num_modes = 10