center_x = 73.82362427184476
center_y = 173.56439223300984
center_z = 180.88203300970864
size_x = 22
size_y = 22
size_z = 22
energy_range = 9
exhaustiveness = 32
num_modes = 10