center_x = 83.44040234375
center_y = 165.75146874999996
center_z = 194.66910937499983
size_x = 22
size_y = 22
size_z = 22
energy_range = 9
exhaustiveness = 32
num_modes = 10