center_x = 84.74818260869563
center_y = 161.82828260869562
center_z = 176.5533652173914
size_x = 22
size_y = 22
size_z = 22
energy_range = 9
exhaustiveness = 32
num_modes = 10