center_x = 77.84428124999995
center_y = 161.4485375
center_z = 189.29461249999991
size_x = 22
size_y = 22
size_z = 22
energy_range = 9
exhaustiveness = 32
num_modes = 10