center_x = 72.75693283582089
center_y = 163.8106791044777
center_z = 177.12069776119392
size_x = 22
size_y = 22
size_z = 22
energy_range = 9
exhaustiveness = 32
num_modes = 10