center_x = 72.20722282608692
center_y = 171.67821739130432
center_z = 167.00038043478258
size_x = 22
size_y = 22
size_z = 22
energy_range = 9
exhaustiveness = 32
num_modes = 10