center_x = 76.8375103092783
center_y = 167.06221391752572
center_z = 183.9836443298969
size_x = 22
size_y = 22
size_z = 22
energy_range = 9
exhaustiveness = 32
num_modes = 10