center_x = 77.1163886010362
center_y = 159.8106787564768
center_z = 167.79602590673585
size_x = 22
size_y = 22
size_z = 22
energy_range = 9
exhaustiveness = 32
num_modes = 10