center_x = 65.9495598591549
center_y = 167.8451725352113
center_z = 169.05669718309858
size_x = 22
size_y = 22
size_z = 22
energy_range = 9
exhaustiveness = 32
num_modes = 10