center_x = 84.69258270676694
center_y = 169.88634210526317
center_z = 188.4162330827068
size_x = 22
size_y = 22
size_z = 22
energy_range = 9
exhaustiveness = 32
num_modes = 10