center_x = 79.92196874999998
center_y = 162.85089375000007
center_z = 197.00759999999997
size_x = 22
size_y = 22
size_z = 22
energy_range = 9
exhaustiveness = 32
num_modes = 10