center_x = 85.53905133079853
center_y = 167.96745627376418
center_z = 185.11363688212933
size_x = 22
size_y = 22
size_z = 22
energy_range = 9
exhaustiveness = 32
num_modes = 10