center_x = 71.55165530303036
center_y = 167.344162878788
center_z = 163.40523863636363
size_x = 22
size_y = 22
size_z = 22
energy_range = 9
exhaustiveness = 32
num_modes = 10