center_x = 78.3186185185185
center_y = 170.9518481481482
center_z = 189.95195185185185
size_x = 22
size_y = 22
size_z = 22
energy_range = 9
exhaustiveness = 32
num_modes = 10