center_x = 71.14005454545456
center_y = 167.95207727272734
center_z = 163.25845454545464
size_x = 22
size_y = 22
size_z = 22
energy_range = 9
exhaustiveness = 32
num_modes = 10