center_x = 81.95470610687019
center_y = 159.31825572519094
center_z = 188.0486984732826
size_x = 22
size_y = 22
size_z = 22
energy_range = 9
exhaustiveness = 32
num_modes = 10