center_x = 86.49791558441565
center_y = 175.22896753246758
center_z = 193.66014935064928
size_x = 22
size_y = 22
size_z = 22
energy_range = 9
exhaustiveness = 32
num_modes = 10