center_x = 81.25147232472317
center_y = 172.20538745387478
center_z = 190.03274169741695
size_x = 22
size_y = 22
size_z = 22
energy_range = 9
exhaustiveness = 32
num_modes = 10