center_x = 66.03233443708612
center_y = 167.09058609271526
center_z = 167.31232119205308
size_x = 22
size_y = 22
size_z = 22
energy_range = 9
exhaustiveness = 32
num_modes = 10