center_x = 77.33151079136691
center_y = 171.26199280575517
center_z = 188.46087410071948
size_x = 22
size_y = 22
size_z = 22
energy_range = 9
exhaustiveness = 32
num_modes = 10