center_x = 88.0067343173432
center_y = 176.2330405904059
center_z = 190.0900590405905
size_x = 22
size_y = 22
size_z = 22
energy_range = 9
exhaustiveness = 32
num_modes = 10