center_x = 82.09749805447477
center_y = 167.73254669260697
center_z = 174.40624708171222
size_x = 22
size_y = 22
size_z = 22
energy_range = 9
exhaustiveness = 32
num_modes = 10