center_x = 74.31437628865977
center_y = 161.99981443298967
center_z = 164.55458762886602
size_x = 22
size_y = 22
size_z = 22
energy_range = 9
exhaustiveness = 32
num_modes = 10