center_x = 83.44040234375002
center_y = 165.75146875
center_z = 194.669109375
size_x = 22
size_y = 22
size_z = 22
energy_range = 9
exhaustiveness = 32
num_modes = 10