center_x = 72.8514831460674
center_y = 59.205455056179794
center_z = 13.32028651685393
size_x = 22
size_y = 22
size_z = 22
energy_range = 9
exhaustiveness = 32
num_modes = 10