center_x = 72.5345434782609
center_y = 62.70242391304346
center_z = 8.18540942028985
size_x = 22
size_y = 22
size_z = 22
energy_range = 9
exhaustiveness = 32
num_modes = 10