center_x = 70.46302214022133
center_y = 54.80340221402212
center_z = 16.95110701107011
size_x = 22
size_y = 22
size_z = 22
energy_range = 9
exhaustiveness = 32
num_modes = 10