center_x = 71.23988461538461
center_y = 62.39953496503495
center_z = 8.800136363636359
size_x = 22
size_y = 22
size_z = 22
energy_range = 9
exhaustiveness = 32
num_modes = 10