center_x = 71.03706041478812
center_y = 56.76226059513078
center_z = 15.960964833183056
size_x = 22
size_y = 22
size_z = 22
energy_range = 9
exhaustiveness = 32
num_modes = 10