center_x = 71.05131297709922
center_y = 53.962801526717584
center_z = 19.23440458015267
size_x = 22
size_y = 22
size_z = 22
energy_range = 9
exhaustiveness = 32
num_modes = 10