center_x = 70.73383003952573
center_y = 55.25605138339921
center_z = 17.23579446640316
size_x = 22
size_y = 22
size_z = 22
energy_range = 9
exhaustiveness = 32
num_modes = 10