center_x = 71.2444829931973
center_y = 64.4850680272109
center_z = 6.399653061224488
size_x = 22
size_y = 22
size_z = 22
energy_range = 9
exhaustiveness = 32
num_modes = 10