center_x = 69.83557046979865
center_y = 53.13806040268457
center_z = 18.13097315436241
size_x = 22
size_y = 22
size_z = 22
energy_range = 9
exhaustiveness = 32
num_modes = 10