center_x = 72.67607563025213
center_y = 62.63604621848741
center_z = 8.286457983193275
size_x = 22
size_y = 22
size_z = 22
energy_range = 9
exhaustiveness = 32
num_modes = 10