center_x = 71.3645436893203
center_y = 66.58778155339805
center_z = 3.8067912621359214
size_x = 22
size_y = 22
size_z = 22
energy_range = 9
exhaustiveness = 32
num_modes = 10