center_x = 73.0796834170854
center_y = 63.33119095477386
center_z = 7.046341708542716
size_x = 22
size_y = 22
size_z = 22
energy_range = 9
exhaustiveness = 32
num_modes = 10