center_x = -34.497626086956515
center_y = -11.767043478260874
center_z = -3.29818260869565
size_x = 22
size_y = 22
size_z = 22
energy_range = 9
exhaustiveness = 32
num_modes = 10