center_x = -21.92057575757576
center_y = -19.859111111111112
center_z = 9.43321212121212
size_x = 22
size_y = 22
size_z = 22
energy_range = 9
exhaustiveness = 32
num_modes = 10