center_x = -25.304385416666666
center_y = -5.231437499999999
center_z = 20.63998958333334
size_x = 22
size_y = 22
size_z = 22
energy_range = 9
exhaustiveness = 32
num_modes = 10