center_x = -22.95813229571985
center_y = -15.178140077821006
center_z = 0.7809961089494168
size_x = 22
size_y = 22
size_z = 22
energy_range = 9
exhaustiveness = 32
num_modes = 10