center_x = -21.18223461538461
center_y = -1.5480846153846148
center_z = -5.436530769230767
size_x = 22
size_y = 22
size_z = 22
energy_range = 9
exhaustiveness = 32
num_modes = 10