center_x = -28.763939655172432
center_y = -2.2083362068965524
center_z = 19.68623275862069
size_x = 22
size_y = 22
size_z = 22
energy_range = 9
exhaustiveness = 32
num_modes = 10