center_x = -12.57120689655172
center_y = -9.420999999999996
center_z = 0.6059137931034485
size_x = 22
size_y = 22
size_z = 22
energy_range = 9
exhaustiveness = 32
num_modes = 10