center_x = -36.259987261146506
center_y = -9.765267515923563
center_z = 8.0895923566879
size_x = 22
size_y = 22
size_z = 22
energy_range = 9
exhaustiveness = 32
num_modes = 10