center_x = -16.69772839506172
center_y = 1.9504444444444435
center_z = 12.160604938271604
size_x = 22
size_y = 22
size_z = 22
energy_range = 9
exhaustiveness = 32
num_modes = 10