center_x = -34.2832077922078
center_y = -11.01881818181818
center_z = -7.443571428571428
size_x = 22
size_y = 22
size_z = 22
energy_range = 9
exhaustiveness = 32
num_modes = 10