center_x = -0.0900795918367343
center_y = -0.6710020408163271
center_z = 2.5555428571428584
size_x = 22
size_y = 22
size_z = 22
energy_range = 9
exhaustiveness = 32
num_modes = 10