center_x = -2.01284126984127
center_y = -4.372650793650794
center_z = -6.29668253968254
size_x = 22
size_y = 22
size_z = 22
energy_range = 9
exhaustiveness = 32
num_modes = 10