center_x = 14.055678260869568
center_y = -1.0675391304347828
center_z = -6.399191304347826
size_x = 22
size_y = 22
size_z = 22
energy_range = 9
exhaustiveness = 32
num_modes = 10