center_x = 4.467645569620253
center_y = -11.587506329113925
center_z = 16.795240506329115
size_x = 22
size_y = 22
size_z = 22
energy_range = 9
exhaustiveness = 32
num_modes = 10