center_x = 7.313638655462182
center_y = 1.106403361344538
center_z = -5.857924369747897
size_x = 22
size_y = 22
size_z = 22
energy_range = 9
exhaustiveness = 32
num_modes = 10