center_x = 16.978223529411764
center_y = 5.903458823529413
center_z = 1.0828823529411769
size_x = 22
size_y = 22
size_z = 22
energy_range = 9
exhaustiveness = 32
num_modes = 10