center_x = 3.9914264705882343
center_y = -11.8365
center_z = 3.592014705882353
size_x = 22
size_y = 22
size_z = 22
energy_range = 9
exhaustiveness = 32
num_modes = 10