center_x = 17.20598689956332
center_y = -6.22837991266376
center_z = 9.91403056768559
size_x = 22
size_y = 22
size_z = 22
energy_range = 9
exhaustiveness = 32
num_modes = 10