center_x = 10.384868217054263
center_y = -10.82164341085272
center_z = -4.967387596899226
size_x = 22
size_y = 22
size_z = 22
energy_range = 9
exhaustiveness = 32
num_modes = 10