center_x = 12.883148648648657
center_y = -4.894641891891893
center_z = 17.21539189189189
size_x = 22
size_y = 22
size_z = 22
energy_range = 9
exhaustiveness = 32
num_modes = 10