center_x = -22.36194999999999
center_y = 11.155212500000005
center_z = 54.98764583333333
size_x = 22
size_y = 22
size_z = 22
energy_range = 9
exhaustiveness = 32
num_modes = 10