center_x = -17.589347457627113
center_y = 30.83715254237288
center_z = 54.626889830508496
size_x = 22
size_y = 22
size_z = 22
energy_range = 9
exhaustiveness = 32
num_modes = 10