center_x = -13.856421383647795
center_y = 21.223641509433968
center_z = 53.08279245283015
size_x = 22
size_y = 22
size_z = 22
energy_range = 9
exhaustiveness = 32
num_modes = 10