center_x = -23.732688442211057
center_y = 15.95888944723617
center_z = 40.50386432160804
size_x = 22
size_y = 22
size_z = 22
energy_range = 9
exhaustiveness = 32
num_modes = 10