center_x = -8.60067889908257
center_y = 12.968495412844035
center_z = 51.01540366972478
size_x = 22
size_y = 22
size_z = 22
energy_range = 9
exhaustiveness = 32
num_modes = 10