center_x = -14.834972222222222
center_y = 21.8315
center_z = 30.96199074074074
size_x = 22
size_y = 22
size_z = 22
energy_range = 9
exhaustiveness = 32
num_modes = 10