center_x = -29.9982445652174
center_y = 34.711065217391294
center_z = 47.34278804347824
size_x = 22
size_y = 22
size_z = 22
energy_range = 9
exhaustiveness = 32
num_modes = 10