center_x = -4.183983050847458
center_y = 29.105432203389828
center_z = 33.21107627118644
size_x = 22
size_y = 22
size_z = 22
energy_range = 9
exhaustiveness = 32
num_modes = 10