center_x = -9.496776785714284
center_y = 21.231294642857144
center_z = 28.920767857142856
size_x = 22
size_y = 22
size_z = 22
energy_range = 9
exhaustiveness = 32
num_modes = 10