center_x = -28.684460176991163
center_y = 18.60062831858407
center_z = 63.28042477876109
size_x = 22
size_y = 22
size_z = 22
energy_range = 9
exhaustiveness = 32
num_modes = 10