center_x = -30.64911764705883
center_y = 30.775102941176478
center_z = 39.85754411764707
size_x = 22
size_y = 22
size_z = 22
energy_range = 9
exhaustiveness = 32
num_modes = 10