center_x = -21.7705671641791
center_y = 39.52650746268659
center_z = 32.82082835820897
size_x = 22
size_y = 22
size_z = 22
energy_range = 9
exhaustiveness = 32
num_modes = 10