center_x = -19.25138793103448
center_y = 28.40749137931035
center_z = 60.69453448275861
size_x = 22
size_y = 22
size_z = 22
energy_range = 9
exhaustiveness = 32
num_modes = 10