center_x = -24.535927272727275
center_y = 24.412199999999995
center_z = 34.11323636363636
size_x = 22
size_y = 22
size_z = 22
energy_range = 9
exhaustiveness = 32
num_modes = 10