center_x = -29.71819776119401
center_y = 21.77795522388061
center_z = 54.556593283582096
size_x = 22
size_y = 22
size_z = 22
energy_range = 9
exhaustiveness = 32
num_modes = 10