center_x = -4.474462686567163
center_y = 24.019932835820896
center_z = 40.335783582089554
size_x = 22
size_y = 22
size_z = 22
energy_range = 9
exhaustiveness = 32
num_modes = 10