center_x = 22.807774647887324
center_y = -0.3609859154929576
center_z = 18.00104225352113
size_x = 22
size_y = 22
size_z = 22
energy_range = 9
exhaustiveness = 32
num_modes = 10