center_x = -5.629375000000003
center_y = 6.636546874999998
center_z = 42.98428125
size_x = 22
size_y = 22
size_z = 22
energy_range = 9
exhaustiveness = 32
num_modes = 10