center_x = 28.45275213675213
center_y = 2.989572649572648
center_z = 13.787341880341886
size_x = 22
size_y = 22
size_z = 22
energy_range = 9
exhaustiveness = 32
num_modes = 10