center_x = 4.950153558052431
center_y = 5.778119850187262
center_z = 32.07614606741572
size_x = 22
size_y = 22
size_z = 22
energy_range = 9
exhaustiveness = 32
num_modes = 10