center_x = 15.9783
center_y = 4.487933333333332
center_z = 9.67847222222222
size_x = 22
size_y = 22
size_z = 22
energy_range = 9
exhaustiveness = 32
num_modes = 10