center_x = 10.153621848739496
center_y = 12.713663865546216
center_z = 40.5715294117647
size_x = 22
size_y = 22
size_z = 22
energy_range = 9
exhaustiveness = 32
num_modes = 10