center_x = -8.766842592592596
center_y = 21.672138888888902
center_z = 40.58103703703704
size_x = 22
size_y = 22
size_z = 22
energy_range = 9
exhaustiveness = 32
num_modes = 10