center_x = 24.708168316831685
center_y = 6.6506732673267335
center_z = 31.5758811881188
size_x = 22
size_y = 22
size_z = 22
energy_range = 9
exhaustiveness = 32
num_modes = 10