center_x = 27.443526595744693
center_y = 14.499505319148945
center_z = 9.416813829787236
size_x = 22
size_y = 22
size_z = 22
energy_range = 9
exhaustiveness = 32
num_modes = 10