center_x = 22.74378181818181
center_y = 23.432236363636363
center_z = 13.517581818181824
size_x = 22
size_y = 22
size_z = 22
energy_range = 9
exhaustiveness = 32
num_modes = 10