center_x = 21.93992993630572
center_y = 5.81988535031847
center_z = -0.0908471337579618
size_x = 22
size_y = 22
size_z = 22
energy_range = 9
exhaustiveness = 32
num_modes = 10