center_x = -3.152726562500001
center_y = 15.3650390625
center_z = 45.0375859375
size_x = 22
size_y = 22
size_z = 22
energy_range = 9
exhaustiveness = 32
num_modes = 10