center_x = 14.752853556485364
center_y = 22.24411297071128
center_z = 18.257677824267784
size_x = 22
size_y = 22
size_z = 22
energy_range = 9
exhaustiveness = 32
num_modes = 10