center_x = 22.915693749999992
center_y = 0.9189625
center_z = 7.863262499999998
size_x = 22
size_y = 22
size_z = 22
energy_range = 9
exhaustiveness = 32
num_modes = 10