center_x = 3.795812857142856
center_y = 14.989665714285724
center_z = 22.09046714285715
size_x = 22
size_y = 22
size_z = 22
energy_range = 9
exhaustiveness = 32
num_modes = 10