center_x = 20.217509868421065
center_y = 15.792980263157894
center_z = 31.978638157894736
size_x = 22
size_y = 22
size_z = 22
energy_range = 9
exhaustiveness = 32
num_modes = 10