center_x = 3.625897959183673
center_y = 5.125357142857144
center_z = 16.581908163265297
size_x = 22
size_y = 22
size_z = 22
energy_range = 9
exhaustiveness = 32
num_modes = 10