center_x = -11.645258706467663
center_y = -10.023850746268655
center_z = 3.0008557213930325
size_x = 22
size_y = 22
size_z = 22
energy_range = 9
exhaustiveness = 32
num_modes = 10