center_x = -0.5680330882352944
center_y = -8.938856617647062
center_z = 1.6400808823529418
size_x = 22
size_y = 22
size_z = 22
energy_range = 9
exhaustiveness = 32
num_modes = 10