center_x = 4.439180392156861
center_y = -8.928217647058826
center_z = 2.459349019607844
size_x = 22
size_y = 22
size_z = 22
energy_range = 9
exhaustiveness = 32
num_modes = 10