center_x = 11.37002150537634
center_y = -10.49052419354839
center_z = 1.4859677419354838
size_x = 22
size_y = 22
size_z = 22
energy_range = 9
exhaustiveness = 32
num_modes = 10