center_x = -2.5221721311475407
center_y = -9.941733606557372
center_z = 1.8081721311475405
size_x = 22
size_y = 22
size_z = 22
energy_range = 9
exhaustiveness = 32
num_modes = 10