center_x = -2.100405555555556
center_y = -9.879661111111115
center_z = 2.6087499999999992
size_x = 22
size_y = 22
size_z = 22
energy_range = 9
exhaustiveness = 32
num_modes = 10