center_x = 2.832612554112553
center_y = -8.86743073593074
center_z = 2.537274891774893
size_x = 22
size_y = 22
size_z = 22
energy_range = 9
exhaustiveness = 32
num_modes = 10