center_x = 3.1382100000000004
center_y = -10.008706000000002
center_z = 2.125772
size_x = 22
size_y = 22
size_z = 22
energy_range = 9
exhaustiveness = 32
num_modes = 10