center_x = 0.1865331125827819
center_y = -8.953986754966879
center_z = 1.612506622516556
size_x = 22
size_y = 22
size_z = 22
energy_range = 9
exhaustiveness = 32
num_modes = 10