center_x = -14.166571428571432
center_y = -9.021793650793647
center_z = 2.6985952380952383
size_x = 22
size_y = 22
size_z = 22
energy_range = 9
exhaustiveness = 32
num_modes = 10