center_x = 13.0621030927835
center_y = -9.504463917525774
center_z = 1.888123711340203
size_x = 22
size_y = 22
size_z = 22
energy_range = 9
exhaustiveness = 32
num_modes = 10