center_x = 1.4414794816414689
center_y = -9.603333693304537
center_z = 2.1839211663066984
size_x = 22
size_y = 22
size_z = 22
energy_range = 9
exhaustiveness = 32
num_modes = 10