center_x = 15.610515151515154
center_y = 15.995959595959592
center_z = 39.92110101010103
size_x = 22
size_y = 22
size_z = 22
energy_range = 9
exhaustiveness = 32
num_modes = 10