center_x = 26.70385443037974
center_y = -4.137107594936712
center_z = 24.55032911392404
size_x = 22
size_y = 22
size_z = 22
energy_range = 9
exhaustiveness = 32
num_modes = 10