center_x = 23.669782178217837
center_y = -8.962188118811882
center_z = 22.76579207920792
size_x = 22
size_y = 22
size_z = 22
energy_range = 9
exhaustiveness = 32
num_modes = 10