center_x = 15.336450000000006
center_y = 10.008864285714282
center_z = 46.86566428571425
size_x = 22
size_y = 22
size_z = 22
energy_range = 9
exhaustiveness = 32
num_modes = 10