center_x = 32.640428571428565
center_y = -7.06169523809524
center_z = 37.59641904761905
size_x = 22
size_y = 22
size_z = 22
energy_range = 9
exhaustiveness = 32
num_modes = 10