center_x = 13.34950406504066
center_y = 15.438447154471548
center_z = 48.26313008130083
size_x = 22
size_y = 22
size_z = 22
energy_range = 9
exhaustiveness = 32
num_modes = 10