center_x = 8.80021582733813
center_y = -33.16557553956833
center_z = -1.5809568345323737
size_x = 22
size_y = 22
size_z = 22
energy_range = 9
exhaustiveness = 32
num_modes = 10