center_x = -0.0105959183673468
center_y = -24.4149551020408
center_z = -3.441485714285715
size_x = 22
size_y = 22
size_z = 22
energy_range = 9
exhaustiveness = 32
num_modes = 10